92291
99316
95519
89454
100016
100034
110645
110474
85796
90166
90305
90273
90736
110391
98083
97845
92003
84781
110584
107889
96530
103302
102558
90744
84831
84879
103126
104166
92367
109432
92485
102107
84859
96566
92278
95199
101872
96459
92370
96448
84838
98262
96616
101312
98252
96954
98369
103958
99638
108850
91064
103149
84776
102484
110387
89602
110002
103337
106239
90419
98787
89592
102509
109652
102106
99682
96049
101332
103352
93240
89607
110560
90475
91040
91000
92275
109726
100932
85809
90940
90183
84883
101868
89436
103508
103324
92405
98357
89601
110020
95760
110444
102065
92397
80297
91046
104183
98080
108765
102504
84792
103939
94244
96047
110561
99558
104040
108732
80315
105081
98154
92307
93360
84806
110381
100982
92735
98811
96557
90393
89431
92443
98234
84843
92389
90657
99784
97868
104577
84871
99688
90742
93576
90474
99991
80272
90186
102108
104031
110559
92325
110562
96688
110524
110558
98370
96592
101334
110637
110463
95339
109547
110413
93305
97970
97916
90717
110497
98246
91771
91250
98785
101101
101778
93579
109427
91896
100314
108727
92808
96532
110008
97833
96670
95536
110218
109581
99993
105418
105070
90690
98691
110479
101769
110556
99386
93577
98411
104038
109879
90908
98852
98671
98375
101763
105077
84780
92381
101974
92327
90438
92481
92394
102717
98087
95560
102568
96439
89425
92983
101323
95572
90945
97870
80263
110041
96103
92790
90970
90759
80412
110647
96627
92184
105075
92363
101925
84786
111200
109829
108974
110605
103058
86911
90203
102817
99384
93297
92796
98833
86703
101325
98759
103338
92183
84874
90971
96936
99417
110507
103491
103477
110628
99421
85797
103503
99485
92992
92292
109718
92225
89508
109572
98074
105376
89526
110649
110646
110564
101811
108963
91086
99283
99549
95474
95771
96674
91153
108769
91028
92372
97825
101327
109568
96548
91077
89433
92080
109494
103472
95830
97112
91013
107901
90941
98267
93084
103162
109555
97816
89445
93469
109914
98834
86704
98976
90738
98338
90811
90269
92510
109486
90881
103332
97813
99454
89571
92690
89566
93206
101119
108770
96672
89599
102094
91018
90735
101362
101102
89610
101346
99522
92504
105066
95225
92296
90439
90763
105898
92311
89464
99044
80273
105558
91035
93202
90784
92075
98363
110563
99242
98670
101802
100119
100359
91042
90596
90834
90561
104413
103173
105048
110565
90773
104774
99567
90933
90528
103538
110636
104496
106774
85673
110979
96606
100059
98401
90937
98644
102773
97753
86707
101979
92173
89591
98975
102738
97850
110987
91997
99886
99970
99821
92760
90931
103120
106095
105545
101154
98414
92469
90814
92313
106441
90823
101988
109531
99470
93327
110566
110546
102763
93583
93226
84791
104234
98483
96845
99942
110252
98329
89572
93314
92784
98235
84801
95641
90936
109628
103888
100699
97016
105134
103169
92812
91038
103412
101503
93182
92741
98645
84778
90272
92793
104233
92771
92018
90394
102299
98265
92773
110024
89486
108734
89451
110478
92708
97930
93278
101153
96544
84767
99562
90815
92171
103309
105083
95242
107305
95514
96109
98693
98801
97155
102090
97471
103319
86908
101884
98832
91023
102479
90249
104278
97851
99312
92710
103830
90293
90805
91259
106404
97154
104235
92791
99576
90990
90787
103207
90762
98800
108913
108072
93281
85798
99317
101749
109586
110493
97384
93556
95498
92744
92794
105535
94970
103303
88521
98431
100088
101739
103485
90167
92756
84774
101989
87895
92848
104583
103304
105097
92753
104015
98443
97912
92237
102994
91076
99054
98098
111303
110468
96597
110410
98728
91292
104420
98784
92260
97969
92792
104418
111304
105079
91200
98319
91027
92339
90480
98886
105589
105428
101805
93296
103368
98758
90259
93069
101991
96462
101848
84869
99564
98939
98005
109532
104227
105463
96626
96442
92746
90939
98449
105315
96065
92849
84861
84850
100160
98320
106204
93268
92375
92806
110418
92701
94884
96636
90461
96637
90733
101694
96531
84853
92740
99284
110523
103959
101588
106261
102045
103197
104025
92513
97967
100085
102454
92073
90949
97968
95477
90547
92338
102475
93301
94890
103471
95529
97232
102478
93043
95700
86906
93051
90855
103400
101683
86905
101784
97890
92168
103568
104056
111305
102052
92787
92188
92063
92493
102029
102523
97501
91855
109096
110627
105179
103488
91078
110822
97022
97846
96573
101709
98255
101266
93054
109706
87185
110403
103647
105028
98382
101571
91150
92319
98398
101330
98421
90997
101267
95494
80261
91820
95577
106047
84779
109570
107318
97242
92323
105946
90398
92264
91211
91172
99842
84814
92755
90265
96521
89386
105461
106042
92754
95503
100784
99419
103342
92187
98412
99556
107313
98347
101734
84785
95480
98386
84768
96641
92318
107057
110825
107311
92320
89438
90919
106464
93257
104232
95900
90169
103708
89380
109781
98387
95491
90471
90418
90256
89516
88886
98082
92789
102720
89522
110633
104444
103394
103707
101339
103163
101787
96661
105457
101725
110545
101551
86912
90468
89188
103006
110023
111301
107372
91033
92377
98249
93075
108995
102007
92288
99923
110644
98166
104021
109639
100097
101271
101738
103420
99825
101341
110589
98474
108781
98327
80312
102457
101282
95017
103470
104024
96453
99001
105958
92374
105005
102714
103938
100726
107054
84875
95062
92788
89466
95243
101343
90630
91998
96589
107053
96506
101576
90411
105525
103033
92300
105906
96612
101340
104177
93568
90711
96454
92434
96466
96596
104354
96685
88045
90841
84773
93325
98476
92634
92409
102514
96662
103054
91271
103014
96642
90530
92412
89612
96456
91268
102465
98202
89589
110096
102005
88904
109660
98440
96445
101903
91159
108755
97372
101642
102022
106617
106342
97090
80270
90709
100681
96677
93352
104628
84895
92763
90206
105757
91080
92309
87719
99822
92952
111236
92321
105404
87933
103495
90197
89385
98162
105407
101736
103462
92811
108665
103507
95209
103946
109780
95247
102730
97156
103954
89434
98203
103196
102489
103493
101347
102447
92281
108946
90476
109648
84897
92322
96686
101846
86907
101265
109571
103188
110475
105473
92217
99418
110630
103917
91014
95620
93172
90780
99990
90229
105803
102729
105805
92401
109860
98004
99150
93081
90165
107766
92252
90459
103380
95216
101720
103183
99320
101286
105804
98007
89428
90835
84839
91761
104932
103977
97473
89419
105405
109439
90626
92257
98254
101909
110232
102032
89476
103155
108666
101948
92005
102437
108984
91934
90750
105465
90897
106132
103176
103709
92340
90785
103325
95501
90830
90786
90535
109198
92743
91360
100444
98368
95214
110183
91932
91270
97822
106093
92236
95488
103125
84800
98674
95476
109575
98057
110801
102930
89586
97921
91358
103542
105098
98426
90822
95596
91269
100032
93429
110571
96472
96508
101899
96655
93085
95367
110207
98006
102962
96533
110184
84771
92280
103203
92312
108772
84783
110554
110424
110114
105902
108273
94889
99328
90846
101533
106727
106351
110231
96450
98184
95210
96665
104783
109207
102495
87197
103048
104167
97861
92818
100413
109657
102570
91803
97826
103486
110788
90751
101519
96825
98360
103322
104643
110600
90595
103240
90312
95670
109529
92395
109484
95611
110581
105541
92937
91075
85803
104417
101337
101729
104033
102515
105907
106330
92757
98008
92730
98129
90886
105903
89528
109584
102448
101754
99538
96443
103734
110480
110555
99669
98423
110239
110632
99318
98385
101752
91824
108801
90271
92234
88261
90421
102292
100251
101361
90482
96542
89421
89584
87481
98003
109880
92314
102474
101748
96170
96643
97849
97809
110467
84889
110409
90837
110494
96609
103927
97738
92396
89478
90379
84855
110515
84808
98436
99924
97429
92422
102562
99967
101538
93585
105032
109506
109197
92125
91135
110438
93481
89574
103245
108726
85800
104778
101894
92822
109106
110643
95704
96928
97859
90276
90529
85766
105187
96826
96560
98378
95517
100089
102020
96931
101572
96206
106424
89384
103956
101855
96257
101885
104571
103139
95512
97847
109859
110247
96556
107486
95215
106615
110999
91904
111001
105454
92209
108230
94886
111000
94968
91154
110503
104364
111004
98389
102054
95554
111003
103132
97894
102557
103502
103536
90992
104780
80326
111006
97873
96486
104404
96415
89422
99805
103166
105822
96467
105835
99519
110454
85794
100005
104395
94245
94250
85792
90384
97855
108594
87187
109488
99601
89383
110429
104063
101166
89490
110399
103377
98836
103194
110487
105403
87330
96622
101757
89491
96554
107268
97052
104023
90503
101058
91004
96649
104011
105536
103402
96509
89157
105423
99275
100335
94788
92166
85080
95552
103836
98779
96790
98812
85827
104627
87549
107345
88695
95493
102927
101957
99520
86033
89387
96540
106269
80364
97377
108894
107344
90960
98036
89578
110435
106135
88903
96551
92704
91005
101522
95828
101866
91847
105739
110530
105386
89527
92516
104396
102059
101584
108010
102004
90359
103330
101554
100094
98383
85128
108737
98810
99521
89488
101192
90870
102294
94742
96153
103364
98497
105566
101849
110084
94233
110634
97725
98444
106292
90360
95489
104050
95694
97974
97448
94743
101851
106766
101864
103128
101189
102882
89409
106481
97971
90405
103540
94758
98729
90318
92857
99378
90404
108878
104351
102798
104188
90234
96874
98985
106446
92733
98090
101415
85779
111153
99377
110804
93086
97111
93169
101191
96545
90712
87901
93180
104580
110815
97972
110617
95702
93544
85649
104340
87270
110522
92230
88616
103640
89595
100667
95487
95384
90952
92707
110787
92332
98394
103813
103178
98376
84796
90854
103102
103305
101882
84837
91043
101055
99189
92330
101569
99497
94246
105163
110400
106468
100026
96630
90584
109680
92705
97376
91173
104824
104010
91220
92569
90954
96460
90883
96464
100591
111230
103071
89471
98120
89564
105587
109107
98464
105846
101453
98730
102511
95705
98540
90847
101564
89443
111402
110502
87950
96841
103190
92031
101844
95614
104343
99444
90171
92185
99851
103463
98685
110553
101634
106152
105299
104414
109837
96692
92060
98702
110251
89088
85855
93217
95055
103314
102669
101104
109440
98679
103218
103970
91341
89597
106043
102851
103249
101910
102831
90223
90248
105119
99995
109823
90392
99999
97503
91142
99887
90173
110611
95044
105125
87234
90177
110196
95806
93174
96816
104029
103161
101843
110450
90721
95475
101715
91980
111027
90986
91127
103999
90408
95505
101913
85807
103574
103362
106483
102902
92204
109915
111322
93198
92473
84876
91965
92384
109127
96066
90943
110415
96525
97468
91141
104656
91963
110236
102527
105089
101297
98253
90766
91101
102858
97854
91966
98797
98256
105166
109126
106271
84887
96317
101774
91290
100384
91008
102823
101773
105176
103712
97909
101772
97134
109464
104401
90310
105938
89086
96693
110496
104236
104657
103766
104629
111350
104238
99315
97823
90313
110430
92451
89609
100617
85854
102041
102494
110540
89450
107583
103191
94905
102561
105475
103446
99568
92491
109826
90951
109511
92315
96318
96503
103124
89548
101760
96808
103350
92279
105690
90976
92251
91009
92674
97768
89430
92488
91144
96843
103985
98044
97033
89381
104018
96483
110433
80462
90749
103510
90825
91062
96844
110547
90508
109622
104345
90760
89582
92420
96561
99798
107241
111079
101626
92509
104776
99277
90306
104016
105568
98328
101495
92083
90977
110933
87955
98673
96536
110943
104390
110938
89536
80370
103192
87956
103307
98672
106473
103025
109838
103955
103571
90714
90254
103504
96667
101628
92303
89611
109470
110791
102534
92223
104641
97455
99299
98805
109896
99020
89379
100093
89573
92302
92295
107251
87119
92172
111080
100121
110389
92186
89459
92220
102429
105959
99313
95437
91890
110026
91253
97399
95965
90746
90264
105954
101926
102039
99863
97814
109517
92224
102732
92424
85945
102690
110390
98802
80342
109472
109629
95222
90727
85845
103133
91111
98856
110370
95525
93572
93543
102822
98259
103581
91123
97227
93545
110574
102821
93143
104695
89457
104691
96624
96471
104687
98017
98251
95239
90389
98379
89461
99554
105201
91036
91976
95484
99548
90777
90422
96441
106495
101826
105928
102459
95196
93044
90866
95504
85664
92210
92221
100646
103193
105924
92810
101625
103924
103479
104642
97840
105199
102931
105932
96044
104584
90629
109577
96634
95766
106356
95798
90501
100028
91067
87093
100033
104409
95801
98215
104398
96501
92211
103381
99023
91347
96543
101648
103496
109835
98263
99033
102826
93192
96507
90710
110383
97987
104631
103336
102492
96029
107485
96668
92376
101566
90326
102531
96476
102916
101545
105106
103497
92378
91068
105122
85811
101761
96469
96538
105189
95549
92483
103489
92310
96951
84868
90788
99890
91331
104165
102790
90893
91229
98355
85810
95802
92274
99021
103919
100515
103011
110578
101016
102034
104660
99998
92722
92180
95800
110803
102481
109573
96312
95799
101333
96046
97157
90456
92294
102289
110010
95061
97391
90934
96311
109426
103335
91798
96258
90507
90247
101212
90522
103675
109894
101140
102653
101342
102682
102741
109447
97818
92520
105871
100054
93524
88897
91190
99157
109633
92508
102938
96607
90864
90207
101496
101976
101068
85738
90935
104514
92015
110528
89447
110692
104402
102522
92809
97852
92056
98663
90568
84834
101726
107913
111233
85808
102510
98665
99565
96487
102524
102518
109783
90900
84860
90278
99095
109458
95758
91262
90448
88591
92214
95497
101977
87557
102118
84851
97355
92065
104412
95947
105540
103936
109681
96535
92452
92304
97884
92807
105020
93200
92261
101767
85736
89577
101949
102512
105837
104019
84823
103088
95499
96598
85817
100991
91016
96458
90231
85647
99077
90718
101766
92390
111258
97241
105522
99797
89604
96120
97438
97922
102731
103399
91221
97020
89594
104293
101336
93194
110498
99587
96716
97844
96903
87321
102995
102472
105506
97015
110806
109844
91049
99022
105358
102756
92477
85178
103499
101602
109341
104696
109755
98010
98019
85804
93326
99627
100063
104692
92533
109615
92433
92190
87616
97296
92193
97014
96863
102435
95535
90926
87612
110531
104037
101721
99975
110856
102505
100095
99989
90416
110863
97677
100565
92435
110865
102825
101984
102789
110019
108675
101490
98322
99969
101505
110648
106401
90232
94796
90821
91951
92216
92212
91206
84872
93354
97777
92213
95664
110513
110808
104045
93351
106399
92499
103909
91047
110221
109637
109460
104353
105529
89538
99295
110861
97882
84870
91207
106241
91089
92436
99591
90409
90258
99986
96491
92831
85780
105686
102722
105682
89515
103118
104181
109542
100014
98490
101314
110857
109579
87931
91151
92867
110848
111140
99844
104573
90390
95587
97390
103555
100077
93584
87556
95508
91143
90999
91210
91205
85805
80416
92369
92802
109489
110372
96504
90275
102856
110851
91203
98853
95043
93121
96100
95822
92813
96438
99828
99563
102709
109514
96259
104407
110055
97684
96546
95698
104301
102721
103077
104226
96502
110860
98537
96510
96511
103075
103068
96455
101946
96470
92835
95047
92258
110852
101942
92410
102501
96515
90901
109878
102935
102560
104223
101497
110864
95221
103009
100656
95773
103130
103940
102430
96306
90465
98117
96304
92889
90341
101201
101200
92196
96676
98362
100098
93152
89518
101743
101546
96654
110805
103189
91162
92954
92446
97923
92393
104397
99988
90201
89505
93214
93148
95495
92467
98337
93135
103067
92495
109668
93019
101747
92924
96520
91034
96631
103312
100102
99585
92253
89565
93162
110847
95599
95697
90953
91247
92368
92821
99848
109515
107464
98361
109842
85765
95567
100041
87823
96498
101746
103079
89521
99968
95502
90322
101331
100679
110427
101498
100975
106453
93304
103387
90300
110121
84864
98311
96860
96652
97100
105763
110858
110201
107329
92351
99793
99217
109722
107470
103837
101793
110844
92243
92500
99807
108334
103664
102762
101740
101517
100240
103200
96723
93307
98102
103953
95516
97132
111388
90355
105873
103458
101775
103318
102942
102446
84799
92391
89467
102859
93072
110846
84822
80403
103660
92425
86909
92299
100961
102284
111360
109719
101908
110486
104053
95453
97920
97835
85867
96188
99469
104173
110517
102445
97458
96481
100071
101906
95706
104914
91037
103996
90315
95660
94895
98969
103832
96213
110849
102854
110631
110640
104626
85115
104352
100328
98885
85114
100103
93191
91274
98472
106459
96595
105491
84802
89087
110629
102439
100689
90466
90813
103710
89406
96080
102300
91921
96083
89514
93335
109684
91243
106475
101644
89504
90304
102888
97228
97857
84825
89590
97059
104917
97903
100349
90261
100052
91769
97867
103137
106485
101713
91256
108336
97406
96712
96220
99699
103151
90362
96480
98796
110845
110388
89172
107953
109686
86188
96182
102044
97561
105029
92976
110810
107867
110796
103142
89458
104723
90417
105090
100029
92497
102777
104013
107605
89455
101300
90819
106594
103219
90903
110809
110416
90406
99683
109606
90196
110270
108743
110185
95757
92276
107323
110850
91122
97973
91355
110635
90299
103474
97744
109530
102804
110862
110481
92834
106394
109873
103098
98760
92263
110083
98400
108749
92512
106894
92873
107873
90440
110853
95787
89530
110219
108331
104946
98409
107304
110807
98748
108821
110867
96605
110542
101759
96618
99294
100164
108893
99815
85081
110015
110624
107677
95020
97708
89580
105424
93476
101744
103711
103326
96700
102832
110855
100922
110577
104074
110217
104039
98447
99997
98121
104047
100674
99297
96702
104055
110811
110200
102981
106733
110854
111002
110532
85177
109853
90938
101348
93216
87159
103714
110609
92431
90916
99116
92713
96664
96650
91041
101952
93020
92266
90909
89462
93292
103537
93190
91045
98354
98736
109553
99803
110518
97453
109546
99857
96743
97212
98908
96628
104196
92637
102655
109728
110527
90274
90303
104582
96645
95019
89427
90350
110813
89600
98088
99026
90791
101799
110638
100081
107732
97975
93527
110641
100621
109433
99836
102048
106407
108687
102520
108915
108595
109450
104586
90330
92953
107124
92944
107706
96604
103869
105755
91145
98280
92445
96064
102293
110032
103492
90230
102802
110491
98903
106350
98642
86189
95551
91146
105617
104287
90606
109667
104338
108445
99168
101468
102699
90752
96381
97404
92429
101345
99396
84784
101878
102863
98541
93343
90803
110029
90868
110549
90287
107358
101590
98366
100007
94976
92021
80414
97447
110785
107148
98532
85650
110245
100090
100357
102485
90993
97778
110798
98872
102092
108712
88894
96446
86706
93061
100037
96050
110394
104026
110789
108854
99028
96482
103727
107980
92527
108151
102473
97284
109510
108322
97637
95540
98714
89525
101432
103205
98069
108124
91910
108948
101338
92198
90921
98905
96866
98051
93016
90845
101561
90569
101469
97403
89423
103914
92833
98854
96803
105951
92297
108786
92298
98894
95202
100002
101542
110586
95922
84884
106982
103383
90298
97625
103179
95025
101562
90972
103413
91218
102873
95701
89533
89378
89519
110587
90732
110037
105711
106097
104777
90920
102114
100101
101912
101534
98344
90885
92222
105730
97182
96653
103415
95228
91244
91308
89568
101484
104405
84890
105035
95237
97787
103167
99974
97596
91352
91812
90959
95944
98201
110005
99049
99792
90586
101273
102440
103853
110786
90715
90889
107665
110790
110794
102456
97879
109587
92748
98133
91811
98065
106480
84789
101313
98507
93283
98984
106456
107402
110782
110639
91021
97124
90397
104069
99029
110457
107246
106463
110783
110792
98180
102291
94961
92438
97839
84782
88086
100781
98096
98130
102881
97243
90873
96660
102654
96444
107296
102056
97158
93530
84769
98855
110212
101096
102904
104087
98430
89441
102879
108730
85847
100114
110537
107437
84819
102075
98247
108215
103070
85675
101930
104061
95558
89412
108767
98179
110192
91992
109724
87646
97397
96735
97829
105378
105539
102878
93269
100602
90327
105899
95385
100044
93478
91958
101781
92470
103679
98427
110795
85737
101827
99539
101828
101520
84795
95023
91152
102903
103256
107844
103187
89468
93356
104688
104736
100239
98084
97244
90925
89569
92324
104282
90308
97183
99937
96564
110793
110202
110103
102491
101100
98916
95383
89465
98502
98103
90307
92635
98131
96659
110597
99973
109000
90414
93546
110101
96681
104350
109213
90524
104283
91157
107403
110583
97985
97991
101902
98169
101960
90795
103529
92689
101973
103153
88885
90761
98851
105704
100107
97820
105583
107544
105406
90974
110797
99859
98021
91789
96172
98761
97924
90320
101653
104044
107543
91115
102880
98579
101937
93412
95562
110625
96639
99076
107330
110814
110063
97392
110483
109700
99546
93551
101706
90808
90810
90809
98616
110642
96570
84807
108356
98581
101692
103064
101911
99337
92262
101820
89608
103631
108951
99334
104387
89382
101796
104585
89596
107839
110802
102062
97203
107261
98692
101850
101620
98264
108487
103270
107263
110602
100285
101762
98816
102928
93554
84797
102530
90423
95990
99056
110364
103111
99149
96929
104950
96930
97828
94839
91065
100254
96539
92360
101845
97877
99553
102816
101881
97860
94969
96635
97285
99980
98707
92709
99196
96809
95026
105295
105561
96139
107325
104394
102742
91022
101556
92936
92838
92814
101540
93479
85665
95541
110025
100607
99708
84770
84790
99084
93486
103023
97927
98647
90172
110529
96657
101847
99083
91108
97929
94954
98959
104587
108890
103613
110552
99633
97375
98052
101741
99729
98429
90291
101951
105442
96651
100480
98863
105387
91911
93414
99850
91109
98045
96986
109696
98089
93261
98695
92371
99550
96574
90944
95902
101141
101069
87613
91937
99855
107906
105007
102769
96614
111254
111340
92170
90757
97233
109640
107334
108771
110516
101587
91984
109892
104169
101574
85814
92529
101943
105483
107108
90296
109220
109866
101915
108348
102067
90294
102063
92033
103469
85161
109219
97910
102058
102061
110575
90978
111120
104543
98124
93108
90894
98115
103967
97402
90380
97426
110557
110812
92519
92379
104168
110257
85648
100411
110040
90731
111021
90726
101594
106426
104605
91922
110039
90240
106180
104237
106428
111182
104704
85813
87120
106425
103619
85815
85806
102068
102071
102084
106142
92997
103602
110393
102073
102080
102079
102082
102077
96621
92404
104489
111378
91010
95338
108739
106196
102064
111375
107276
102749
102057
91031
102060
111370
90242
102085
102083
102066
90324
105107
103328
102081
89539
101190
84866
102076
96629
102078
102070
102074
102072
102069
104205
85802
101318
111366
93291
101321
102483
99603
97104
80382
111355
95249
101869
104411
109498
102671
109561
90182
95511
107310
93215
109717
111347
111344
111351
97077
99840
103138
89215
92229
100003
103528
101969
91107
97080
111160
98610
85235
96601
92079
100009
109636
96489
96731
103671
101575
97138
102905
92356
99413
106984
105030
90426
91160
97102
98035
111191
111078
92317
95506
88833
88707
111338
100064
102477
98420
110505
102036
97069
102009
107853
98619
103512
100008
98331
95522
110408
102872
103000
85666
102911
102038
96211
95668
102116
101608
96212
98654
90888
98765
93411
98076
107852
90435
85935
111335
98068
110001
110414
101095
100012
107242
92476
91139
84867
102755
100027
108355
109877
110626
92293
101723
92478
99537
96785
105700
98123
104036
99365
95241
100039
88782
109499
103373
98469
103222
101808
104337
92045
84836
99536
88519
103175
91935
98345
90413
105380
108346
109502
100073
94253
90734
98073
90924
98442
97128
95539
98513
110439
110536
107075
91876
92232
91999
99092
101097
102025
103814
91940
98358
101898
102815
98313
98072
95615
107840
88713
103945
110506
104214
108976
98078
102908
103505
101900
99499
111161
103925
97941
98771
91949
102556
97940
88887
95485
105159
105216
92268
106166
92328
108332
102920
110499
101560
99395
85722
104939
91894
104164
86701
106161
96835
92494
100839
99926
109607
104246
98324
102023
96492
108782
93509
98030
91919
89405
101518
110448
103017
105172
110535
102774
84832
109469
91917
110211
101687
108742
104204
102000
97743
92466
92346
91132
104186
92531
110514
96802
105377
95496
99853
99435
95557
101176
92749
93533
104569
101624
93126
90956
96578
110213
89485
101304
96969
98518
92020
102660
101324
101487
101968
110541
107958
106096
103875
104209
90204
92759
109288
92029
106389
110250
109456
99572
92758
99108
105101
95479
102977
99761
103969
98515
102098
107957
102486
101559
87044
109522
98163
95618
97019
90180
98495
88525
100072
99436
101120
105192
107204
95226
103353
101063
108792
84846
101508
92006
102623
104576
95340
85182
103417
107842
98108
98140
107841
99951
85181
103416
89417
102943
89018
85932
91291
110369
104355
103637
98104
100075
90236
91188
98177
100067
98794
99948
99578
99574
92359
93255
98795
103214
89487
103140
99874
92975
91231
102493
92885
85767
99569
102285
93294
99612
90713
107591
99582
91273
98189
92025
104438
99119
92366
96862
99343
97463
109782
103016
103877
89413
108817
110932
108287
95336
107966
98415
107390
109441
98325
100120
92514
100135
99812
103957
107389
99571
92829
110935
95533
93244
102726
104463
91264
96675
97388
101365
92038
97866
105844
101860
101527
110339
97382
97354
84893
101853
93024
105198
96752
92000
99912
90436
103769
97353
105836
109695
100055
95220
101511
101876
90431
97120
98468
98452
108738
100315
92836
109830
90454
109650
93303
90239
106474
95194
93298
102670
109698
102652
98453
100122
97979
96552
102754
100022
100158
101892
98424
96440
108949
90434
108457
97982
98465
102934
104651
92402
108455
89429
98417
101643
91927
85783
93056
91945
99185
109693
103482
101883
102692
90311
100132
101861
108436
90457
96505
100046
93049
106145
103202
91920
89560
110238
94902
98475
95530
101770
108964
106139
110550
106137
106140
98481
104817
106282
101938
103365
97897
98487
92613
91840
92087
90800
96274
96122
101167
92039
109583
90801
108723
102664
103223
96167
98470
98488
104579
95523
105455
96603
89517
98491
95625
90428
98342
104999
98194
84848
95610
101544
104646
110585
106501
95030
105459
92772
98333
109672
103221
97504
109661
92343
110604
84856
106511
92203
93425
106507
103703
106493
92357
101523
109906
100521
101168
106666
108347
90213
106498
99552
90395
95738
106491
96478
98864
98636
98948
89388
98681
108369
98456
96608
105977
108391
86185
98395
97830
109209
87286
105777
101017
95404
97113
95829
103141
98428
110206
102563
100668
86914
110216
110204
89529
98183
99224
95866
98391
92437
108774
85321
99091
90472
94858
99158
102906
98441
104884
107880
92840
99818
99837
109665
106445
102874
104259
91084
111067
106246
111085
98478
96522
92195
106439
111097
96749
102195
90420
95060
104125
88854
103367
92194
111066
102939
98350
100375
90743
96519
105919
95598
96876
103715
104220
96584
106244
100013
92403
110004
111188
96516
96760
90498
97799
92423
98416
101654
98063
109671
99730
89448
104093
111245
98482
102708
90385
96151
96523
98310
102899
90354
99376
99849
110991
76515
102885
96468
96518
110992
101671
96591
102053
98462
91138
91113
109705
110980
101507
98158
104170
98701
107626
98788
99950
99456
110978
98646
96402
103313
107868
95445
98480
111263
111257
110538
88420
106755
97418
96911
107967
111068
98451
90458
108778
106983
97419
102753
103136
104966
96524
107306
102830
109632
111083
89442
90531
97441
94887
101524
97842
111251
91099
109075
90187
109412
87200
95360
98396
103642
103895
108954
96600
107017
100045
87199
91898
102450
104408
109856
110573
90892
96768
103635
102683
99987
96648
103629
94964
89424
102716
108296
101301
107956
103097
107954
108125
90253
99336
92958
98172
92956
103347
102684
91254
101755
110059
92472
98219
95442
102813
93357
90266
107450
107326
105016
93083
92329
87597
107328
93589
106347
107309
90817
102467
102734
98371
99477
80336
97371
98460
93566
92523
102737
105585
99734
92775
89036
100493
105419
98015
95832
99686
98012
99573
110062
97551
101504
99385
95235
90985
110592
99486
101368
99551
98837
101999
98094
92335
100615
92383
109493
106345
97685
100353
96208
110422
102678
96851
96861
109306
93311
102040
93582
89411
101393
101359
89414
98318
98116
93564
102907
102677
100899
96855
97416
102745
107871
88285
92719
99311
104957
102806
98763
110007
92865
99971
109569
100547
100004
92226
97843
91345
102853
91074
93334
87317
89206
89544
90899
98034
99420
104284
107874
87539
80290
110243
101374
102827
98520
100133
84804
98260
107876
89553
90774
109459
95219
111262
95238
92326
104285
102824
107872
90958
110603
111410
99902
100138
98207
102988
95674
98676
97099
95542
111302
99514
110925
110363
109647
95344
104295
97096
109479
89472
97863
110458
104792
80335
97379
100092
90748
100087
102676
92050
91263
103590
104790
92233
92365
92387
90851
92525
96842
97874
92441
103135
90772
101515
85948
108750
109635
97907
105692
108733
91061
102688
100327
90255
98686
104288
101652
105181
89474
94942
108045
99347
98473
88174
96549
108060
110596
98125
96092
99319
109864
104666
99502
101638
101064
98435
95526
108853
100397
90455
107461
100191
89556
107084
109845
95728
108442
103992
95378
106068
97925
103475
106353
95733
103298
95441
92042
101586
88269
109727
105278
96436
108358
96423
108776
105594
91073
105793
89475
101962
87345
100182
109559
110057
108981
96133
98479
107727
100329
92364
98438
92385
96298
104299
107593
103442
92816
92353
107452
97147
97862
101717
100552
96475
97350
90515
91209
88615
107256
101956
99188
95478
90968
107462
97078
99895
111371
96216
98529
111373
96590
96906
110209
97939
99833
95621
111405
103344
103246
105026
103772
111323
99984
110742
90270
107603
101149
103667
110548
95232
96610
100555
109690
89420
85947
102502
98874
107445
91156
92920
85134
89585
103500
92511
110028
91295
95755
105570
102049
97819
97449
99120
99226
108875
95914
90295
92522
104012
109865
99826
93348
100540
84821
98687
110382
103718
104773
99600
101521
102940
102701
105437
100604
94945
96053
103363
96171
106091
99467
107968
101335
101528
92995
85676
90396
101284
95813
105200
108553
99994
101857
109831
99243
105851
109585
99764
97661
111376
95770
100702
111382
89579
103451
90427
96135
97121
106383
101103
95208
98059
102719
100457
93060
99630
111386
92465
95763
102953
95492
97698
108768
97122
102638
93013
100734
91357
107728
84849
101283
98753
98927
91711
110615
107726
97046
89561
97688
111394
111391
100460
89493
111396
91251
100739
95635
96485
91165
100728
101980
99043
110377
106055
105817
98418
92163
92498
111400
106045
111407
103114
99037
97086
90445
95901
89583
89570
98062
100015
92228
101927
96680
101887
92475
92197
104122
102458
99303
106094
99301
101731
103113
103481
98388
92316
102468
99795
102672
93328
102286
107881
97772
85730
104755
110013
108987
96567
101859
102461
86910
108872
91020
111393
100147
92506
109708
90228
110014
104179
108848
99126
102027
103594
104926
103035
104498
110866
99296
109478
99498
89550
101535
97848
106071
90965
101950
109437
103849
90301
94971
103466
92175
93295
101627
97577
90802
110619
92711
93520
99055
108901
97415
99555
93522
90209
111255
90188
99561
106551
102648
96880
96733
109836
93109
89532
87984
103321
98749
84798
98445
101877
91316
85164
101684
98750
90184
103677
104954
101889
100844
104103
103018
100079
103213
85729
96972
103773
102088
105108
111359
91277
103204
102507
102567
107930
110412
103770
90314
105087
97161
111362
104072
98330
97164
96403
106344
110086
92824
110342
97234
97500
98680
92167
102109
91356
85674
101673
92455
103840
85946
102621
108919
102104
100303
110582
104581
102050
97142
111309
90473
91161
101996
101785
100993
95473
102659
104391
101972
103560
110521
91260
90407
85659
101543
101712
111294
89208
103633
100076
97547
103859
90444
99285
108944
104088
93353
97609
91342
109528
110189
108728
89495
91257
102990
90789
100156
111390
100560
103248
99364
109875
103890
99864
99748
97389
92484
102055
98508
98367
108453
98257
93404
98517
97769
93402
106321
103043
104182
104725
95571
103127
98539
104393
103333
104672
101819
101277
91759
97893
91085
109237
105076
102021
98544
101730
101817
104034
95586
92941
110254
97521
110504
98197
106672
99267
105693
110456
95575
102960
93396
95844
93103
99589
100393
95986
110462
85834
100727
90260
98525
100456
93438
110440
100669
101161
104568
90233
108493
93515
105456
99468
101711
102965
107205
103251
99610
103354
90771
101815
103587
89502
90365
92344
104349
104827
104550
103235
99774
97479
91956
98924
95594
107890
99658
109120
103003
101835
80418
102480
95207
103995
102945
107245
104570
110124
94850
92362
93504
103735
105679
103484
96815
110460
108583
106346
102925
107985
105486
107365
90728
107914
99547
111409
100252
110108
92521
111408
102464
103934
104098
95593
100943
89060
95624
101931
104613
98315
110459
111403
111399
103964
96215
97526
95905
111395
90244
97666
97302
87346
101661
106332
110539
91137
90861
97229
110261
95657
101211
97110
103476
98261
108902
101668
85939
98978
111387
105894
91872
92479
98339
111383
110512
100099
90798
95218
84827
102193
92239
111379
99928
111374
102837
93122
101446
101385
101679
90484
101386
111369
98972
110334
97631
110569
110386
101392
103848
88096
110500
101830
101420
94249
109674
95246
100488
102865
80373
95022
90723
101831
106489
99155
108978
97896
110461
101360
109516
87280
90555
90872
110352
91336
109201
110421
87281
93288
105289
110471
104410
103216
102438
84878
92084
106422
99162
103369
80295
92085
92191
100926
92271
92054
101272
95764
91926
92308
103831
110031
90280
101997
110895
100697
103156
108859
91096
93562
97439
98170
85187
97452
90502
100609
103817
98973
101689
92341
98979
104833
99206
105314
103905
93258
96513
97085
99011
99964
104279
109630
106151
109846
105158
87822
92026
106986
89166
90747
110380
87351
105132
106650
93203
99726
98936
84888
99710
103630
103981
106477
91906
100929
110485
109701
95236
104176
98266
101716
91874
108966
94897
110335
89435
101099
102765
103609
91344
103238
95779
94988
102887
101771
103236
97981
98947
91178
98556
105593
108070
101111
103119
96495
110893
104575
110248
91293
90741
100031
85830
98208
108794
88104
96048
110436
105413
103526
103371
97299
97421
90403
98381
98551
103704
107965
95613
103177
103617
90513
104126
92072
104744
95231
92461
89477
96893
108105
106870
90257
93042
104683
98553
90608
110397
107109
99071
102629
90769
97730
104067
84894
98144
101441
90336
97216
110705
110714
101276
98390
101863
97387
106609
106447
110465
110229
96512
92765
85799
97937
93177
106621
90181
104096
97812
102490
85156
99308
101670
99286
107102
94901
106122
107883
96427
95824
107266
99976
103388
108851
102019
98009
103147
86009
107984
105527
102024
91134
99411
103323
92201
92037
107969
110351
104630
105810
101317
92684
88268
92693
102037
84826
110061
98323
101919
104971
96644
97761
106274
110022
90818
104189
102909
99310
107955
92762
108243
108074
111194
102651
103460
99832
100249
109855
98496
93557
91232
107439
98844
110698
89603
107298
103450
104430
92242
110965
103947
93407
108269
95639
93144
103182
90288
95948
101852
108960
103452
93197
107440
109483
100954
107061
98798
91744
98373
108766
103976
110907
105985
96290
90164
105537
91955
95346
91953
96067
106744
107970
110964
100582
108775
109881
106675
110889
103826
97681
91191
101732
105174
91240
100307
100206
103661
91765
103820
102460
97759
109703
100066
92231
104199
102287
92776
104192
93105
108811
107058
105205
105949
93541
108846
98891
101106
105488
91973
109687
111162
102869
110884
103962
91230
101040
96221
104831
87615
92783
100649
97591
92860
102685
105502
104203
102707
101536
110580
106157
88690
88927
105112
90220
105933
107611
92306
101987
100471
102967
97720
98109
104915
99727
105734
93466
92781
97123
95665
104348
95652
96327
107158
95808
98938
103115
104589
90226
96488
100433
101116
111213
90729
92699
104212
95649
102846
101865
103501
101982
97408
96787
90790
102681
90290
98755
80394
96127
91100
99287
108847
85700
98754
101493
90564
98922
84794
96937
107843
97374
101352
90563
99919
110027
101873
108796
98013
101875
90283
95616
105337
106469
92800
97079
90849
100524
89410
97451
105447
98601
98778
100549
104735
104985
99534
109828
99535
100266
90871
105446
97838
100459
91155
95622
95623
106328
101728
103366
101613
110034
90410
106340
99452
101358
101681
97210
92285
101672
98842
89205
108955
98843
94840
92797
91816
91255
92614
101646
104030
111300
94842
99516
100151
98503
99517
85812
104455
99218
96451
101353
99478
99634
110258
99479
89598
100363
92795
100623
100253
104929
104277
92361
90793
93018
99900
93015
104588
91002
105718
102864
95224
96638
97872
107014
85237
95775
98501
100023
101854
100896
111259
106199
96002
109694
98450
91121
98016
102757
96106
103621
108554
95482
97740
93153
98829
92238
85892
99341
88435
104027
93512
91196
92961
97029
111123
107870
105657
89444
107002
90912
101565
100198
96452
101632
104216
89587
98562
104416
111412
93141
92682
90297
96499
97176
107056
101489
109576
95348
95619
102666
95001
97018
98625
98349
100958
103396
101611
90552
107882
105052
105313
98175
103254
95669
92837
99256
104028
84852
89180
111310
109574
106832
103790
107089
101718
107354
106305
103731
108390
110119
92468
91361
97928
89418
90367
87084
93477
98548
96708
101814
105479
98773
89416
109520
108254
90922
97961
101070
103426
91745
98351
106449
100137
106770
103459
100083
96773
98722
110715
101916
105091
107917
104184
96682
99265
101170
99264
99263
89013
98606
103355
88893
107081
99248
98774
102087
89147
95896
99010
99268
96583
95899
87910
99012
80361
110693
92700
100021
92716
103716
90720
106438
96725
98522
87991
95925
106448
97858
100024
110994
106467
106466
89567
106472
105904
98806
99613
90928
107595
110405
91181
97167
95490
98231
91237
93529
110579
93528
110447
110384
97021
103841
90252
95203
89460
96252
102565
98489
100264
97007
92870
108820
102892
85169
108819
98037
103579
92205
106786
94980
99854
107800
106056
103160
90373
103663
96270
100765
101501
101400
103886
98193
88979
90321
91215
87260
100761
100994
89479
98281
91182
101502
95403
104419
101958
90376
90333
98356
107091
88103
101985
102976
101499
103343
90370
109549
90698
101832
80349
95790
106496
111110
102898
104089
85836
94904
107941
110056
103588
97771
96812
110345
97173
102886
109467
90347
104734
97414
92815
107049
105476
101028
102735
85952
109868
107578
96382
96751
108879
101117
96088
86176
107215
98157
104521
103928
97101
107071
102893
91794
85671
101833
103545
108454
102839
99804
97432
93445
96915
96568
87640
99566
109442
95926
92868
92256
95886
98762
87282
101891
92165
91877
101513
80383
99946
90917
92331
95962
97166
96193
85690
104878
85155
96817
98509
96104
96801
110442
101280
90778
93030
101135
85185
95051
96840
96859
104765
96857
106451
90982
91981
106985
97885
106527
99579
103349
88957
91007
90334
85953
98970
96602
102462
90755
110690
110897
85695
101639
101316
105140
98437
96517
104171
98336
90799
111095
103301
111062
111363
91011
111401
98326
96093
111384
96884
86162
101245
92034
92036
99806
96881
96887
85145
92801
90339
105415
89181
93569
101895
101171
95217
101311
98932
102811
90966
92905
98135
90460
103131
96550
95456
109902
110058
96493
96230
90781
103046
110469
88895
90783
90412
97061
98793
85709
106735
92464
103829
98168
87972
98187
90243
87976
109434
103384
84898
103855
105232
91781
105468
102686
95833
100485
90929
105425
109431
102046
106436
109355
96353
102712
87183
101144
98869
103838
109125
102710
102855
97321
102482
97226
93475
101308
93518
98847
109322
92990
101001
89158
97469
95980
105643
110095
101840
87094
101838
105950
93432
88898
108208
93532
97640
84833
108788
102443
108259
106732
96924
96200
99580
108258
95692
100897
98048
99691
104014
87347
95204
96203
106194
99966
93009
98028
106362
110764
108260
97946
109461
99309
98789
109669
110030
101710
96717
99000
102455
109293
103267
91317
98407
108256
97083
93422
103494
100410
103923
99741
100408
103116
104766
101722
92245
96183
92174
111022
87277
92057
111023
95563
111036
90915
111037
108751
100017
105839
88286
103039
102091
105014
102521
101444
103041
91716
101697
102894
99466
97171
92349
96354
103643
102668
94894
93492
98889
102918
97160
99141
103812
96144
102496
107608
93436
93465
103244
90364
95387
101675
95397
96185
86186
110590
92761
95916
111186
92442
96956
102444
102047
97168
103480
102500
100481
96186
101060
95883
102120
90492
108785
101066
90446
109677
95751
87211
92013
105256
104081
92189
110723
88439
100062
99628
101228
96105
92024
96837
97407
92782
88771
102089
103652
93308
109304
98535
91710
95467
108137
95394
98294
97269
91923
109843
102033
110375
87937
91952
102838
92923
105383
101947
84793
91164
105997
110012
91025
105891
100944
100947
108889
102051
101203
107983
92066
96473
109481
95756
109904
105901
92644
96201
88575
95762
99811
88583
97841
98830
93104
89446
98463
100010
92767
97159
110021
93482
92673
104592
91163
102987
106054
105548
96192
90447
102703
100618
109697
109714
109673
95681
85708
93423
90862
92333
99622
106044
104281
92996
96052
98056
103266
99847
108721
91072
103656
108736
110120
107587
101547
96013
99862
95436
94242
104426
91362
96209
85176
101423
98160
88466
104544
97140
101825
105858
101180
95356
101557
104241
104789
91832
105696
91835
93458
110314
107875
107845
92985
100391
90947
88181
99934
101553
97135
97693
106127
101110
103668
84847
104219
102001
101480
104389
109364
101549
109614
92181
102702
90884
107048
103951
101204
84882
108317
99697
109852
104816
106912
80302
97754
111043
105888
101221
107183
107950
105881
99609
98558
92490
91885
101239
104070
97357
103858
97876
105430
101241
103395
84862
98940
93535
101349
85835
89554
101350
106487
97723
97988
97911
100149
100167
99978
91942
92839
101288
91946
103852
92240
101247
96865
85801
96719
110425
96715
84805
96980
108961
109608
109328
95443
101529
97136
91793
90238
92489
109682
92247
95684
103983
90534
103226
92817
105988
102996
90481
95919
111061
91864
101237
101259
89555
101067
100914
90549
97341
98467
101127
110340
100906
97032
85233
109721
102775
98173
92059
90372
100626
97012
103791
100141
89542
98527
102042
103904
98770
99845
97170
100790
108927
97856
99839
96387
107681
94963
85076
104648
90224
97716
101373
95566
106549
100407
105984
98697
108735
105556
95006
101963
96966
110191
106600
104052
97133
107105
99747
96891
80355
107409
103804
89484
100684
100113
90366
104190
91913
107536
103112
92823
106773
88175
109526
105842
96873
100920
93034
96850
101218
98238
97199
110501
106657
100295
106013
98250
111216
96528
90208
90797
98731
108977
97864
87974
103224
111148
92825
87210
103345
90399
100019
96497
104066
104101
104362
96416
104403
107612
103099
91884
90961
95564
92850
110519
90391
84881
102432
104060
86705
86174
99172
101992
104668
104671
110940
87740
96054
100819
102028
102497
110909
103713
105019
96045
95534
104770
111231
103889
110341
90185
108930
111133
85752
102471
110455
111020
98807
111156
110395
94900
110915
107570
110262
93189
92002
106948
110443
93581
96414
99121
101659
96656
105389
104202
102622
85898
109176
87175
99835
88764
110411
103299
90541
101945
99487
103103
91225
99602
102849
87583
90542
90540
92846
89531
90724
90957
99931
92267
108983
101871
88108
103532
102847
96909
110190
104623
91001
92764
101714
90782
101901
96219
88688
105487
109884
85828
110263
89233
91070
99799
101836
98545
95531
99861
92255
85769
108323
99292
84788
111172
111173
92248
111107
91792
91844
109862
100000
104625
90669
101593
85825
91944
88349
106460
99344
85924
101255
101756
101184
106597
99614
101183
101252
88391
101256
98128
106568
96490
105279
92199
111261
106567
87938
103316
110784
91717
96277
98799
93136
110431
104388
106512
101669
99493
111260
96613
98516
90756
106385
101322
90199
93463
104862
108959
95559
95003
91354
95334
99032
90509
103973
107332
109454
87339
105485
98652
102441
90450
107382
88210
106069
100683
107459
101532
108136
99944
104342
102844
102301
106228
84803
98111
101701
100356
106046
98105
100176
100468
101707
102937
91167
101043
101604
90325
101268
95774
101888
108912
111119
98506
89524
90770
105911
90719
103123
103150
104222
95776
88884
100001
96070
101279
96096
97434
97538
99719
98298
109218
101445
101395
90205
105923
92901
93310
80367
100173
102812
109848
101470
95977
98459
100247
109854
102917
104415
96035
109834
90583
98091
108439
102723
104676
96615
100148
104057
101048
105876
97162
102679
92675
101315
96526
97092
92911
97063
97192
101667
109205
104105
109723
98780
107674
96800
101893
110407
91199
110689
104881
99720
101964
98022
92016
85082
110740
101719
106981
96823
106138
101656
107556
96767
93526
98023
93474
98549
99737
105293
91888
98531
103454
104798
102984
101765
100925
92022
102801
87726
91933
85255
96771
106225
97980
107147
96777
100812
106669
99415
98155
97125
101391
106395
97028
103268
93578
95688
87993
101798
105614
92636
101231
98410
96769
107746
99064
105290
92803
108828
93558
90548
105604
97127
97126
110616
91235
101649
88977
90607
93246
92289
98494
105131
92342
100130
102117
99501
104675
105731
88978
85928
92517
106522
95602
96766
99183
99182
99184
101693
99450
105422
99451
107797
97948
100426
91848
105210
103611
95393
110379
92621
97986
108754
92842
90725
86916
96945
106134
107177
105015
105285
98100
106598
105791
96948
109699
107685
101261
110937
102922
96110
108422
99530
92219
96168
91261
101953
96111
104690
99236
110905
92876
99817
99465
109202
108461
109473
110942
104084
103659
100387
103819
99234
107896
106251
111115
101691
103557
102954
107346
95746
111105
111024
98188
103669
103374
103034
105737
91246
109490
101328
96328
99170
102431
100477
105037
93350
101724
99051
99957
103122
101790
97811
106691
108748
104347
97089
93336
100542
89605
99958
100235
110520
105820
110265
97827
92482
97141
98119
103199
89501
101351
102657
98346
92048
96914
98904
111157
105531
88207
84857
86184
106771
91120
99090
101354
109321
87618
95583
106750
109076
110267
110249
98523
96558
90342
92399
97883
92712
98561
104919
90566
90463
97098
110843
109624
93188
90443
86915
97887
101136
85281
85280
104296
103152
99291
97758
107319
101370
99354
101082
103215
96819
100928
105230
110091
93359
107374
85879
106409
92350
89232
80319
102896
109897
101998
103393
96671
105560
108061
102926
91799
96847
103796
103013
93491
109656
90998
101822
97881
110186
103108
96839
87348
107717
106918
88486
101623
99598
101768
103632
109492
96707
97505
99122
98772
107042
88982
101270
99698
95365
106526
97853
101640
99831
106403
85771
108015
104365
103004
97366
99594
92218
89500
98764
106084
107236
93176
91975
105769
105255
101376
91179
111051
104782
101541
97542
99808
90532
96981
98580
99241
104962
108416
101700
105723
98454
92496
93264
105538
99159
108741
95984
87121
92501
98499
96399
111014
105012
108975
93220
93209
96738
96710
89494
99305
87083
110525
90860
107614
95987
107588
107447
93010
94761
104981
108895
105913
97900
98321
97995
97989
102442
101550
80331
104983
104644
102661
101548
91348
111314
105965
102469
98095
94973
106828
96978
96999
96975
110508
100118
101791
97595
103265
87627
102569
85940
101792
99074
111315
96793
109196
110946
98633
103899
102727
99253
98049
86015
90589
110495
100042
103513
90590
101929
85897
102728
104230
93229
90794
96989
96726
99983
108443
98332
92345
105408
93028
90168
108459
108460
104488
105409
103184
101172
90514
100516
90745
86018
106687
101954
91052
106696
109825
94774
107894
103787
98608
95710
87602
95696
101173
107297
106184
96939
103931
96952
95695
103261
107902
87951
92055
97977
96949
99135
101307
109026
99788
102113
105708
102850
93082
110982
101023
93272
85175
97537
110984
110983
111013
85732
97614
84772
101552
102910
103776
103181
100462
99079
99781
96824
98493
111065
97502
96786
96791
100417
102533
110576
96783
95335
93455
110451
105470
106390
100423
105478
98906
84830
101688
107601
107600
91053
92984
110534
101645
96780
99790
104960
103915
98142
106510
105167
91051
97552
108857
103748
104829
103487
92047
99513
100317
96124
107517
106776
107376
106182
102503
96658
101920
107604
105186
100006
96173
104054
100535
102487
100447
100362
87287
107463
110036
97983
106514
97700
85163
110241
90812
100129
102750
103857
102766
90302
109851
97832
109407
100069
100336
89408
98560
98557
97834
85688
100441
110260
96404
106524
91908
101686
95240
98402
96559
85133
100274
101500
96276
99570
95608
96588
106202
92991
100553
84865
96036
103315
