102974
96449
91827
105840
107579
105184
90309
108504
85184
98582
101471
98001
97610
106123
96199
97231
92612
101366
102784
97632
97238
109260
106266
101589
92928
101428
105753
106360
93300
105103
85162
97808
100523
97752
100722
106665
90241
86702
92458
91166
98578
96990
85938
108680
92200
98137
103782
100226
92532
90879
110872
93547
99896
93115
91198
101251
106083
93173
101278
96848
100981
93289
99712
95588
96461
99409
96184
101986
91900
106355
99004
85201
104344
106357
95481
95576
99006
106370
85894
91058
106361
103269
96287
101612
89606
97430
103559
105281
90722
99581
102476
110873
99616
94781
102516
98999
110879
96248
97263
110874
106227
95767
104213
91895
100629
86913
100210
109620
91180
93037
96420
103751
87043
87095
93138
107919
106400
95454
105095
105735
97817
98079
93363
98949
97103
110882
96762
88693
89011
100312
98981
104838
100454
92745
99192
95907
97529
95743
102698
90358
101250
93573
107923
97539
87142
93451
108881
96380
111318
110195
96959
93171
107910
100776
99776
93408
92182
108827
104276
97555
95021
91979
97963
100666
90525
96918
99089
105148
106373
98622
95211
91918
91323
95392
92270
106979
96547
91985
85077
95609
95659
106864
98176
99186
96822
91995
98575
90489
102982
99373
102740
98839
95921
90219
108213
99725
100711
103225
96030
88491
90176
98917
93391
100458
100864
104271
95924
96435
99640
99972
99507
99014
102820
96202
86904
109057
100461
91763
106749
108780
100475
108697
99406
96207
96333
89009
109436
103549
93560
91773
98727
110877
98555
91828
108779
104291
98982
106841
99181
97194
92277
96407
100299
96418
104373
106019
93349
93449
107671
85777
101990
103164
99715
96131
101131
97422
95895
96180
95791
102093
102964
96069
107920
98359
101466
98273
91869
88601
110107
110704
109863
96683
92471
95852
85104
107270
93401
105625
99904
95972
109675
99692
93178
96571
103007
101704
97956
97960
103726
98145
110102
95435
99025
102983
88397
108366
106053
101238
107808
107905
96908
102016
95401
98937
90506
90874
106052
103174
96126
89547
107754
98564
102989
100424
99685
105896
100134
100196
95521
110385
84829
95212
96383
95938
107114
108911
92715
101188
95826
106378
99631
101092
105113
110371
105843
97095
105845
96965
101196
103101
110918
110009
93241
97360
96927
95957
106386
99016
102452
93365
99489
92702
104174
95874
99018
100446
105863
108585
97493
102102
109411
109290
102975
85214
106530
99714
102119
90504
96599
95803
108501
110449
96746
96194
96537
94775
104218
90838
97054
95486
87126
100548
98846
96827
110333
93590
101109
88444
95850
101292
92819
106444
89437
109140
102783
98712
88513
96342
107069
101928
95976
96913
89540
101486
92720
92723
93514
93040
110880
97223
97615
111108
107145
97383
98587
99050
100366
98708
103573
101132
96000
105130
106796
89473
91060
100534
101134
104270
80401
101133
106252
101098
93406
104574
110362
96138
102528
108264
106257
109578
107516
96944
97031
94710
105073
90387
99557
101085
106302
97474
107438
90877
96500
96341
106189
106381
96695
106121
101981
99471
101440
99891
105381
108108
93231
96868
101733
100965
109115
107617
107531
87609
97359
107094
106369
100811
92398
109012
94857
105831
92418
93249
104948
98397
106377
106130
105574
104556
108132
99112
102951
108310
87903
97322
89192
104085
95882
97356
99211
87998
101570
107789
105994
99232
93459
103614
92001
99045
96789
96071
107562
100960
100473
101148
107369
104434
105239
99198
98684
98734
105235
100280
103605
98602
95804
98566
106834
103997
85907
99262
109287
97088
100559
106081
106581
98164
110936
105254
99659
85959
98902
107819
107047
92382
100531
92358
99495
105445
