rotate_id,campaign_id,received_time,pub_id
0d104503-83cc-4bf1-9181-2bfcb14ba5f1,33c7942d-55ce-48ca-9169-a374b1f497df,2026-01-01 00:00:39.000,pub_318
2883db4d-b1bc-49a4-a8ea-c3470f48f41e,80b7708a-f34b-4cd7-9b3d-0594a66337d5,2026-01-01 00:13:40.000,pub_101
d7897e4a-f9e5-45a1-82c2-992e50b643eb,fdede5e3-9dba-4ca5-a36e-82895c4618f8,2026-01-01 00:18:55.000,pub_101
76511d98-f3db-401c-92e5-7042c604ec7b,8a176764-6f34-497d-ba92-8314ab2d7719,2026-01-01 00:34:36.000,pub_318
1f013b07-f2fb-4b4a-9b0f-0fd72442a7e0,6ecad2b7-b646-4008-9939-e26a0ffdc290,2026-01-01 00:37:57.000,pub_101
402f3967-1925-4e55-8ead-2e2253edca42,6b5edc02-f930-4de2-a691-c965ad171ac9,2026-01-01 00:39:38.000,pub_101
8c74a596-dfb7-41bf-b902-d879f6aaa80f,6ecad2b7-b646-4008-9939-e26a0ffdc290,2026-01-01 00:40:04.000,pub_318
131920e2-2ba0-412c-8fa0-57158e4afdf8,749c9934-39ec-4687-9dbd-78378124d954,2026-01-01 00:44:51.000,pub_101
9af90657-648f-464f-ac86-f0617750eedc,fdede5e3-9dba-4ca5-a36e-82895c4618f8,2026-01-01 01:15:56.000,pub_204
577597e7-42e1-4c3d-ba8a-876424b58d8c,6ecad2b7-b646-4008-9939-e26a0ffdc290,2026-01-01 01:24:36.000,pub_204
18873132-72c7-4816-962b-efcb47bef1bd,749c9934-39ec-4687-9dbd-78378124d954,2026-01-01 01:42:12.000,pub_445
6d6979a0-8590-4fc9-ad76-298d361d0f5d,6b5edc02-f930-4de2-a691-c965ad171ac9,2026-01-01 01:50:30.000,pub_101
a11a71ec-6a90-46ad-bd7f-82cba2d27417,6ecad2b7-b646-4008-9939-e26a0ffdc290,2026-01-01 02:00:51.000,pub_512
c12e6292-e7e2-4a9b-8c06-4b9c34f86d13,6ecad2b7-b646-4008-9939-e26a0ffdc290,2026-01-01 02:05:40.000,pub_512
c8c08fae-720e-46bb-947b-fd79f393e75d,8a176764-6f34-497d-ba92-8314ab2d7719,2026-01-01 02:25:48.000,pub_101
1a37e2f7-93ed-4f5c-b763-d327c3158f69,80b7708a-f34b-4cd7-9b3d-0594a66337d5,2026-01-01 02:30:40.000,pub_445
0e7a7612-5d56-45b9-8e6e-8e79410ccefe,6b5edc02-f930-4de2-a691-c965ad171ac9,2026-01-01 02:33:34.000,pub_318
02e38323-22a2-4580-9037-3949ca934868,83f9bde8-6044-446e-b665-aee0bb0e656e,2026-01-01 02:59:33.000,pub_101
ca446f31-ff5c-430a-829a-dd0815335a4d,749c9934-39ec-4687-9dbd-78378124d954,2026-01-01 03:11:21.000,pub_101
298a0092-c29b-428e-8831-227467f2f61b,6b5edc02-f930-4de2-a691-c965ad171ac9,2026-01-01 03:11:24.000,pub_101
97841ac8-c7ff-41e4-a277-ba4e2f1d2791,749c9934-39ec-4687-9dbd-78378124d954,2026-01-01 03:20:21.000,pub_204
521ad28c-f950-4774-bc36-1bc650a78865,33c7942d-55ce-48ca-9169-a374b1f497df,2026-01-01 03:30:47.000,pub_204
86e3bf52-674c-4b4f-ae75-9a3adea4f605,6ecad2b7-b646-4008-9939-e26a0ffdc290,2026-01-01 03:35:00.000,pub_445
0407a318-325e-48ba-9767-829ea99509fd,fdede5e3-9dba-4ca5-a36e-82895c4618f8,2026-01-01 03:35:38.000,pub_445
918c36a0-6005-4002-ae2d-9a225ef402fd,6b5edc02-f930-4de2-a691-c965ad171ac9,2026-01-01 03:51:12.000,pub_445
f22d6518-04d7-4ac8-9116-250f933507c5,6b5edc02-f930-4de2-a691-c965ad171ac9,2026-01-01 04:06:58.000,pub_512
950343a0-a5d9-4ca3-bdd6-fce8ef6a0961,3f1ed2cc-0767-4665-8370-36e46f39a07e,2026-01-01 04:18:54.000,pub_512
2ce9955f-a516-4a1e-b144-1b20476a1f34,3f1ed2cc-0767-4665-8370-36e46f39a07e,2026-01-01 04:40:16.000,pub_101
a68695b7-d13e-4f10-b019-4f45eaae8a27,3f1ed2cc-0767-4665-8370-36e46f39a07e,2026-01-01 04:42:27.000,pub_318
694c648a-6615-40ca-8485-490e2ffdd498,fdede5e3-9dba-4ca5-a36e-82895c4618f8,2026-01-01 04:47:18.000,pub_318
9a20c533-e80e-4b98-b0d1-e7956d2d4eba,3f1ed2cc-0767-4665-8370-36e46f39a07e,2026-01-01 04:48:24.000,pub_512
a1c603c2-2b5c-4e1e-88b6-b41249102cd4,6b5edc02-f930-4de2-a691-c965ad171ac9,2026-01-01 04:50:38.000,pub_445
9f7f7892-0386-49e5-9615-33ae7caa13e3,8a176764-6f34-497d-ba92-8314ab2d7719,2026-01-01 05:03:13.000,pub_512
c50f868a-fc21-45b9-86a9-fbe8bba792b6,3f1ed2cc-0767-4665-8370-36e46f39a07e,2026-01-01 05:24:50.000,pub_445
c866b53a-ee63-41d7-a6f3-8de942381044,393fc1c9-d322-4b8a-952e-5ad320900791,2026-01-01 05:25:49.000,pub_318
ef3f315a-1b18-499e-91a2-30f7c69f95be,3f1ed2cc-0767-4665-8370-36e46f39a07e,2026-01-01 05:26:09.000,pub_101
6a125607-8f4b-4ac0-b589-43d548118709,6ecad2b7-b646-4008-9939-e26a0ffdc290,2026-01-01 05:37:46.000,pub_318
20f39275-026a-4b62-9067-30a466d53512,83f9bde8-6044-446e-b665-aee0bb0e656e,2026-01-01 05:45:25.000,pub_101
47d59628-82e4-40f3-98ea-150638a4f2e1,749c9934-39ec-4687-9dbd-78378124d954,2026-01-01 05:45:39.000,pub_445
a67be450-26a4-402c-ba57-ef8da8916036,33c7942d-55ce-48ca-9169-a374b1f497df,2026-01-01 05:55:50.000,pub_445
b367ba12-56e3-465d-ba3a-3c4d31de1d62,6ecad2b7-b646-4008-9939-e26a0ffdc290,2026-01-01 06:02:12.000,pub_512
080eb60d-c063-410b-a255-de79cded3e8b,3f1ed2cc-0767-4665-8370-36e46f39a07e,2026-01-01 06:04:26.000,pub_445
c431719f-6aea-4550-834d-07eee172454e,3f1ed2cc-0767-4665-8370-36e46f39a07e,2026-01-01 06:07:05.000,pub_101
463b5bc6-4a9e-47ab-904b-df66711dd4b8,6ecad2b7-b646-4008-9939-e26a0ffdc290,2026-01-01 06:12:10.000,pub_512
d511f49b-3210-434b-af45-3809614c789b,6ecad2b7-b646-4008-9939-e26a0ffdc290,2026-01-01 06:27:36.000,pub_101
8a1dc682-c770-49be-9f6e-d4acbbecafb3,80b7708a-f34b-4cd7-9b3d-0594a66337d5,2026-01-01 06:29:29.000,pub_318
ef8c8dd4-be44-4ee9-8008-253d639317cd,3f1ed2cc-0767-4665-8370-36e46f39a07e,2026-01-01 06:45:49.000,pub_318
fa44476a-f67b-4522-a7b1-4bab6d74db3f,80b7708a-f34b-4cd7-9b3d-0594a66337d5,2026-01-01 06:46:09.000,pub_318
b74f8b7c-cfde-40a6-a210-332c8205cff0,393fc1c9-d322-4b8a-952e-5ad320900791,2026-01-01 06:48:44.000,pub_445
b0611e70-4171-44fc-9d4b-91cd881c25ad,83f9bde8-6044-446e-b665-aee0bb0e656e,2026-01-01 06:52:21.000,pub_512
ce9b3923-ecf9-4c0b-9e83-3ba930700994,80b7708a-f34b-4cd7-9b3d-0594a66337d5,2026-01-01 06:56:08.000,pub_445
4179bf15-8c30-4980-854f-596771bdf9ec,749c9934-39ec-4687-9dbd-78378124d954,2026-01-01 07:08:36.000,pub_101
75991191-05b2-4639-8b8e-fb054cbfa32b,83f9bde8-6044-446e-b665-aee0bb0e656e,2026-01-01 07:21:20.000,pub_101
558467b7-4d8b-4eb9-a048-bbf33190dc7e,33c7942d-55ce-48ca-9169-a374b1f497df,2026-01-01 07:24:10.000,pub_512
5ba085e7-3939-4a94-96cd-07bc1ff8e348,6ecad2b7-b646-4008-9939-e26a0ffdc290,2026-01-01 07:25:50.000,pub_445
66a77a17-558f-4b56-931b-f98cef936ae8,3f1ed2cc-0767-4665-8370-36e46f39a07e,2026-01-01 07:39:29.000,pub_204
d7ed56bb-132e-4b29-a6bf-1e6f80ff06f5,80b7708a-f34b-4cd7-9b3d-0594a66337d5,2026-01-01 07:40:30.000,pub_204
6ed170ca-5a41-4c85-920a-da98bfcf4517,3f1ed2cc-0767-4665-8370-36e46f39a07e,2026-01-01 07:41:12.000,pub_512
d614d62e-e7fc-48ca-91db-8e051eba3035,393fc1c9-d322-4b8a-952e-5ad320900791,2026-01-01 07:42:14.000,pub_512
40ae4810-edd1-468a-8c29-c333e218bd7c,6ecad2b7-b646-4008-9939-e26a0ffdc290,2026-01-01 07:50:08.000,pub_318
d6b1604d-019b-4b55-9cbe-a6f059b1e562,33c7942d-55ce-48ca-9169-a374b1f497df,2026-01-01 07:53:04.000,pub_445
c8ca1e34-1a3f-4448-aef6-ae01be64b5b6,749c9934-39ec-4687-9dbd-78378124d954,2026-01-01 07:53:37.000,pub_512
2f2e50b2-d0fc-4ee4-a60b-2bb8f3ece872,6b5edc02-f930-4de2-a691-c965ad171ac9,2026-01-01 07:57:27.000,pub_318
b1472dc6-32a2-40f1-ab1d-94d663fe385c,6b5edc02-f930-4de2-a691-c965ad171ac9,2026-01-01 08:18:48.000,pub_204
8e9abbb1-8d94-4edc-9033-785e1ebb82e9,8a176764-6f34-497d-ba92-8314ab2d7719,2026-01-01 08:19:59.000,pub_318
04ec1ed1-657f-45db-9b3b-c26b90725ce1,393fc1c9-d322-4b8a-952e-5ad320900791,2026-01-01 08:24:59.000,pub_204
aa91ef16-d80e-468e-b13a-6a3704cadffc,6ecad2b7-b646-4008-9939-e26a0ffdc290,2026-01-01 09:04:07.000,pub_512
07a0ae92-7155-4b27-acb4-a64c763c4160,80b7708a-f34b-4cd7-9b3d-0594a66337d5,2026-01-01 09:09:52.000,pub_445
6dcef3df-196d-4a90-a52a-a9b1964bafb1,749c9934-39ec-4687-9dbd-78378124d954,2026-01-01 09:12:07.000,pub_204
beb5e419-ccae-492a-9be6-bbf823557d9e,749c9934-39ec-4687-9dbd-78378124d954,2026-01-01 09:12:24.000,pub_318
c85871ff-1d22-436a-b3ae-5b708cedc98d,3f1ed2cc-0767-4665-8370-36e46f39a07e,2026-01-01 09:27:34.000,pub_512
5e946e71-299e-4cce-a4ff-3fb3776e4d99,6ecad2b7-b646-4008-9939-e26a0ffdc290,2026-01-01 09:49:23.000,pub_101
3a291615-f006-4b62-ad22-c0a28a50d74a,3f1ed2cc-0767-4665-8370-36e46f39a07e,2026-01-01 09:51:39.000,pub_204
5b43484a-c7f3-4dcc-9135-a24f346f69d2,33c7942d-55ce-48ca-9169-a374b1f497df,2026-01-01 09:52:42.000,pub_318
c15ae5dd-2ed7-4a8a-9c4b-f205d13ff34b,fdede5e3-9dba-4ca5-a36e-82895c4618f8,2026-01-01 09:53:29.000,pub_204
1834cddb-772b-4357-8208-6c8530749ecf,6b5edc02-f930-4de2-a691-c965ad171ac9,2026-01-01 10:11:25.000,pub_318
40e168d1-b1ea-40cf-b744-67fd09eca1d0,8a176764-6f34-497d-ba92-8314ab2d7719,2026-01-01 10:20:06.000,pub_445
4f2e71b7-1308-4808-8bba-86d3aaac5092,33c7942d-55ce-48ca-9169-a374b1f497df,2026-01-01 10:38:24.000,pub_445
020769f7-7777-467a-96c6-cbe5be646b66,393fc1c9-d322-4b8a-952e-5ad320900791,2026-01-01 10:44:53.000,pub_318
20f677e0-d273-432b-ab54-3184c67c4f76,8a176764-6f34-497d-ba92-8314ab2d7719,2026-01-01 10:49:12.000,pub_101
625a7bbf-e828-4b97-b2ae-6146dcd720b4,fdede5e3-9dba-4ca5-a36e-82895c4618f8,2026-01-01 10:51:11.000,pub_445
083faf00-da42-4b95-ae85-c461ab4bab1e,8a176764-6f34-497d-ba92-8314ab2d7719,2026-01-01 10:54:32.000,pub_204
a8a4a35c-e0f6-4fc1-89e3-94e748639975,393fc1c9-d322-4b8a-952e-5ad320900791,2026-01-01 10:56:50.000,pub_101
4fdebea5-4845-4864-86d2-07cff8d984d5,749c9934-39ec-4687-9dbd-78378124d954,2026-01-01 11:09:55.000,pub_445
466a44bf-2805-4da2-a151-ab025665f04e,33c7942d-55ce-48ca-9169-a374b1f497df,2026-01-01 11:16:45.000,pub_445
6d27f68c-ce2e-470b-85aa-fce5fb4d8dd7,6ecad2b7-b646-4008-9939-e26a0ffdc290,2026-01-01 11:20:26.000,pub_512
ec915036-a154-4c12-8e9a-bc520931d0f9,8a176764-6f34-497d-ba92-8314ab2d7719,2026-01-01 11:21:02.000,pub_204
d863cde9-e206-46b4-a324-4e8db8779de6,33c7942d-55ce-48ca-9169-a374b1f497df,2026-01-01 11:58:05.000,pub_101
96eb5211-8637-401c-86d5-f0a0cbd04f34,fdede5e3-9dba-4ca5-a36e-82895c4618f8,2026-01-01 12:01:26.000,pub_445
71b12e6f-7e4d-477d-bd01-f5b6ece91258,6ecad2b7-b646-4008-9939-e26a0ffdc290,2026-01-01 12:09:43.000,pub_204
2d04905a-0749-4a1d-be61-24d62ad03a57,33c7942d-55ce-48ca-9169-a374b1f497df,2026-01-01 12:17:54.000,pub_101
6f846334-15d5-4fe8-99db-a3858738f274,83f9bde8-6044-446e-b665-aee0bb0e656e,2026-01-01 12:19:27.000,pub_101
08f22631-d6ef-438d-86ea-46f0d4220aa5,8a176764-6f34-497d-ba92-8314ab2d7719,2026-01-01 12:27:36.000,pub_445
37f0b813-7213-4644-9de2-7babb4a93f5f,749c9934-39ec-4687-9dbd-78378124d954,2026-01-01 12:32:48.000,pub_101
acf0490e-3254-4410-972e-363d66d23f32,3f1ed2cc-0767-4665-8370-36e46f39a07e,2026-01-01 13:19:19.000,pub_445
a653fcca-d63e-42d8-944d-b62ee9f332c9,83f9bde8-6044-446e-b665-aee0bb0e656e,2026-01-01 13:22:34.000,pub_101
89cd4db9-d38e-41a4-9b5e-391a24264c4a,749c9934-39ec-4687-9dbd-78378124d954,2026-01-01 13:31:04.000,pub_101
6634c202-e8bd-4739-8695-7c93d4384a3f,6ecad2b7-b646-4008-9939-e26a0ffdc290,2026-01-01 13:31:05.000,pub_101
e6182628-1e8a-43c7-8e67-6f9f1b7b9fff,749c9934-39ec-4687-9dbd-78378124d954,2026-01-01 13:38:45.000,pub_512
6158faaa-ee15-4cd2-91a5-f500b3defd63,80b7708a-f34b-4cd7-9b3d-0594a66337d5,2026-01-01 13:49:17.000,pub_318
05a07241-bb40-42ac-9b0a-92b3f38b0f75,fdede5e3-9dba-4ca5-a36e-82895c4618f8,2026-01-01 13:56:09.000,pub_445
4ae544a3-9fd5-4954-b885-340654b8ddfc,3f1ed2cc-0767-4665-8370-36e46f39a07e,2026-01-01 14:12:53.000,pub_512
96d26eb3-d958-4231-9f43-720f021882bf,33c7942d-55ce-48ca-9169-a374b1f497df,2026-01-01 14:13:23.000,pub_445
20db22a7-af67-41be-8238-71cb4a7be02e,fdede5e3-9dba-4ca5-a36e-82895c4618f8,2026-01-01 14:17:24.000,pub_512
8f143e1c-6df2-458d-9c77-6355fc3b0c73,6ecad2b7-b646-4008-9939-e26a0ffdc290,2026-01-01 14:22:26.000,pub_101
72ba6258-783a-4fd3-861e-24c5435fe0a5,749c9934-39ec-4687-9dbd-78378124d954,2026-01-01 14:24:02.000,pub_512
69a7758c-306f-474b-bec8-bc396f1cd0a7,33c7942d-55ce-48ca-9169-a374b1f497df,2026-01-01 14:24:03.000,pub_204
ac0e5505-4b5f-4fe4-937a-d0537edc7b86,8a176764-6f34-497d-ba92-8314ab2d7719,2026-01-01 14:24:17.000,pub_512
035d30f8-0574-4756-8c40-e9e125c13d93,6ecad2b7-b646-4008-9939-e26a0ffdc290,2026-01-01 14:28:06.000,pub_318
fb06ac49-d2c1-47c8-a0ac-ff08e5a44e17,fdede5e3-9dba-4ca5-a36e-82895c4618f8,2026-01-01 14:32:15.000,pub_512
e22e440b-332d-42ff-b169-7f5bdacad37a,749c9934-39ec-4687-9dbd-78378124d954,2026-01-01 14:44:26.000,pub_445
a49de27d-e2c5-48e1-a028-2eaddc956256,6ecad2b7-b646-4008-9939-e26a0ffdc290,2026-01-01 14:50:13.000,pub_445
9bd71541-2f88-4d89-abbd-ab23deb84e14,393fc1c9-d322-4b8a-952e-5ad320900791,2026-01-01 14:57:10.000,pub_512
41f53537-fb92-4251-b39f-70da281f83d2,83f9bde8-6044-446e-b665-aee0bb0e656e,2026-01-01 15:08:22.000,pub_512
99f67acf-02d8-4109-888e-32616165e6f9,6b5edc02-f930-4de2-a691-c965ad171ac9,2026-01-01 15:17:43.000,pub_204
555c1631-fda2-44aa-84f7-243dc353e03a,6ecad2b7-b646-4008-9939-e26a0ffdc290,2026-01-01 15:27:34.000,pub_512
ea864f9b-38b1-484f-bf89-04e3f5b329c2,fdede5e3-9dba-4ca5-a36e-82895c4618f8,2026-01-01 15:30:03.000,pub_204
641c5eeb-a9ed-4093-87d4-d33940d3a017,393fc1c9-d322-4b8a-952e-5ad320900791,2026-01-01 15:40:01.000,pub_318
a32085b7-32e0-4077-9141-45e247eb286f,83f9bde8-6044-446e-b665-aee0bb0e656e,2026-01-01 15:55:54.000,pub_512
d9839cbe-ec29-4888-88bc-8edc8a044e81,749c9934-39ec-4687-9dbd-78378124d954,2026-01-01 16:24:03.000,pub_318
de92012f-a83c-4ecd-be6c-ecc865f4845c,33c7942d-55ce-48ca-9169-a374b1f497df,2026-01-01 16:29:02.000,pub_512
65948b53-17d9-4917-828e-80183a4ecc7e,83f9bde8-6044-446e-b665-aee0bb0e656e,2026-01-01 16:30:38.000,pub_445
54be6707-129b-4183-8d82-05a4639f76d8,749c9934-39ec-4687-9dbd-78378124d954,2026-01-01 16:31:43.000,pub_204
8bf5331f-14ca-4e8d-bd19-dad0b3ca23b9,3f1ed2cc-0767-4665-8370-36e46f39a07e,2026-01-01 16:33:25.000,pub_204
1bf5ca08-f567-4d20-8376-822462a042a1,6ecad2b7-b646-4008-9939-e26a0ffdc290,2026-01-01 16:44:12.000,pub_204
a61ee301-2260-426c-8748-5a47878c5f60,33c7942d-55ce-48ca-9169-a374b1f497df,2026-01-01 16:53:53.000,pub_445
76348d6d-eec1-431c-9026-260293284b8f,393fc1c9-d322-4b8a-952e-5ad320900791,2026-01-01 16:57:48.000,pub_318
3e7012cb-4b8a-473b-a31a-c15ac10e6090,6ecad2b7-b646-4008-9939-e26a0ffdc290,2026-01-01 17:09:20.000,pub_445
a33fc153-0b03-46b2-875e-aaf31f5125b5,393fc1c9-d322-4b8a-952e-5ad320900791,2026-01-01 17:10:31.000,pub_512
70418004-9a4c-464c-80e8-72f25eeb9f74,83f9bde8-6044-446e-b665-aee0bb0e656e,2026-01-01 17:11:38.000,pub_101
f4967b2f-a449-4bbc-a359-4e2ace88dec6,fdede5e3-9dba-4ca5-a36e-82895c4618f8,2026-01-01 17:24:16.000,pub_318
b486a916-086a-4526-aa0c-2b5a12f34253,fdede5e3-9dba-4ca5-a36e-82895c4618f8,2026-01-01 17:24:30.000,pub_204
5a8d6cbf-144e-4d59-b040-3546b8cc8e87,393fc1c9-d322-4b8a-952e-5ad320900791,2026-01-01 18:05:37.000,pub_101
09f1d546-d937-4335-b8b4-de00c2625f30,749c9934-39ec-4687-9dbd-78378124d954,2026-01-01 18:14:34.000,pub_204
342e7ad6-0c68-4aa8-8232-e32ec2598cbe,fdede5e3-9dba-4ca5-a36e-82895c4618f8,2026-01-01 18:33:35.000,pub_445
11836e14-379b-494c-a5cf-e0a0cb88eba5,fdede5e3-9dba-4ca5-a36e-82895c4618f8,2026-01-01 18:41:10.000,pub_445
0602bb24-f480-4ffb-80ae-a4cf4ddacf11,6ecad2b7-b646-4008-9939-e26a0ffdc290,2026-01-01 18:53:51.000,pub_318
53e6a002-debd-40cf-a16c-be0a0cc5044d,83f9bde8-6044-446e-b665-aee0bb0e656e,2026-01-01 18:57:15.000,pub_101
fcdb23d7-b55c-414d-bc9b-b9be761c79a1,80b7708a-f34b-4cd7-9b3d-0594a66337d5,2026-01-01 19:02:29.000,pub_512
ed1b79e6-afde-40cf-b9c5-ed291a63635e,6ecad2b7-b646-4008-9939-e26a0ffdc290,2026-01-01 19:04:54.000,pub_204
dedb45d3-22e4-4d48-a598-1e59636b57a0,fdede5e3-9dba-4ca5-a36e-82895c4618f8,2026-01-01 19:05:41.000,pub_445
73165129-e1e9-415c-a462-375f1c8f0b49,6b5edc02-f930-4de2-a691-c965ad171ac9,2026-01-01 20:01:05.000,pub_204
e31d48b6-7607-4b23-b0bd-4f5b7096032e,80b7708a-f34b-4cd7-9b3d-0594a66337d5,2026-01-01 20:03:14.000,pub_445
f4bb4ac7-6b3f-4e8d-b2b8-a0a6459fc541,6ecad2b7-b646-4008-9939-e26a0ffdc290,2026-01-01 20:14:54.000,pub_445
9ed3dc77-51f1-412d-add0-56df7f8761f3,80b7708a-f34b-4cd7-9b3d-0594a66337d5,2026-01-01 20:24:39.000,pub_445
eb2ae63c-5a95-4d3c-88f8-d9ee4bfc3cf2,3f1ed2cc-0767-4665-8370-36e46f39a07e,2026-01-01 20:26:29.000,pub_318
74e1a50b-ab8d-40aa-a18c-3726decd5d91,6b5edc02-f930-4de2-a691-c965ad171ac9,2026-01-01 21:03:23.000,pub_318
c6d8a3e4-de87-4ab6-81d1-0b23c4f61491,6ecad2b7-b646-4008-9939-e26a0ffdc290,2026-01-01 21:25:27.000,pub_445
9001e66f-ff78-4544-8d61-8dbb758096a7,6b5edc02-f930-4de2-a691-c965ad171ac9,2026-01-01 21:41:49.000,pub_318
f1f4aafb-8211-4829-a9c1-7cc5fb62c1d4,fdede5e3-9dba-4ca5-a36e-82895c4618f8,2026-01-01 21:42:21.000,pub_512
d8588ab7-0b09-4bc5-ad24-71d94673aaef,8a176764-6f34-497d-ba92-8314ab2d7719,2026-01-01 21:57:36.000,pub_445
3a3283d8-60c6-4e8e-b840-8d0df4a60ec5,80b7708a-f34b-4cd7-9b3d-0594a66337d5,2026-01-01 21:59:13.000,pub_101
1d72accf-3c6e-40d4-9ba1-caad9ee773cf,6b5edc02-f930-4de2-a691-c965ad171ac9,2026-01-01 22:03:49.000,pub_445
9e7be7f5-a66d-4c19-962c-732c05de9e1b,8a176764-6f34-497d-ba92-8314ab2d7719,2026-01-01 22:12:36.000,pub_445
baad6298-b5fc-4e80-8d45-249eb9c67a10,749c9934-39ec-4687-9dbd-78378124d954,2026-01-01 22:35:50.000,pub_204
960c8cd4-efe2-4063-8385-008fc451bbb9,33c7942d-55ce-48ca-9169-a374b1f497df,2026-01-01 22:41:43.000,pub_204
ce8a23c7-7505-4a1b-bbea-fada9e5a8277,83f9bde8-6044-446e-b665-aee0bb0e656e,2026-01-01 22:45:14.000,pub_445
1233af19-d175-4396-b81f-8febf9d75014,fdede5e3-9dba-4ca5-a36e-82895c4618f8,2026-01-01 23:03:39.000,pub_445
8ce7ba8e-3cfd-44a2-8c58-4a0179446eac,8a176764-6f34-497d-ba92-8314ab2d7719,2026-01-01 23:08:04.000,pub_445
635dafab-f17c-4730-b875-6baa265fb6dc,393fc1c9-d322-4b8a-952e-5ad320900791,2026-01-01 23:20:05.000,pub_512
95da1304-8d2c-4f37-84e3-a8003b42a1df,83f9bde8-6044-446e-b665-aee0bb0e656e,2026-01-01 23:21:45.000,pub_101
a6b7581c-a408-4889-af63-174e10c050dd,749c9934-39ec-4687-9dbd-78378124d954,2026-01-01 23:34:22.000,pub_318
ecf8f543-1e97-4ed7-aca4-79a083b06dbb,83f9bde8-6044-446e-b665-aee0bb0e656e,2026-01-01 23:41:28.000,pub_445
70e7da41-6bff-4282-9ac2-96dcb7f97297,fdede5e3-9dba-4ca5-a36e-82895c4618f8,2026-01-01 23:53:53.000,pub_204
63ad9806-b376-4ad9-9c84-c5ea7cbef243,80b7708a-f34b-4cd7-9b3d-0594a66337d5,2026-01-01 23:55:40.000,pub_512
53fb2e1a-d7f6-4ab8-ac17-932ddab16c85,80b7708a-f34b-4cd7-9b3d-0594a66337d5,2026-01-02 00:08:08.000,pub_101
3579dabe-13bb-4b44-8d3a-007ecae2b502,83f9bde8-6044-446e-b665-aee0bb0e656e,2026-01-02 00:08:56.000,pub_204
9de6bd89-d692-4fcc-949b-47cd07a9782b,6b5edc02-f930-4de2-a691-c965ad171ac9,2026-01-02 00:09:27.000,pub_101
96986c3a-60f2-4b9d-ba31-1660250ea5e3,3f1ed2cc-0767-4665-8370-36e46f39a07e,2026-01-02 00:10:12.000,pub_318
cc38e87e-4064-47b7-92f0-86a1a1f0712b,6b5edc02-f930-4de2-a691-c965ad171ac9,2026-01-02 00:12:12.000,pub_512
5870d2b1-5092-44ce-93ee-bec016464e08,749c9934-39ec-4687-9dbd-78378124d954,2026-01-02 00:23:36.000,pub_445
568941dd-dfe9-4d8a-a266-d95952024075,fdede5e3-9dba-4ca5-a36e-82895c4618f8,2026-01-02 00:27:34.000,pub_204
8e707a30-41cc-4c08-a167-a8c8a87177c6,33c7942d-55ce-48ca-9169-a374b1f497df,2026-01-02 00:33:11.000,pub_512
0c4aa351-6cf1-4365-be36-4487dc5f2b31,393fc1c9-d322-4b8a-952e-5ad320900791,2026-01-02 00:36:14.000,pub_445
3a8ac6a1-13f2-423a-8baf-e1cb6a0edfcf,fdede5e3-9dba-4ca5-a36e-82895c4618f8,2026-01-02 00:42:32.000,pub_101
75a1ab5d-3067-489f-aecc-096d672f8906,6b5edc02-f930-4de2-a691-c965ad171ac9,2026-01-02 00:52:40.000,pub_445
657be2c0-5e5e-4675-b7dc-2889f8be2a3b,3f1ed2cc-0767-4665-8370-36e46f39a07e,2026-01-02 00:52:59.000,pub_101
c239f71f-97ff-431b-87c2-2a3b50b1017f,6b5edc02-f930-4de2-a691-c965ad171ac9,2026-01-02 00:58:59.000,pub_101
a04bca43-0586-412f-b460-93be4040decc,fdede5e3-9dba-4ca5-a36e-82895c4618f8,2026-01-02 01:00:35.000,pub_101
bd580af1-eca6-4035-beb5-c10cfb2ec5ec,33c7942d-55ce-48ca-9169-a374b1f497df,2026-01-02 01:21:51.000,pub_445
7f70c909-efa0-40e6-a19a-e75f3266ffef,80b7708a-f34b-4cd7-9b3d-0594a66337d5,2026-01-02 01:25:06.000,pub_101
35370360-eeed-44be-aebe-dfab6b0d2de6,83f9bde8-6044-446e-b665-aee0bb0e656e,2026-01-02 01:29:09.000,pub_204
b443b1ef-7812-487c-a74e-573cf0ce6e94,8a176764-6f34-497d-ba92-8314ab2d7719,2026-01-02 01:34:54.000,pub_445
b707fa07-a428-4e5f-ac11-ec7dbe0812bc,fdede5e3-9dba-4ca5-a36e-82895c4618f8,2026-01-02 01:40:28.000,pub_204
15b541d0-5c45-4810-9a5f-c86b35ade917,80b7708a-f34b-4cd7-9b3d-0594a66337d5,2026-01-02 02:09:05.000,pub_204
a5dd8c20-f1de-453f-a6a2-83ee97f38aff,80b7708a-f34b-4cd7-9b3d-0594a66337d5,2026-01-02 02:36:11.000,pub_318
95bdb9e3-de46-4a61-a38c-0223ceb26691,6ecad2b7-b646-4008-9939-e26a0ffdc290,2026-01-02 02:54:53.000,pub_204
d48fac24-d488-4180-a7d3-6bf9fc0bc1ca,3f1ed2cc-0767-4665-8370-36e46f39a07e,2026-01-02 03:04:34.000,pub_512
9626bdb4-fd4c-47ab-ad6d-d0029291f35b,6ecad2b7-b646-4008-9939-e26a0ffdc290,2026-01-02 03:17:17.000,pub_101
a1178656-ae81-4950-a8e1-e38297f612c3,83f9bde8-6044-446e-b665-aee0bb0e656e,2026-01-02 03:18:52.000,pub_445
c459ccdb-e64b-439a-bbaf-4f61fa3a8905,8a176764-6f34-497d-ba92-8314ab2d7719,2026-01-02 03:23:41.000,pub_445
c8fdaa0b-afc6-4726-8a28-aeca2caed495,749c9934-39ec-4687-9dbd-78378124d954,2026-01-02 03:35:16.000,pub_318
b862d336-4da5-462d-992a-eeca411de5ee,393fc1c9-d322-4b8a-952e-5ad320900791,2026-01-02 03:36:46.000,pub_512
5a04cdac-b681-4ddc-9136-1dc858e37e3f,6ecad2b7-b646-4008-9939-e26a0ffdc290,2026-01-02 03:40:27.000,pub_445
eaa96000-c2a8-4eff-bc10-fb541cb2c4a8,749c9934-39ec-4687-9dbd-78378124d954,2026-01-02 03:49:02.000,pub_318
53ea9039-0c05-47c3-bf13-949b86948e3e,80b7708a-f34b-4cd7-9b3d-0594a66337d5,2026-01-02 03:52:55.000,pub_204
37e5ab94-ef00-42e6-8173-0c67b335807a,80b7708a-f34b-4cd7-9b3d-0594a66337d5,2026-01-02 04:01:42.000,pub_512
5fbd2ea2-23fd-4e87-91bb-7243bf539490,fdede5e3-9dba-4ca5-a36e-82895c4618f8,2026-01-02 04:05:21.000,pub_204
d401ce57-e705-4838-bd3b-12b64d40ca42,749c9934-39ec-4687-9dbd-78378124d954,2026-01-02 04:07:29.000,pub_445
93a9a7f4-5943-4365-9366-f3a4e19353b1,6ecad2b7-b646-4008-9939-e26a0ffdc290,2026-01-02 04:07:49.000,pub_318
5c9834e0-5851-4bba-ac68-0e93759fabb3,3f1ed2cc-0767-4665-8370-36e46f39a07e,2026-01-02 04:14:42.000,pub_101
9464ff3b-c154-4b15-958c-84b7e4282cbf,33c7942d-55ce-48ca-9169-a374b1f497df,2026-01-02 04:26:35.000,pub_318
6c50e158-e858-4d32-bb84-11ee6ad299cf,6ecad2b7-b646-4008-9939-e26a0ffdc290,2026-01-02 04:27:27.000,pub_101
a954938e-7639-498d-bd11-727b8ea65dae,8a176764-6f34-497d-ba92-8314ab2d7719,2026-01-02 04:43:36.000,pub_512
ae68aa90-839e-4d76-aa37-1e7dad4344fd,33c7942d-55ce-48ca-9169-a374b1f497df,2026-01-02 04:53:20.000,pub_445
c3197c80-0274-457c-9d92-fd4c46f6b167,3f1ed2cc-0767-4665-8370-36e46f39a07e,2026-01-02 05:00:04.000,pub_445
348d158d-6019-42ad-a306-8f1c7c9098ac,8a176764-6f34-497d-ba92-8314ab2d7719,2026-01-02 05:01:28.000,pub_204
59f15ee1-f5a5-4d4b-88a7-e2896cefa37a,8a176764-6f34-497d-ba92-8314ab2d7719,2026-01-02 05:09:20.000,pub_512
bc7d65a5-5775-4d86-956d-25a014ffffa3,6b5edc02-f930-4de2-a691-c965ad171ac9,2026-01-02 05:33:06.000,pub_512
6c3df676-58d0-427f-8098-d4ca9f4926a5,80b7708a-f34b-4cd7-9b3d-0594a66337d5,2026-01-02 05:37:15.000,pub_445
fe5557cd-7177-48e1-9721-78f456f9be04,6ecad2b7-b646-4008-9939-e26a0ffdc290,2026-01-02 05:39:27.000,pub_445
0e0eb018-9ba1-4c0c-b8e3-e5fd1e4439e0,83f9bde8-6044-446e-b665-aee0bb0e656e,2026-01-02 05:40:09.000,pub_445
36415eae-1c96-45de-bfc7-788803e2c219,3f1ed2cc-0767-4665-8370-36e46f39a07e,2026-01-02 05:45:02.000,pub_101
3f23bf78-d21c-4f4d-91c1-bcb0bf1644e4,8a176764-6f34-497d-ba92-8314ab2d7719,2026-01-02 06:01:57.000,pub_318
0e77747b-b2f6-4ba4-8e21-a4f9239ad1bb,fdede5e3-9dba-4ca5-a36e-82895c4618f8,2026-01-02 06:02:09.000,pub_204
f9f25093-ee7b-4633-93f2-99af8694cbcb,393fc1c9-d322-4b8a-952e-5ad320900791,2026-01-02 06:05:39.000,pub_318
5633f1e6-e093-47e2-80fb-260099b4ae75,33c7942d-55ce-48ca-9169-a374b1f497df,2026-01-02 06:13:22.000,pub_204
d871ff48-ab70-44de-9c66-c8acb76efbf0,6b5edc02-f930-4de2-a691-c965ad171ac9,2026-01-02 06:23:26.000,pub_318
894d8d3f-eec1-47aa-9350-8c416fa5f6f7,393fc1c9-d322-4b8a-952e-5ad320900791,2026-01-02 06:27:51.000,pub_318
4d2c46f8-25c0-4225-a736-071d22cb5dda,33c7942d-55ce-48ca-9169-a374b1f497df,2026-01-02 06:42:38.000,pub_445
609766dd-fdd8-4357-825e-2f37fde173bf,749c9934-39ec-4687-9dbd-78378124d954,2026-01-02 07:04:22.000,pub_445
5b261287-40d7-4731-ae0b-324e947e854a,6b5edc02-f930-4de2-a691-c965ad171ac9,2026-01-02 07:14:31.000,pub_204
8dd67166-e025-4bed-9729-e813663635ed,6b5edc02-f930-4de2-a691-c965ad171ac9,2026-01-02 07:16:15.000,pub_101
d7f001b5-8900-4f7d-8a23-0092cd8a7bd8,3f1ed2cc-0767-4665-8370-36e46f39a07e,2026-01-02 07:48:16.000,pub_318
3cac937b-1148-4ff2-9485-5c7bb4290dd7,33c7942d-55ce-48ca-9169-a374b1f497df,2026-01-02 07:58:55.000,pub_445
e36083f4-5354-47bf-8c79-2ca210aef451,8a176764-6f34-497d-ba92-8314ab2d7719,2026-01-02 08:14:28.000,pub_512
e8c0202b-a825-4b63-9e1f-46dea22121aa,6b5edc02-f930-4de2-a691-c965ad171ac9,2026-01-02 08:16:39.000,pub_204
94ead58c-7a7d-44d2-9dce-002e508820b1,393fc1c9-d322-4b8a-952e-5ad320900791,2026-01-02 08:47:37.000,pub_512
517c76dc-4b98-41f0-ab0d-8c8bb8489932,6b5edc02-f930-4de2-a691-c965ad171ac9,2026-01-02 09:08:16.000,pub_101
79c62318-fa1c-4fbb-be89-2d8bc590e079,6ecad2b7-b646-4008-9939-e26a0ffdc290,2026-01-02 09:17:16.000,pub_101
3c51f082-d57f-4d15-b011-33ef57e4330d,33c7942d-55ce-48ca-9169-a374b1f497df,2026-01-02 09:30:26.000,pub_101
6c98d8d8-48cd-43cd-b4fe-dc96646c5cbb,749c9934-39ec-4687-9dbd-78378124d954,2026-01-02 09:35:51.000,pub_512
546ee985-080c-4964-a827-80b08b6de1c1,fdede5e3-9dba-4ca5-a36e-82895c4618f8,2026-01-02 09:38:07.000,pub_512
37e24cde-c234-4342-900b-674ba1fdb34d,8a176764-6f34-497d-ba92-8314ab2d7719,2026-01-02 09:40:42.000,pub_445
e5d77c76-4b5d-444b-8fce-3dc1965ff3f4,3f1ed2cc-0767-4665-8370-36e46f39a07e,2026-01-02 09:43:37.000,pub_204
a2d0394b-793c-401f-8a9b-fb6fbe957eb4,6ecad2b7-b646-4008-9939-e26a0ffdc290,2026-01-02 09:51:48.000,pub_445
64c5e0f5-5da5-45ef-98f1-7d43d5492da1,80b7708a-f34b-4cd7-9b3d-0594a66337d5,2026-01-02 10:00:41.000,pub_512
68328f69-5aa3-4b99-828e-9129876ea0a8,80b7708a-f34b-4cd7-9b3d-0594a66337d5,2026-01-02 10:02:45.000,pub_204
125fa530-1d8a-4790-a4d8-23fb6aeaedca,749c9934-39ec-4687-9dbd-78378124d954,2026-01-02 10:05:21.000,pub_101
3a67600e-1e0e-4867-bba2-adeb2dcec8f1,80b7708a-f34b-4cd7-9b3d-0594a66337d5,2026-01-02 10:19:48.000,pub_512
34b104e5-345e-4376-b2bd-9e06334f0b1d,393fc1c9-d322-4b8a-952e-5ad320900791,2026-01-02 10:23:43.000,pub_204
00f481d6-b5af-4188-9511-3e317ad39fe4,3f1ed2cc-0767-4665-8370-36e46f39a07e,2026-01-02 10:26:03.000,pub_512
e10b8238-dbcd-4571-9716-27a66a963752,749c9934-39ec-4687-9dbd-78378124d954,2026-01-02 10:30:59.000,pub_318
f9e4d738-2d59-4d48-a0bd-656992623472,83f9bde8-6044-446e-b665-aee0bb0e656e,2026-01-02 11:04:25.000,pub_318
46e6e96b-6aa7-45c9-861d-79fccf40b532,3f1ed2cc-0767-4665-8370-36e46f39a07e,2026-01-02 11:26:57.000,pub_445
6105c69c-b0b7-444d-b2cc-955b9cd13df5,fdede5e3-9dba-4ca5-a36e-82895c4618f8,2026-01-02 11:59:21.000,pub_204
09a67609-9081-4bc1-96c1-985f740c5ecf,83f9bde8-6044-446e-b665-aee0bb0e656e,2026-01-02 12:03:23.000,pub_445
f5d77a76-6746-4aa9-9d46-3deec795510e,749c9934-39ec-4687-9dbd-78378124d954,2026-01-02 12:09:52.000,pub_318
fec837d0-4244-40e8-8503-8b352afb3027,393fc1c9-d322-4b8a-952e-5ad320900791,2026-01-02 12:13:52.000,pub_318
ad87f9f1-5ce7-4c80-824c-7088c0141413,8a176764-6f34-497d-ba92-8314ab2d7719,2026-01-02 12:17:35.000,pub_101
7b70d77e-29e4-4938-bbc2-961042eee2f5,33c7942d-55ce-48ca-9169-a374b1f497df,2026-01-02 12:19:09.000,pub_318
046ce75f-74bc-45ec-a147-ed3499d4533d,33c7942d-55ce-48ca-9169-a374b1f497df,2026-01-02 12:19:58.000,pub_204
c661fea4-f7e5-4f79-b17a-496eba30a97c,6ecad2b7-b646-4008-9939-e26a0ffdc290,2026-01-02 12:26:11.000,pub_204
699bb721-574f-4eef-9a56-17f911aab56b,33c7942d-55ce-48ca-9169-a374b1f497df,2026-01-02 12:38:22.000,pub_101
59b65753-0f13-473e-a5e6-3d96bb8ec987,3f1ed2cc-0767-4665-8370-36e46f39a07e,2026-01-02 12:38:32.000,pub_101
1712846e-313f-4833-9227-0ea26e0e411c,8a176764-6f34-497d-ba92-8314ab2d7719,2026-01-02 12:58:25.000,pub_318
f295fa3c-e696-4f90-bc0e-6a6586f4b10e,8a176764-6f34-497d-ba92-8314ab2d7719,2026-01-02 12:58:35.000,pub_318
1a268baa-3601-42ff-9d16-29778704adcf,80b7708a-f34b-4cd7-9b3d-0594a66337d5,2026-01-02 13:01:46.000,pub_101
a5ae0593-c458-4029-8539-1b4d0363f396,fdede5e3-9dba-4ca5-a36e-82895c4618f8,2026-01-02 13:04:10.000,pub_512
daa68568-116d-4350-b74e-bb51f2315491,83f9bde8-6044-446e-b665-aee0bb0e656e,2026-01-02 13:14:51.000,pub_101
0389d64d-b9c3-4b5d-a6ba-ff5f775415a8,33c7942d-55ce-48ca-9169-a374b1f497df,2026-01-02 13:19:19.000,pub_445
a1724490-22b3-47bb-a3cf-e18eede783a3,6ecad2b7-b646-4008-9939-e26a0ffdc290,2026-01-02 13:23:34.000,pub_512
b7e02b02-aae8-4135-9200-2013e2e9d469,393fc1c9-d322-4b8a-952e-5ad320900791,2026-01-02 13:25:17.000,pub_512
47683f0e-676e-4256-9ccc-c09579ebf521,6b5edc02-f930-4de2-a691-c965ad171ac9,2026-01-02 13:26:31.000,pub_445
40283dbe-af31-4567-bc92-db2480210f7e,33c7942d-55ce-48ca-9169-a374b1f497df,2026-01-02 13:33:04.000,pub_445
a9b7d0c2-c01b-4efe-893e-2c0a0758a0ad,393fc1c9-d322-4b8a-952e-5ad320900791,2026-01-02 13:36:10.000,pub_318
a14931c9-d8ff-45e4-a241-c1df5a7beaec,3f1ed2cc-0767-4665-8370-36e46f39a07e,2026-01-02 13:50:31.000,pub_318
8e65421d-9381-4518-b7ae-98156c8b630e,83f9bde8-6044-446e-b665-aee0bb0e656e,2026-01-02 13:56:17.000,pub_512
ebed9a34-7c64-4cb6-ac11-3d68e1d48c0b,3f1ed2cc-0767-4665-8370-36e46f39a07e,2026-01-02 13:58:52.000,pub_204
ceea5a96-3def-4d0c-a537-951f10b16575,8a176764-6f34-497d-ba92-8314ab2d7719,2026-01-02 13:59:25.000,pub_204
828f0987-6d9e-428e-ae31-1dd4cf66c892,83f9bde8-6044-446e-b665-aee0bb0e656e,2026-01-02 14:06:53.000,pub_318
7759c601-7323-4142-b12d-2835d18b8616,393fc1c9-d322-4b8a-952e-5ad320900791,2026-01-02 14:17:03.000,pub_204
134281d4-0442-4183-bfa8-306b12b5a1c7,3f1ed2cc-0767-4665-8370-36e46f39a07e,2026-01-02 14:20:00.000,pub_204
ce7a8de6-fa70-4aca-ace9-ae020f7e91c8,6b5edc02-f930-4de2-a691-c965ad171ac9,2026-01-02 14:31:50.000,pub_445
4b445bee-ec5b-4746-82ae-e4ce6bf236b1,6b5edc02-f930-4de2-a691-c965ad171ac9,2026-01-02 14:43:35.000,pub_204
931c37c9-53f7-41ff-b725-c693e9a0b61d,749c9934-39ec-4687-9dbd-78378124d954,2026-01-02 14:59:09.000,pub_101
d637381d-3bda-4499-9b4d-033f4a32ab21,33c7942d-55ce-48ca-9169-a374b1f497df,2026-01-02 15:03:47.000,pub_318
dcd9e1b5-b0d1-494b-9dde-b364f1524f3f,8a176764-6f34-497d-ba92-8314ab2d7719,2026-01-02 15:19:43.000,pub_318
e1bd39c4-1681-43b0-8b58-502a69172006,8a176764-6f34-497d-ba92-8314ab2d7719,2026-01-02 15:25:19.000,pub_318
9ec9fb0c-dd8e-42f3-b7e8-90e54c9ccfd0,80b7708a-f34b-4cd7-9b3d-0594a66337d5,2026-01-02 15:28:30.000,pub_318
11e734c5-a2a0-4d22-9f73-ec6e60ed75cc,6b5edc02-f930-4de2-a691-c965ad171ac9,2026-01-02 15:36:16.000,pub_101
01585d66-d8ad-4f01-aaf1-76199feae795,6b5edc02-f930-4de2-a691-c965ad171ac9,2026-01-02 16:07:52.000,pub_512
a838bc50-5a67-4ae4-8e60-bda650e16bcd,8a176764-6f34-497d-ba92-8314ab2d7719,2026-01-02 16:32:37.000,pub_204
f145ba3d-abdb-458b-9e0b-a735a8f1bfb8,33c7942d-55ce-48ca-9169-a374b1f497df,2026-01-02 16:46:10.000,pub_101
ef203520-41eb-4204-8bbe-b33efda856d2,fdede5e3-9dba-4ca5-a36e-82895c4618f8,2026-01-02 17:28:37.000,pub_445
42df7e3e-f0ab-429c-83c7-b00708d9b62a,6ecad2b7-b646-4008-9939-e26a0ffdc290,2026-01-02 17:46:57.000,pub_445
5ba98acb-afc0-4f79-a04a-dbea03d9e809,3f1ed2cc-0767-4665-8370-36e46f39a07e,2026-01-02 18:38:50.000,pub_204
362fcd81-e009-43f6-8e36-9f3feb97759b,33c7942d-55ce-48ca-9169-a374b1f497df,2026-01-02 18:39:58.000,pub_204
49ccf917-cd23-4be6-a282-321e77785ac1,749c9934-39ec-4687-9dbd-78378124d954,2026-01-02 18:46:59.000,pub_204
c3dbeed9-fd7b-4eb0-add8-719f3ee20e99,fdede5e3-9dba-4ca5-a36e-82895c4618f8,2026-01-02 18:57:56.000,pub_204
2a21119b-c858-450e-ad2a-a478c92048a1,393fc1c9-d322-4b8a-952e-5ad320900791,2026-01-02 19:09:28.000,pub_318
770f9d92-7ffd-48c4-8a7e-8fc7f4dbc3d9,80b7708a-f34b-4cd7-9b3d-0594a66337d5,2026-01-02 19:13:02.000,pub_204
026cad80-4dab-4941-86f6-c950b286dc08,393fc1c9-d322-4b8a-952e-5ad320900791,2026-01-02 19:17:45.000,pub_445
91436c09-1c28-47c8-9621-b5a4eeca9a8d,83f9bde8-6044-446e-b665-aee0bb0e656e,2026-01-02 19:27:20.000,pub_204
9b12c134-5737-4c5c-918c-c25bff17b6f9,33c7942d-55ce-48ca-9169-a374b1f497df,2026-01-02 19:32:27.000,pub_512
81504b2c-5969-48ee-bce5-fe52a8defbcb,6ecad2b7-b646-4008-9939-e26a0ffdc290,2026-01-02 19:38:42.000,pub_318
f3b6d266-6270-4b5c-8ef3-ba5cbc36b944,33c7942d-55ce-48ca-9169-a374b1f497df,2026-01-02 19:39:04.000,pub_101
a84abf12-b62b-4429-bcb5-c3b919406760,3f1ed2cc-0767-4665-8370-36e46f39a07e,2026-01-02 19:59:17.000,pub_445
00de5e31-59ee-46cc-ae4c-9eefd3dd702d,80b7708a-f34b-4cd7-9b3d-0594a66337d5,2026-01-02 20:00:38.000,pub_101
447c0fe0-cb2e-45f5-b05a-5a38380e0d91,749c9934-39ec-4687-9dbd-78378124d954,2026-01-02 20:08:26.000,pub_101
e415332b-25e2-481a-b2ba-d66fe17217f3,749c9934-39ec-4687-9dbd-78378124d954,2026-01-02 20:36:28.000,pub_204
8af2deb9-f058-4bac-94ca-9ee67bb393b5,80b7708a-f34b-4cd7-9b3d-0594a66337d5,2026-01-02 20:42:00.000,pub_318
4afb172c-801a-444f-a118-81f06ab126eb,83f9bde8-6044-446e-b665-aee0bb0e656e,2026-01-02 20:52:10.000,pub_512
dfd2147f-1271-4197-a2c9-e773e6a6a41e,80b7708a-f34b-4cd7-9b3d-0594a66337d5,2026-01-02 20:58:46.000,pub_512
27d7718a-2303-4da3-afb1-21983aa3eefc,3f1ed2cc-0767-4665-8370-36e46f39a07e,2026-01-02 21:10:31.000,pub_512
4a5ee5c5-5571-4678-a8d7-14302220ce6e,393fc1c9-d322-4b8a-952e-5ad320900791,2026-01-02 21:20:17.000,pub_204
74837abd-0bff-4376-bf17-0f003789fc90,3f1ed2cc-0767-4665-8370-36e46f39a07e,2026-01-02 21:32:13.000,pub_101
e45268e6-2562-4a98-b81c-702163fdd82f,83f9bde8-6044-446e-b665-aee0bb0e656e,2026-01-02 21:39:38.000,pub_512
6d73e59b-ae69-44ba-b6b2-0cb294688ad0,83f9bde8-6044-446e-b665-aee0bb0e656e,2026-01-02 21:49:26.000,pub_445
7d2cfced-7bca-4ed7-bd86-26424b41ca7f,fdede5e3-9dba-4ca5-a36e-82895c4618f8,2026-01-02 21:52:44.000,pub_204
89adca08-cee5-42ab-830c-bb94a0cc91bd,3f1ed2cc-0767-4665-8370-36e46f39a07e,2026-01-02 21:52:57.000,pub_512
f1cefe70-90a0-4bf3-a8c4-ce468d99c190,80b7708a-f34b-4cd7-9b3d-0594a66337d5,2026-01-02 21:56:01.000,pub_445
154d1215-14d5-4902-95e4-9d06c4b69a14,749c9934-39ec-4687-9dbd-78378124d954,2026-01-02 22:08:45.000,pub_512
1b7ca201-31c3-42bf-b1d3-6c4204157445,3f1ed2cc-0767-4665-8370-36e46f39a07e,2026-01-02 22:18:22.000,pub_512
49780676-6e80-4632-8c9e-cf5fb45f74f8,83f9bde8-6044-446e-b665-aee0bb0e656e,2026-01-02 22:19:07.000,pub_204
cbea7974-6e72-44f2-beb2-b30a09af512e,6b5edc02-f930-4de2-a691-c965ad171ac9,2026-01-02 22:27:37.000,pub_318
8d4af34b-cb3a-4f5f-a6b2-6c061455dff2,6ecad2b7-b646-4008-9939-e26a0ffdc290,2026-01-02 22:32:02.000,pub_204
a98e2fc1-91ab-4eee-8865-626d90403915,80b7708a-f34b-4cd7-9b3d-0594a66337d5,2026-01-02 22:37:06.000,pub_445
1d67f0f8-ac94-45e2-8eef-f9e60f67cfd4,6ecad2b7-b646-4008-9939-e26a0ffdc290,2026-01-02 22:50:37.000,pub_204
6f2eaa17-194a-47ed-90c6-9a67ae94ad0b,3f1ed2cc-0767-4665-8370-36e46f39a07e,2026-01-02 22:52:23.000,pub_204
8868796d-022d-4fed-8264-17d97075cd4e,33c7942d-55ce-48ca-9169-a374b1f497df,2026-01-02 22:54:07.000,pub_204
565e92e5-3022-4600-92aa-f120c05ce984,33c7942d-55ce-48ca-9169-a374b1f497df,2026-01-02 22:55:55.000,pub_512
4c617a0e-f7a0-4d99-83b3-7329d70830d7,749c9934-39ec-4687-9dbd-78378124d954,2026-01-02 23:05:33.000,pub_204
17311604-7b6a-4470-8435-249b44025c9a,fdede5e3-9dba-4ca5-a36e-82895c4618f8,2026-01-02 23:06:15.000,pub_204
f969b36f-ef44-49e5-bddf-55294845cfb6,fdede5e3-9dba-4ca5-a36e-82895c4618f8,2026-01-02 23:06:49.000,pub_512
3c81493b-607c-401a-8c06-2361b2e778c7,83f9bde8-6044-446e-b665-aee0bb0e656e,2026-01-02 23:21:51.000,pub_101
d3ec623c-920f-42be-90a0-811183af57a1,83f9bde8-6044-446e-b665-aee0bb0e656e,2026-01-02 23:47:20.000,pub_101
d9067706-c765-4a18-9b6e-cb5e34272091,83f9bde8-6044-446e-b665-aee0bb0e656e,2026-01-02 23:47:41.000,pub_445
8467df98-f56d-446d-9512-19f50686a274,3f1ed2cc-0767-4665-8370-36e46f39a07e,2026-01-02 23:59:41.000,pub_101
303fc017-cabe-4149-8508-088858198cfb,80b7708a-f34b-4cd7-9b3d-0594a66337d5,2026-01-03 00:27:22.000,pub_318
e9e477c6-d28e-4754-b84f-728ae743daef,83f9bde8-6044-446e-b665-aee0bb0e656e,2026-01-03 00:30:19.000,pub_204
faa6b91f-6c91-412e-9828-3a6072d0cc83,8a176764-6f34-497d-ba92-8314ab2d7719,2026-01-03 00:41:28.000,pub_101
b4123386-ec0f-4f2a-825f-4e79db4a60ab,3f1ed2cc-0767-4665-8370-36e46f39a07e,2026-01-03 00:46:10.000,pub_101
451d85b8-936c-41cf-877b-cff887043909,3f1ed2cc-0767-4665-8370-36e46f39a07e,2026-01-03 00:47:15.000,pub_445
5e9158d7-e9ce-4db4-9ec9-21b1923c412a,6ecad2b7-b646-4008-9939-e26a0ffdc290,2026-01-03 00:51:25.000,pub_204
58f63e36-99c5-4141-bc26-6ba0ec878b58,6b5edc02-f930-4de2-a691-c965ad171ac9,2026-01-03 00:53:32.000,pub_101
6429fe66-87f5-4dc4-85fc-8bce4b3eedfd,83f9bde8-6044-446e-b665-aee0bb0e656e,2026-01-03 00:53:52.000,pub_512
62bfcf6b-f3ed-4326-8471-cfd7c303d776,393fc1c9-d322-4b8a-952e-5ad320900791,2026-01-03 00:55:32.000,pub_512
f6d9afd0-c9d5-4845-849a-2dbc657e0ba5,33c7942d-55ce-48ca-9169-a374b1f497df,2026-01-03 01:00:39.000,pub_318
e3bdd63d-2205-44a4-ad33-bdd7a1369f41,80b7708a-f34b-4cd7-9b3d-0594a66337d5,2026-01-03 01:03:05.000,pub_512
2f6ac577-2280-45de-abd6-071b2c3eb95d,393fc1c9-d322-4b8a-952e-5ad320900791,2026-01-03 01:08:18.000,pub_204
c8006eb1-fe18-419a-a58d-e7d9e6013b26,6ecad2b7-b646-4008-9939-e26a0ffdc290,2026-01-03 01:12:15.000,pub_445
68b768b9-a316-4cef-b980-c3bc7a16c473,83f9bde8-6044-446e-b665-aee0bb0e656e,2026-01-03 01:14:24.000,pub_445
a7654923-1eb7-4cf1-b1b9-5d9138985754,8a176764-6f34-497d-ba92-8314ab2d7719,2026-01-03 01:15:56.000,pub_204
61391a35-338d-4dc5-ade9-e493e3e06fe1,80b7708a-f34b-4cd7-9b3d-0594a66337d5,2026-01-03 01:17:08.000,pub_445
cc8d99c2-7a33-4798-91da-7fe15fc6c1a6,8a176764-6f34-497d-ba92-8314ab2d7719,2026-01-03 01:32:42.000,pub_445
c8392571-98b2-4acc-a8d6-aebc9967d1f6,fdede5e3-9dba-4ca5-a36e-82895c4618f8,2026-01-03 01:44:41.000,pub_445
c8bc3296-2b45-4495-a677-dc177fb8f225,6ecad2b7-b646-4008-9939-e26a0ffdc290,2026-01-03 01:44:54.000,pub_318
811d32c7-02cb-4dca-801a-1d0bf2ad479c,33c7942d-55ce-48ca-9169-a374b1f497df,2026-01-03 02:11:14.000,pub_101
b93b90d3-a00d-4cf7-9014-1bcc17619e7d,33c7942d-55ce-48ca-9169-a374b1f497df,2026-01-03 02:25:35.000,pub_101
1674490c-fcdb-494b-ab7c-0c8d2ec990ae,8a176764-6f34-497d-ba92-8314ab2d7719,2026-01-03 02:28:06.000,pub_101
b83996e1-205e-442f-9ffb-c7722448911c,749c9934-39ec-4687-9dbd-78378124d954,2026-01-03 02:36:33.000,pub_512
dc71d650-4a08-4e2f-88a1-440773133fc2,83f9bde8-6044-446e-b665-aee0bb0e656e,2026-01-03 02:38:24.000,pub_204
e3bdb66c-6aa7-4cb4-b976-75d656bb4254,8a176764-6f34-497d-ba92-8314ab2d7719,2026-01-03 02:43:16.000,pub_445
6e21354d-bd64-420f-8995-b656cc24125b,80b7708a-f34b-4cd7-9b3d-0594a66337d5,2026-01-03 02:51:10.000,pub_318
b1fe656b-fd18-4444-9858-806f1cbefbc0,393fc1c9-d322-4b8a-952e-5ad320900791,2026-01-03 02:57:39.000,pub_204
a61d16e5-e3d7-449e-9207-6f7d4a0635d8,fdede5e3-9dba-4ca5-a36e-82895c4618f8,2026-01-03 03:00:15.000,pub_204
bdca3503-c8ca-4a9d-aaa1-22dbc898fb1e,8a176764-6f34-497d-ba92-8314ab2d7719,2026-01-03 03:05:27.000,pub_318
03c0390e-2719-48da-b211-742ff356ec70,80b7708a-f34b-4cd7-9b3d-0594a66337d5,2026-01-03 03:07:03.000,pub_318
912b8e88-d214-45be-8f90-db845a64e816,749c9934-39ec-4687-9dbd-78378124d954,2026-01-03 03:09:10.000,pub_101
f0f35539-5aff-4dd3-a526-ff47a5fdf2ed,80b7708a-f34b-4cd7-9b3d-0594a66337d5,2026-01-03 03:09:15.000,pub_204
d3cbfba5-1fb4-4656-8024-4997eb3a32ca,393fc1c9-d322-4b8a-952e-5ad320900791,2026-01-03 03:16:45.000,pub_318
7c31eefd-b9b8-48c0-b713-839d8bcce6e1,6ecad2b7-b646-4008-9939-e26a0ffdc290,2026-01-03 03:20:46.000,pub_101
e70023ef-242d-474e-8e4b-422f3045caab,393fc1c9-d322-4b8a-952e-5ad320900791,2026-01-03 03:24:25.000,pub_512
1c9a659a-b4ab-4aae-bd3b-f835bf05d966,33c7942d-55ce-48ca-9169-a374b1f497df,2026-01-03 03:42:50.000,pub_445
f61ee139-f093-41af-8f90-50de4e6cb074,8a176764-6f34-497d-ba92-8314ab2d7719,2026-01-03 03:51:21.000,pub_318
66af2de2-e82d-4640-b03e-4a1511c44862,33c7942d-55ce-48ca-9169-a374b1f497df,2026-01-03 04:03:34.000,pub_101
a33d9322-b7b5-46cb-863e-a42ab36521df,fdede5e3-9dba-4ca5-a36e-82895c4618f8,2026-01-03 04:32:21.000,pub_512
c03aa94c-8da8-4589-8686-9f76392b3ab9,393fc1c9-d322-4b8a-952e-5ad320900791,2026-01-03 04:42:04.000,pub_445
de9aa34e-edb2-496a-9f84-258a97dfc23f,fdede5e3-9dba-4ca5-a36e-82895c4618f8,2026-01-03 04:42:20.000,pub_101
856232e6-3df5-41bd-ae53-0aba827af411,749c9934-39ec-4687-9dbd-78378124d954,2026-01-03 04:42:40.000,pub_445
357adf32-8db3-46b6-99a1-236d1cb6f753,80b7708a-f34b-4cd7-9b3d-0594a66337d5,2026-01-03 04:43:48.000,pub_101
c8cb86fe-0b7c-4659-abe3-33979927faba,6ecad2b7-b646-4008-9939-e26a0ffdc290,2026-01-03 04:49:58.000,pub_101
66ba4f91-2ba0-4b81-b7e5-78b843844c2a,33c7942d-55ce-48ca-9169-a374b1f497df,2026-01-03 04:54:54.000,pub_204
8ba971a1-fa78-44c7-b816-f69a4568a103,33c7942d-55ce-48ca-9169-a374b1f497df,2026-01-03 04:56:51.000,pub_512
25549736-ea1b-494b-b045-30c03f1a9601,fdede5e3-9dba-4ca5-a36e-82895c4618f8,2026-01-03 04:58:00.000,pub_512
19583061-4540-4924-bcc4-db3499b86253,33c7942d-55ce-48ca-9169-a374b1f497df,2026-01-03 04:59:36.000,pub_204
95838784-fd29-4d07-b2cd-f745ee38e1de,80b7708a-f34b-4cd7-9b3d-0594a66337d5,2026-01-03 05:00:08.000,pub_318
ea5ce9d1-7e5d-4eb2-b151-9e8f4f4a3c8a,3f1ed2cc-0767-4665-8370-36e46f39a07e,2026-01-03 05:01:30.000,pub_101
8d8e6349-4b03-4b3a-a89b-533d1b2c5beb,6b5edc02-f930-4de2-a691-c965ad171ac9,2026-01-03 05:08:32.000,pub_512
a5e146e9-e336-4bac-b189-ecc0c9f39ff9,fdede5e3-9dba-4ca5-a36e-82895c4618f8,2026-01-03 05:20:07.000,pub_204
0d344c1d-c84c-49a9-a72d-49f535e4de34,3f1ed2cc-0767-4665-8370-36e46f39a07e,2026-01-03 05:21:46.000,pub_204
7c9e1987-008d-4f7c-85f4-ac655b50cf8e,83f9bde8-6044-446e-b665-aee0bb0e656e,2026-01-03 05:23:01.000,pub_445
be31e914-1b28-436d-b4d9-c7a1f38e3428,fdede5e3-9dba-4ca5-a36e-82895c4618f8,2026-01-03 05:23:21.000,pub_204
f5b9e1fb-3fef-49d9-9d5c-44c0012b2be2,fdede5e3-9dba-4ca5-a36e-82895c4618f8,2026-01-03 05:27:52.000,pub_101
c96e6a30-ca67-4dbc-a77f-4b92376fa2ad,393fc1c9-d322-4b8a-952e-5ad320900791,2026-01-03 05:35:00.000,pub_318
718a859d-38b1-4a6f-aa8a-c8331e14a85b,8a176764-6f34-497d-ba92-8314ab2d7719,2026-01-03 05:35:37.000,pub_445
57a61067-ab95-4dcb-a3c0-b31b4a5c0e5c,8a176764-6f34-497d-ba92-8314ab2d7719,2026-01-03 06:06:12.000,pub_101
ccdfbc3a-36b1-462c-81c2-b657cb97391d,80b7708a-f34b-4cd7-9b3d-0594a66337d5,2026-01-03 06:10:36.000,pub_512
45aaf29b-9349-4504-a9a7-b6b1d351b95c,6b5edc02-f930-4de2-a691-c965ad171ac9,2026-01-03 06:15:04.000,pub_101
7864d016-bdd6-4517-b231-84616c9757ea,fdede5e3-9dba-4ca5-a36e-82895c4618f8,2026-01-03 06:53:40.000,pub_101
49062c42-55ac-4523-9881-2e34af1decbb,393fc1c9-d322-4b8a-952e-5ad320900791,2026-01-03 07:00:02.000,pub_318
b99394cb-70a9-4d5d-8a12-6bf836a9dee4,6b5edc02-f930-4de2-a691-c965ad171ac9,2026-01-03 07:06:07.000,pub_318
fb4fcff7-8f1d-45b7-a9ba-570a0b97cd0d,33c7942d-55ce-48ca-9169-a374b1f497df,2026-01-03 07:07:50.000,pub_204
6204853f-da92-4c6c-b95c-c1e6c7617dfc,33c7942d-55ce-48ca-9169-a374b1f497df,2026-01-03 07:22:40.000,pub_318
e9b69527-ad74-44f1-8bf7-78379a48c916,3f1ed2cc-0767-4665-8370-36e46f39a07e,2026-01-03 07:36:26.000,pub_512
2fe6e532-1cf9-45f1-a988-7b962460601b,fdede5e3-9dba-4ca5-a36e-82895c4618f8,2026-01-03 07:37:55.000,pub_204
865d9984-72f6-4c20-b79e-5eabdf639bf4,80b7708a-f34b-4cd7-9b3d-0594a66337d5,2026-01-03 07:38:55.000,pub_101
0109f587-cea6-476b-9d93-e3d7e61b134d,6b5edc02-f930-4de2-a691-c965ad171ac9,2026-01-03 07:43:51.000,pub_101
1ae9848b-f9cf-4660-bb11-23d59e3e72cc,749c9934-39ec-4687-9dbd-78378124d954,2026-01-03 07:52:22.000,pub_512
a81e3957-5973-4899-af9b-5cb5862ba20d,6ecad2b7-b646-4008-9939-e26a0ffdc290,2026-01-03 08:19:31.000,pub_445
2df07b5c-f70b-42b4-bd38-fd6b83030a79,fdede5e3-9dba-4ca5-a36e-82895c4618f8,2026-01-03 08:31:24.000,pub_101
2cd15343-3beb-4c4b-ba12-e1cc5d1f45c5,3f1ed2cc-0767-4665-8370-36e46f39a07e,2026-01-03 08:36:28.000,pub_512
dae911dd-976f-468c-a49c-e2db91e5d633,80b7708a-f34b-4cd7-9b3d-0594a66337d5,2026-01-03 08:40:57.000,pub_318
3644f32a-9307-4b20-9a43-60a91d2f8726,6b5edc02-f930-4de2-a691-c965ad171ac9,2026-01-03 08:43:08.000,pub_318
3b5be7d8-006a-4b14-803d-ad507d07ef20,6b5edc02-f930-4de2-a691-c965ad171ac9,2026-01-03 08:53:32.000,pub_318
ec730f09-a5b2-467c-9cb2-9edbf6370506,33c7942d-55ce-48ca-9169-a374b1f497df,2026-01-03 08:59:12.000,pub_445
89302027-656f-4454-b03b-b08f30b090ca,fdede5e3-9dba-4ca5-a36e-82895c4618f8,2026-01-03 09:49:46.000,pub_445
377272a1-707a-414b-ac61-7244ac57b599,3f1ed2cc-0767-4665-8370-36e46f39a07e,2026-01-03 09:58:39.000,pub_101
b0d6448d-35a6-4cd4-bb45-9eead6646798,3f1ed2cc-0767-4665-8370-36e46f39a07e,2026-01-03 10:17:12.000,pub_101
20c3c015-aae1-45be-85db-139fcc9601a0,83f9bde8-6044-446e-b665-aee0bb0e656e,2026-01-03 10:19:48.000,pub_318
f7fa513f-ac7e-4406-aaa8-a7598714a306,393fc1c9-d322-4b8a-952e-5ad320900791,2026-01-03 10:25:12.000,pub_512
57a1bf6e-3a01-4633-9279-1efabd37bb92,fdede5e3-9dba-4ca5-a36e-82895c4618f8,2026-01-03 10:44:45.000,pub_445
eaf66cba-55ef-41e2-8bb6-c19e4697c21b,393fc1c9-d322-4b8a-952e-5ad320900791,2026-01-03 10:53:01.000,pub_318
907e09e3-12ec-4e40-86d9-f5f021124d57,8a176764-6f34-497d-ba92-8314ab2d7719,2026-01-03 11:06:01.000,pub_204
dd00273b-a9da-4a1e-93ee-534f18f771e0,33c7942d-55ce-48ca-9169-a374b1f497df,2026-01-03 11:11:06.000,pub_101
23c20b25-f59c-46af-be8f-9952e78979f4,80b7708a-f34b-4cd7-9b3d-0594a66337d5,2026-01-03 11:19:43.000,pub_318
b7ed0adb-b6f2-470c-82cd-9e5cde5b1028,fdede5e3-9dba-4ca5-a36e-82895c4618f8,2026-01-03 11:22:02.000,pub_445
1cd5d0af-0ea5-4fdd-9a69-1fcbccfc3e9f,83f9bde8-6044-446e-b665-aee0bb0e656e,2026-01-03 11:55:19.000,pub_512
328a3473-9582-47b3-9bdd-86a082bfbb85,80b7708a-f34b-4cd7-9b3d-0594a66337d5,2026-01-03 11:56:20.000,pub_318
5d68a414-1705-4eb9-8baa-351e410d8fda,6b5edc02-f930-4de2-a691-c965ad171ac9,2026-01-03 11:58:38.000,pub_512
56fe0d3e-1ffb-4573-a498-008c1305b88a,33c7942d-55ce-48ca-9169-a374b1f497df,2026-01-03 12:01:30.000,pub_204
c9d7e337-8f44-4748-96fb-9444d37d7f91,8a176764-6f34-497d-ba92-8314ab2d7719,2026-01-03 12:07:55.000,pub_204
e6395948-35a9-4b85-864f-7bc0814ee516,3f1ed2cc-0767-4665-8370-36e46f39a07e,2026-01-03 12:08:29.000,pub_318
aa18209e-6d72-4989-8c21-9469114ca423,6b5edc02-f930-4de2-a691-c965ad171ac9,2026-01-03 12:37:50.000,pub_318
2b3b9877-2526-4ea1-b8ef-62640071d512,83f9bde8-6044-446e-b665-aee0bb0e656e,2026-01-03 12:41:02.000,pub_318
cd7dac31-233f-40c7-97a5-9728cbb1e76d,393fc1c9-d322-4b8a-952e-5ad320900791,2026-01-03 12:44:11.000,pub_318
db743cc8-293f-4043-93f0-07fae1fa3abe,3f1ed2cc-0767-4665-8370-36e46f39a07e,2026-01-03 12:45:18.000,pub_512
a348f2a5-2d6a-42ce-80c4-7b74207b3b58,fdede5e3-9dba-4ca5-a36e-82895c4618f8,2026-01-03 13:04:40.000,pub_318
8acb9715-ced1-4697-816c-016f8aa55da1,83f9bde8-6044-446e-b665-aee0bb0e656e,2026-01-03 13:05:29.000,pub_445
14105d2d-6dab-42b4-b73f-f882b4263309,6ecad2b7-b646-4008-9939-e26a0ffdc290,2026-01-03 13:08:04.000,pub_101
c7b56b5b-4af8-4ca9-a60c-a598fe785e57,83f9bde8-6044-446e-b665-aee0bb0e656e,2026-01-03 13:22:03.000,pub_204
ca652b1a-8930-49e3-9847-a78f31f49fcd,33c7942d-55ce-48ca-9169-a374b1f497df,2026-01-03 13:35:30.000,pub_318
8694b48d-6884-4b12-9906-128a29156745,33c7942d-55ce-48ca-9169-a374b1f497df,2026-01-03 13:49:47.000,pub_204
4217026a-3516-44ae-a252-bfba89a9baae,33c7942d-55ce-48ca-9169-a374b1f497df,2026-01-03 13:50:55.000,pub_445
56286304-5cb3-4b8b-92d2-e649e4f822b9,83f9bde8-6044-446e-b665-aee0bb0e656e,2026-01-03 13:53:52.000,pub_101
1a8d4ba1-7ad7-4337-adb2-ac55f627a462,fdede5e3-9dba-4ca5-a36e-82895c4618f8,2026-01-03 13:58:28.000,pub_445
25799162-038e-4269-9ae9-f5307a51f9d0,8a176764-6f34-497d-ba92-8314ab2d7719,2026-01-03 14:00:30.000,pub_204
76cf6635-be3f-45f9-a7d8-6a5632c0cb85,6ecad2b7-b646-4008-9939-e26a0ffdc290,2026-01-03 14:36:51.000,pub_101
c1a59e19-d60d-4be6-9545-e590bf7d21cf,fdede5e3-9dba-4ca5-a36e-82895c4618f8,2026-01-03 14:54:42.000,pub_318
60977797-4fb0-4828-aae1-dbc92a423026,393fc1c9-d322-4b8a-952e-5ad320900791,2026-01-03 14:56:48.000,pub_318
beb50c7c-2171-4130-8334-79cfe0bad33b,6b5edc02-f930-4de2-a691-c965ad171ac9,2026-01-03 15:00:17.000,pub_204
5cfa66a2-db8e-4c75-9bad-831be308e63b,fdede5e3-9dba-4ca5-a36e-82895c4618f8,2026-01-03 15:13:36.000,pub_204
0a3636f0-794b-46cb-9b25-affdff7726a9,8a176764-6f34-497d-ba92-8314ab2d7719,2026-01-03 15:18:35.000,pub_445
dce37385-a4eb-4683-9fd3-c15a6f747baa,6ecad2b7-b646-4008-9939-e26a0ffdc290,2026-01-03 15:30:09.000,pub_318
11c15646-3087-45bc-8161-61297085761a,fdede5e3-9dba-4ca5-a36e-82895c4618f8,2026-01-03 15:32:29.000,pub_204
2d1bd069-9daa-4c46-b49f-a73ea2675620,3f1ed2cc-0767-4665-8370-36e46f39a07e,2026-01-03 15:34:26.000,pub_101
1aa9c6c0-4f35-4d96-af30-6163e545d5e7,6ecad2b7-b646-4008-9939-e26a0ffdc290,2026-01-03 15:34:31.000,pub_204
f4d1d711-52ae-4ab2-853d-536537d7a84e,83f9bde8-6044-446e-b665-aee0bb0e656e,2026-01-03 15:37:19.000,pub_445
a53b7740-126f-4f1e-b6ff-611159d03f4d,393fc1c9-d322-4b8a-952e-5ad320900791,2026-01-03 15:41:52.000,pub_204
644616db-c2a4-4ccf-802d-695e22867b7c,fdede5e3-9dba-4ca5-a36e-82895c4618f8,2026-01-03 15:43:18.000,pub_318
3ca72112-807d-4a84-abc1-41b0725a45f9,fdede5e3-9dba-4ca5-a36e-82895c4618f8,2026-01-03 15:58:41.000,pub_318
42e6e9d3-c922-4ebd-a72b-ae4579bfe29b,80b7708a-f34b-4cd7-9b3d-0594a66337d5,2026-01-03 16:26:16.000,pub_445
a1e08bc0-9a9c-474f-81b7-1b53b1179be0,393fc1c9-d322-4b8a-952e-5ad320900791,2026-01-03 16:27:39.000,pub_101
be0a84bc-b38e-42ea-b41f-9bf2d3d06258,749c9934-39ec-4687-9dbd-78378124d954,2026-01-03 16:35:28.000,pub_445
a61f0086-fc12-46a0-909c-0ea55bf87b1f,749c9934-39ec-4687-9dbd-78378124d954,2026-01-03 16:42:10.000,pub_101
ea33e99d-e2b7-4839-bbc7-ab9beb29f925,6ecad2b7-b646-4008-9939-e26a0ffdc290,2026-01-03 17:08:31.000,pub_204
5c77f41a-dd42-488e-af98-9ab56234dd9a,80b7708a-f34b-4cd7-9b3d-0594a66337d5,2026-01-03 17:16:14.000,pub_512
686dc4a2-961d-43be-acf8-2764dc09d589,8a176764-6f34-497d-ba92-8314ab2d7719,2026-01-03 17:22:43.000,pub_101
29d4c020-bee6-45b7-9724-8d6522755118,fdede5e3-9dba-4ca5-a36e-82895c4618f8,2026-01-03 17:26:19.000,pub_204
c54b7a19-3918-4e64-b618-0d7dd35e2ff4,fdede5e3-9dba-4ca5-a36e-82895c4618f8,2026-01-03 17:26:25.000,pub_204
25cfbed7-5c52-4be7-beac-1a2599d54a99,80b7708a-f34b-4cd7-9b3d-0594a66337d5,2026-01-03 18:00:17.000,pub_101
d2acf16b-0692-4838-b3fc-21d2087b45ed,fdede5e3-9dba-4ca5-a36e-82895c4618f8,2026-01-03 18:00:26.000,pub_204
88a0635e-edf9-4e75-b7c8-99ba4b26e80d,6ecad2b7-b646-4008-9939-e26a0ffdc290,2026-01-03 18:16:10.000,pub_512
dc19572e-3289-42b9-ac8b-0aaacd9ab978,fdede5e3-9dba-4ca5-a36e-82895c4618f8,2026-01-03 18:16:20.000,pub_512
e9cd1cd7-0f7d-4bfd-828b-6a2480f76979,393fc1c9-d322-4b8a-952e-5ad320900791,2026-01-03 18:16:54.000,pub_318
595205ab-9088-4f2c-a756-d94968434310,80b7708a-f34b-4cd7-9b3d-0594a66337d5,2026-01-03 18:32:52.000,pub_101
de013901-0332-4581-b3d5-363a085b3f25,749c9934-39ec-4687-9dbd-78378124d954,2026-01-03 18:43:00.000,pub_101
1a44d649-fa32-4b4c-9cfc-15e42f7b17c5,83f9bde8-6044-446e-b665-aee0bb0e656e,2026-01-03 19:02:44.000,pub_318
1cfe8884-2d76-4ec8-a005-1bdb6132b1e8,3f1ed2cc-0767-4665-8370-36e46f39a07e,2026-01-03 19:21:11.000,pub_512
ace41c01-7118-426d-a659-61b28dfe49a1,80b7708a-f34b-4cd7-9b3d-0594a66337d5,2026-01-03 19:29:04.000,pub_204
bff87b81-d4da-4e1c-b7f6-90336a6beb75,3f1ed2cc-0767-4665-8370-36e46f39a07e,2026-01-03 20:03:40.000,pub_445
e4b87f99-07e6-4d67-ad2c-527ae07821ba,6b5edc02-f930-4de2-a691-c965ad171ac9,2026-01-03 20:08:16.000,pub_512
782664da-4ed3-4ee2-b613-c5be7c5ed17d,393fc1c9-d322-4b8a-952e-5ad320900791,2026-01-03 20:09:34.000,pub_318
e844905b-6c96-4118-bd8a-e87675cc8bd1,80b7708a-f34b-4cd7-9b3d-0594a66337d5,2026-01-03 20:18:54.000,pub_204
691068a9-b6f1-4fab-8091-f8d7024b4e09,6ecad2b7-b646-4008-9939-e26a0ffdc290,2026-01-03 20:19:40.000,pub_204
6f83838d-6a55-4aee-bca8-c94916d6cfa0,80b7708a-f34b-4cd7-9b3d-0594a66337d5,2026-01-03 20:31:17.000,pub_318
3b6ff22d-25f2-4aa6-b773-cd5ca58739ce,6b5edc02-f930-4de2-a691-c965ad171ac9,2026-01-03 20:39:42.000,pub_445
7769dca7-88d9-4627-9d42-98ac866b9b5d,80b7708a-f34b-4cd7-9b3d-0594a66337d5,2026-01-03 21:04:23.000,pub_318
da91fdf6-2d52-499c-b2ef-f70b28288f50,6b5edc02-f930-4de2-a691-c965ad171ac9,2026-01-03 21:10:22.000,pub_445
8eb375d4-0d31-4a85-ad3a-eddc1c1e0e1d,749c9934-39ec-4687-9dbd-78378124d954,2026-01-03 21:11:47.000,pub_204
f6d2542f-6825-4b22-9228-4e254cbabafa,749c9934-39ec-4687-9dbd-78378124d954,2026-01-03 21:23:15.000,pub_101
c7525f09-9b54-4974-a336-dd68a562f38c,3f1ed2cc-0767-4665-8370-36e46f39a07e,2026-01-03 21:45:54.000,pub_101
00154470-62ed-4a98-9e9a-8f6a759013d5,33c7942d-55ce-48ca-9169-a374b1f497df,2026-01-03 21:46:24.000,pub_101
ee6ce9be-e2ff-468b-950f-30c6d44d5f60,8a176764-6f34-497d-ba92-8314ab2d7719,2026-01-03 21:46:58.000,pub_204
f9a8cb48-2d58-4a45-a36f-27a13a5e584c,83f9bde8-6044-446e-b665-aee0bb0e656e,2026-01-03 21:52:58.000,pub_512
c41f6c31-2c5c-4c69-87a8-659550670a44,749c9934-39ec-4687-9dbd-78378124d954,2026-01-03 21:53:53.000,pub_512
db838c34-0d8f-4948-86d0-e5caf7847b39,749c9934-39ec-4687-9dbd-78378124d954,2026-01-03 21:58:24.000,pub_318
e358453f-10fe-4a9a-b4eb-953f01b1782f,83f9bde8-6044-446e-b665-aee0bb0e656e,2026-01-03 22:12:10.000,pub_101
4c3739c5-86d5-4770-98e5-9b64629d97d0,749c9934-39ec-4687-9dbd-78378124d954,2026-01-03 22:25:46.000,pub_512
a98844c9-0735-4766-8a8d-bdfbded80000,749c9934-39ec-4687-9dbd-78378124d954,2026-01-03 22:32:45.000,pub_445
2a5ae4a1-1805-4510-9fed-804cc6e841b2,fdede5e3-9dba-4ca5-a36e-82895c4618f8,2026-01-03 22:37:07.000,pub_445
379de0f8-ef2c-4aee-bb54-c6d5d934de44,fdede5e3-9dba-4ca5-a36e-82895c4618f8,2026-01-03 22:42:19.000,pub_101
711c45e3-03b6-4aec-9103-24c3f31d57f2,8a176764-6f34-497d-ba92-8314ab2d7719,2026-01-03 22:43:15.000,pub_318
e246f536-8662-4d59-81b3-4c0f37311fd1,33c7942d-55ce-48ca-9169-a374b1f497df,2026-01-03 22:54:46.000,pub_204
09a60904-28ca-424f-a048-609171c0400b,3f1ed2cc-0767-4665-8370-36e46f39a07e,2026-01-03 22:57:16.000,pub_512
b11a2683-a40f-4d16-879d-098b2bfff8a5,83f9bde8-6044-446e-b665-aee0bb0e656e,2026-01-03 23:01:14.000,pub_318
98ae8f6b-a617-4291-a95c-2d88c07ecfdd,80b7708a-f34b-4cd7-9b3d-0594a66337d5,2026-01-03 23:38:00.000,pub_101
ca4ae707-c458-4b08-a33b-39d2abb862ed,6ecad2b7-b646-4008-9939-e26a0ffdc290,2026-01-04 00:05:17.000,pub_445
04fa0be6-e667-44df-ae56-953c4c96a235,fdede5e3-9dba-4ca5-a36e-82895c4618f8,2026-01-04 00:08:59.000,pub_512
02a61c9f-9cfc-4376-9b8d-34ca181e44a6,6ecad2b7-b646-4008-9939-e26a0ffdc290,2026-01-04 00:14:16.000,pub_445
317bca7a-3941-457f-bcf6-6feb3ca82c43,33c7942d-55ce-48ca-9169-a374b1f497df,2026-01-04 00:14:47.000,pub_318
cc33dc4e-2eb0-4caa-9c3d-6ec16f761818,6ecad2b7-b646-4008-9939-e26a0ffdc290,2026-01-04 00:16:24.000,pub_318
04333ad1-a416-4e3c-ba47-2f0871f42cc9,83f9bde8-6044-446e-b665-aee0bb0e656e,2026-01-04 00:24:37.000,pub_512
6823aaf8-3023-4b03-832c-f82ae01e9839,33c7942d-55ce-48ca-9169-a374b1f497df,2026-01-04 00:42:48.000,pub_318
77b04383-f850-4092-806c-f4c3c6522a21,393fc1c9-d322-4b8a-952e-5ad320900791,2026-01-04 01:24:44.000,pub_318
1a74fa5e-bbbe-41a7-937b-7c08665d2f46,6ecad2b7-b646-4008-9939-e26a0ffdc290,2026-01-04 01:31:02.000,pub_445
227e4e12-98a7-4c79-a970-964c32fb9178,6b5edc02-f930-4de2-a691-c965ad171ac9,2026-01-04 01:36:00.000,pub_204
282e28a3-71e3-476c-bbbb-23d6b0911dca,6b5edc02-f930-4de2-a691-c965ad171ac9,2026-01-04 01:39:11.000,pub_445
cb592188-4e50-4ffb-af93-704ebb0edc72,393fc1c9-d322-4b8a-952e-5ad320900791,2026-01-04 01:47:30.000,pub_318
a7d0345a-52cc-4ddd-9dac-e363cbe5c8f1,83f9bde8-6044-446e-b665-aee0bb0e656e,2026-01-04 01:56:30.000,pub_101
e9d9565e-5da7-4604-aaf0-1cc6b04205d6,83f9bde8-6044-446e-b665-aee0bb0e656e,2026-01-04 01:59:42.000,pub_318
becffeaf-eb3c-48e1-9a93-0ba129a5ff48,fdede5e3-9dba-4ca5-a36e-82895c4618f8,2026-01-04 02:03:01.000,pub_445
71335096-85d3-4ec0-bde1-99ad4e8c5d2c,6b5edc02-f930-4de2-a691-c965ad171ac9,2026-01-04 02:14:31.000,pub_512
6f26069b-5632-4db7-98e7-4a922334b1cb,83f9bde8-6044-446e-b665-aee0bb0e656e,2026-01-04 02:24:58.000,pub_318
f0fa0b7a-0e62-48e2-b4ac-3ac2457c7997,3f1ed2cc-0767-4665-8370-36e46f39a07e,2026-01-04 02:30:57.000,pub_101
7cea4166-319d-4cbf-956b-dfe5adf4c3ce,6b5edc02-f930-4de2-a691-c965ad171ac9,2026-01-04 02:35:44.000,pub_318
7fd2c2d1-f214-4c57-bf2a-db008cad31cf,749c9934-39ec-4687-9dbd-78378124d954,2026-01-04 02:36:57.000,pub_445
9b01634b-50cd-4af3-a8d5-3554d4012345,fdede5e3-9dba-4ca5-a36e-82895c4618f8,2026-01-04 02:39:32.000,pub_318
1f8d863d-6bc6-43b4-9f8f-3ed3e3ed4f67,33c7942d-55ce-48ca-9169-a374b1f497df,2026-01-04 03:17:01.000,pub_318
e3de6189-bcaf-40f3-a9d5-f6412ebe7107,393fc1c9-d322-4b8a-952e-5ad320900791,2026-01-04 03:17:02.000,pub_445
fe6a5ca4-d557-4404-be34-3016e458f97e,6ecad2b7-b646-4008-9939-e26a0ffdc290,2026-01-04 03:19:35.000,pub_101
32b59d2a-a385-4ad6-a751-5d4c9260fc3e,80b7708a-f34b-4cd7-9b3d-0594a66337d5,2026-01-04 03:19:54.000,pub_204
22e03b8d-c0de-4d79-9085-232c2289d02a,6ecad2b7-b646-4008-9939-e26a0ffdc290,2026-01-04 03:23:35.000,pub_318
b11c2616-9b67-46c1-a3dd-9c0cd634f983,393fc1c9-d322-4b8a-952e-5ad320900791,2026-01-04 03:26:32.000,pub_318
49025a4f-ce5b-4000-b804-0cf9a32e85a0,6ecad2b7-b646-4008-9939-e26a0ffdc290,2026-01-04 03:47:16.000,pub_204
71e066e5-6bdc-487b-b45f-f2705463f9ec,6ecad2b7-b646-4008-9939-e26a0ffdc290,2026-01-04 04:03:53.000,pub_101
a961cf90-4d04-4c75-b55b-6b01498e19f6,fdede5e3-9dba-4ca5-a36e-82895c4618f8,2026-01-04 04:07:50.000,pub_445
002cf5b4-4833-4ac6-a868-a43907e3a85e,6ecad2b7-b646-4008-9939-e26a0ffdc290,2026-01-04 04:09:02.000,pub_512
77f32e3f-f48d-4581-8b65-e385070428c4,393fc1c9-d322-4b8a-952e-5ad320900791,2026-01-04 04:09:21.000,pub_445
506fe164-0107-4c9e-a419-98aaa5f5af5b,80b7708a-f34b-4cd7-9b3d-0594a66337d5,2026-01-04 04:10:13.000,pub_101
5e9f6058-d32f-41fb-bbc9-a401023ceb69,749c9934-39ec-4687-9dbd-78378124d954,2026-01-04 04:12:40.000,pub_318
dc8634df-ffed-4fa1-9d60-2fa75d12c2a7,83f9bde8-6044-446e-b665-aee0bb0e656e,2026-01-04 04:16:14.000,pub_318
2c254ce3-7af9-4e3d-ba58-86b853d819b3,6ecad2b7-b646-4008-9939-e26a0ffdc290,2026-01-04 04:22:56.000,pub_445
96b074e5-a0bd-4429-aca5-17cac9f26890,80b7708a-f34b-4cd7-9b3d-0594a66337d5,2026-01-04 04:39:04.000,pub_101
23be9435-03f3-4c78-af27-373e66ef7be7,6b5edc02-f930-4de2-a691-c965ad171ac9,2026-01-04 04:43:03.000,pub_512
79de3198-7bc5-4dbd-9890-ecf4c71724ae,749c9934-39ec-4687-9dbd-78378124d954,2026-01-04 04:47:34.000,pub_318
27dcbdac-22b0-431d-9971-023b0ee9c0cd,749c9934-39ec-4687-9dbd-78378124d954,2026-01-04 04:57:36.000,pub_101
8adf994b-ce3a-48a5-ac95-d15aa6535c03,8a176764-6f34-497d-ba92-8314ab2d7719,2026-01-04 04:59:57.000,pub_204
0156bd21-e42a-4ab2-9f89-d34f9479d96d,749c9934-39ec-4687-9dbd-78378124d954,2026-01-04 05:01:49.000,pub_512
73c8f134-e66f-4e7a-8092-6f6d6cbb3000,749c9934-39ec-4687-9dbd-78378124d954,2026-01-04 05:08:37.000,pub_204
5372d918-13c9-46cf-98b6-f3ca2e159a23,83f9bde8-6044-446e-b665-aee0bb0e656e,2026-01-04 05:10:10.000,pub_445
ac10e0c0-3eb5-44b0-9cfb-ab37d11647c7,80b7708a-f34b-4cd7-9b3d-0594a66337d5,2026-01-04 05:17:04.000,pub_512
e6dd2456-9891-42ff-b539-16ed9de1fd34,83f9bde8-6044-446e-b665-aee0bb0e656e,2026-01-04 05:19:24.000,pub_318
5b1e7597-341a-4ea8-849e-0e2853d5f7f7,393fc1c9-d322-4b8a-952e-5ad320900791,2026-01-04 05:31:55.000,pub_204
ab777bca-2cd8-4aac-a02c-403c5fc51cd2,393fc1c9-d322-4b8a-952e-5ad320900791,2026-01-04 05:35:31.000,pub_445
6f26d9f3-7774-4d20-8038-7486101bab93,33c7942d-55ce-48ca-9169-a374b1f497df,2026-01-04 05:45:44.000,pub_204
386f8b0d-0696-4712-9367-818fdfd96788,8a176764-6f34-497d-ba92-8314ab2d7719,2026-01-04 05:50:58.000,pub_204
dbe5068b-f629-4373-88b1-d66744976af4,3f1ed2cc-0767-4665-8370-36e46f39a07e,2026-01-04 05:56:41.000,pub_204
87199233-3709-4af9-bc81-a066ad5bfd2c,fdede5e3-9dba-4ca5-a36e-82895c4618f8,2026-01-04 06:05:10.000,pub_318
5f4281ca-2299-465b-8b70-553378546832,393fc1c9-d322-4b8a-952e-5ad320900791,2026-01-04 06:08:48.000,pub_445
7a4b5264-1c61-495e-8c9d-c7c5fd458a9e,8a176764-6f34-497d-ba92-8314ab2d7719,2026-01-04 06:12:57.000,pub_101
fcc5bd39-a5a2-4cb4-b738-08a26f6798a9,33c7942d-55ce-48ca-9169-a374b1f497df,2026-01-04 06:22:29.000,pub_512
51c3e831-7b45-4a4b-8c02-eea17ac3b10d,8a176764-6f34-497d-ba92-8314ab2d7719,2026-01-04 06:25:33.000,pub_101
93a9b3d1-1a18-456c-96f9-e40d071fc96e,393fc1c9-d322-4b8a-952e-5ad320900791,2026-01-04 06:26:47.000,pub_204
cdd6521b-25cd-4200-a881-f42a07090b02,6b5edc02-f930-4de2-a691-c965ad171ac9,2026-01-04 06:31:37.000,pub_101
b7563d49-859c-4bf6-9246-1eaa8930f0b3,8a176764-6f34-497d-ba92-8314ab2d7719,2026-01-04 06:39:32.000,pub_318
f84f9741-6e05-433c-aa83-73ac16f0dde7,3f1ed2cc-0767-4665-8370-36e46f39a07e,2026-01-04 06:40:52.000,pub_101
d544ae3c-576f-45df-8fab-7921a54d910b,3f1ed2cc-0767-4665-8370-36e46f39a07e,2026-01-04 06:41:42.000,pub_512
e058d3e7-2616-4ea3-8844-3bc6060a99e9,749c9934-39ec-4687-9dbd-78378124d954,2026-01-04 06:42:45.000,pub_318
74d5296d-3357-413b-9166-da9e7e69b668,749c9934-39ec-4687-9dbd-78378124d954,2026-01-04 06:51:07.000,pub_512
1a7f055a-a684-431b-9875-ae27d747b16b,8a176764-6f34-497d-ba92-8314ab2d7719,2026-01-04 06:56:27.000,pub_318
94f97efb-de93-40f7-9301-7dca45a316c4,6b5edc02-f930-4de2-a691-c965ad171ac9,2026-01-04 06:59:11.000,pub_318
0d147a74-fdfb-43aa-91d1-112319bd280e,749c9934-39ec-4687-9dbd-78378124d954,2026-01-04 07:00:32.000,pub_512
423073d1-03af-49e4-bffc-7a217ea48435,33c7942d-55ce-48ca-9169-a374b1f497df,2026-01-04 07:02:05.000,pub_318
25376333-935d-490d-8a38-97f33c16706d,fdede5e3-9dba-4ca5-a36e-82895c4618f8,2026-01-04 07:06:10.000,pub_204
ddffbf4f-c0f7-4140-9a3e-237d9aff7b42,3f1ed2cc-0767-4665-8370-36e46f39a07e,2026-01-04 07:10:48.000,pub_204
75f19f61-76a4-48cc-8949-854c2f8c22cf,83f9bde8-6044-446e-b665-aee0bb0e656e,2026-01-04 07:10:51.000,pub_101
ac79d1b1-f62b-461a-b678-9594aa8cdc02,6ecad2b7-b646-4008-9939-e26a0ffdc290,2026-01-04 07:13:49.000,pub_318
6e539d47-3a9d-475f-8cf0-7bd9f9a1dd5f,6ecad2b7-b646-4008-9939-e26a0ffdc290,2026-01-04 07:24:51.000,pub_318
5ff637ac-6e30-46d9-9db3-36710da4099e,8a176764-6f34-497d-ba92-8314ab2d7719,2026-01-04 07:30:07.000,pub_101
31e7744e-2728-443c-a48b-6c614d8fd519,6b5edc02-f930-4de2-a691-c965ad171ac9,2026-01-04 07:41:46.000,pub_318
e87b58e9-d37b-4294-81d1-ca7c6a30953f,3f1ed2cc-0767-4665-8370-36e46f39a07e,2026-01-04 07:42:57.000,pub_204
b7fbbe44-f5f8-4e51-a83b-7b1aa548eedf,6b5edc02-f930-4de2-a691-c965ad171ac9,2026-01-04 07:56:46.000,pub_101
e386b429-c319-40dc-8374-a227596a2161,6ecad2b7-b646-4008-9939-e26a0ffdc290,2026-01-04 08:05:48.000,pub_101
c06ec3d4-1077-4f9c-bb28-7e4b0187ba7f,749c9934-39ec-4687-9dbd-78378124d954,2026-01-04 08:08:51.000,pub_204
371ac95b-6b13-4e30-976b-f16a1566096c,80b7708a-f34b-4cd7-9b3d-0594a66337d5,2026-01-04 08:18:18.000,pub_445
341e39d9-ffdf-4719-b0d3-d14a42c0b6e4,749c9934-39ec-4687-9dbd-78378124d954,2026-01-04 08:20:25.000,pub_512
ce1f7de7-57f2-42d7-9493-4760a9163cbd,33c7942d-55ce-48ca-9169-a374b1f497df,2026-01-04 08:34:32.000,pub_445
df092a0f-bae3-4c39-8ae7-b6c585177a69,749c9934-39ec-4687-9dbd-78378124d954,2026-01-04 08:42:06.000,pub_318
8e5fc6db-189a-4763-ba2a-344a16875d56,33c7942d-55ce-48ca-9169-a374b1f497df,2026-01-04 08:52:51.000,pub_318
eda75d8b-2069-40e0-90ae-f8c97315d729,6b5edc02-f930-4de2-a691-c965ad171ac9,2026-01-04 08:55:11.000,pub_204
47fb6a2f-d464-4189-a6d2-c50b0b5bb867,749c9934-39ec-4687-9dbd-78378124d954,2026-01-04 08:55:13.000,pub_204
4b6aebe6-cad1-4062-9245-26aea0fa9765,83f9bde8-6044-446e-b665-aee0bb0e656e,2026-01-04 09:04:04.000,pub_101
b63157d0-48e1-4256-bc3d-37dc155913fe,80b7708a-f34b-4cd7-9b3d-0594a66337d5,2026-01-04 09:04:22.000,pub_204
c65e1627-5fda-41de-9fea-8815b7e0322e,80b7708a-f34b-4cd7-9b3d-0594a66337d5,2026-01-04 09:05:55.000,pub_512
199985b4-02ec-43be-b0a1-495bae98ff07,6b5edc02-f930-4de2-a691-c965ad171ac9,2026-01-04 09:06:01.000,pub_445
4d8fa105-9d3f-4f37-b01f-712749a3138d,8a176764-6f34-497d-ba92-8314ab2d7719,2026-01-04 09:22:19.000,pub_101
e481bd55-91a6-49b5-9d38-37815dcba12b,83f9bde8-6044-446e-b665-aee0bb0e656e,2026-01-04 09:31:55.000,pub_445
6420494f-e86e-4dcc-ae82-a0df6fcf5dba,80b7708a-f34b-4cd7-9b3d-0594a66337d5,2026-01-04 09:40:19.000,pub_512
075e2e39-f5ee-4368-8466-ddb6bb4f0562,393fc1c9-d322-4b8a-952e-5ad320900791,2026-01-04 09:52:55.000,pub_318
817672e3-623a-4416-a164-37bd5fa6c753,3f1ed2cc-0767-4665-8370-36e46f39a07e,2026-01-04 10:00:06.000,pub_204
186daee2-e2fd-44f2-929f-8f29bdefc718,fdede5e3-9dba-4ca5-a36e-82895c4618f8,2026-01-04 10:02:10.000,pub_512
d1eb25a2-a566-4ad3-8309-1e6cb631e371,6b5edc02-f930-4de2-a691-c965ad171ac9,2026-01-04 10:10:00.000,pub_101
d54f9dee-3212-4b6c-930e-1adea1a21a11,6b5edc02-f930-4de2-a691-c965ad171ac9,2026-01-04 10:12:21.000,pub_318
36697d90-28f3-4b5b-b48f-a4f47296f6e2,749c9934-39ec-4687-9dbd-78378124d954,2026-01-04 10:33:17.000,pub_512
ee41b446-09a3-46da-8352-88b5146eaac6,3f1ed2cc-0767-4665-8370-36e46f39a07e,2026-01-04 10:34:26.000,pub_101
6cc580f3-b8ac-4590-94cd-ed826b61f9ae,83f9bde8-6044-446e-b665-aee0bb0e656e,2026-01-04 10:37:56.000,pub_318
36290213-f3c8-49ff-98b1-45d6e6aa06f1,393fc1c9-d322-4b8a-952e-5ad320900791,2026-01-04 10:42:46.000,pub_101
801bcddb-55d2-4008-8000-b3ec7ef39c9d,fdede5e3-9dba-4ca5-a36e-82895c4618f8,2026-01-04 10:44:11.000,pub_512
c4dbc151-8098-4242-8c24-d57b9c8235b8,fdede5e3-9dba-4ca5-a36e-82895c4618f8,2026-01-04 10:52:37.000,pub_204
4d703e87-915f-4669-8863-4c27759288d1,8a176764-6f34-497d-ba92-8314ab2d7719,2026-01-04 10:55:49.000,pub_204
0b5aef14-a639-44fc-827a-a8bd3a8391df,3f1ed2cc-0767-4665-8370-36e46f39a07e,2026-01-04 10:59:38.000,pub_445
07ba46f4-5182-48a5-9704-fa88e45ab317,6ecad2b7-b646-4008-9939-e26a0ffdc290,2026-01-04 11:00:14.000,pub_318
1da20a75-984f-4765-acc5-1829f92a5b05,fdede5e3-9dba-4ca5-a36e-82895c4618f8,2026-01-04 11:07:38.000,pub_318
5772b237-ddde-4244-a4b3-f7ceb867a2be,80b7708a-f34b-4cd7-9b3d-0594a66337d5,2026-01-04 11:10:44.000,pub_445
dcd78fc6-26b1-402c-a13d-fb94069f2f47,83f9bde8-6044-446e-b665-aee0bb0e656e,2026-01-04 11:31:01.000,pub_512
756b4577-187f-4921-b77f-17ed2f1d9a07,83f9bde8-6044-446e-b665-aee0bb0e656e,2026-01-04 12:20:08.000,pub_512
ec164481-3511-4b5e-87f1-450d2d9cb225,6b5edc02-f930-4de2-a691-c965ad171ac9,2026-01-04 12:56:50.000,pub_512
239eba4e-203c-4fb7-b0ef-082b0f9126c6,8a176764-6f34-497d-ba92-8314ab2d7719,2026-01-04 13:01:11.000,pub_101
43e2e180-9ed0-4f51-9b57-6433dcc31f0a,80b7708a-f34b-4cd7-9b3d-0594a66337d5,2026-01-04 13:01:34.000,pub_204
0b1f6a5f-cba7-43ff-948d-8e7d53bff636,8a176764-6f34-497d-ba92-8314ab2d7719,2026-01-04 13:02:29.000,pub_101
8b4edfc3-d5e2-4ba7-8109-62ead14b304c,3f1ed2cc-0767-4665-8370-36e46f39a07e,2026-01-04 13:05:08.000,pub_101
696c86bb-bffe-45f8-9ce2-435cc400375c,6b5edc02-f930-4de2-a691-c965ad171ac9,2026-01-04 13:08:54.000,pub_445
afd31be2-ad7a-4da6-ab51-7c02f1b3e90e,6ecad2b7-b646-4008-9939-e26a0ffdc290,2026-01-04 13:33:58.000,pub_318
be23e8e2-fea9-4775-b7ae-2ab37aa9959e,33c7942d-55ce-48ca-9169-a374b1f497df,2026-01-04 13:40:14.000,pub_445
6712876e-150e-4bb0-b953-e84b5ac72676,393fc1c9-d322-4b8a-952e-5ad320900791,2026-01-04 13:54:10.000,pub_318
697a252c-9eff-453e-a36e-0013b4db7cfe,6ecad2b7-b646-4008-9939-e26a0ffdc290,2026-01-04 14:03:19.000,pub_445
a5b086ed-ce9e-4217-8028-12de5633ef2a,6ecad2b7-b646-4008-9939-e26a0ffdc290,2026-01-04 14:12:46.000,pub_318
51e0a3cf-7458-461b-8e8c-d6d4095181f0,6ecad2b7-b646-4008-9939-e26a0ffdc290,2026-01-04 14:16:36.000,pub_445
c9545ca8-0ab6-482f-bf52-bf793e4ed615,8a176764-6f34-497d-ba92-8314ab2d7719,2026-01-04 14:18:43.000,pub_512
e473a3dd-6690-49b9-8171-d4ee0b10d301,6b5edc02-f930-4de2-a691-c965ad171ac9,2026-01-04 14:37:27.000,pub_318
c771d6e4-9526-4f5f-a435-7dde1cd16775,80b7708a-f34b-4cd7-9b3d-0594a66337d5,2026-01-04 14:40:44.000,pub_512
c9cf1359-2316-4d2c-9042-ef14ce94f6aa,6b5edc02-f930-4de2-a691-c965ad171ac9,2026-01-04 15:01:01.000,pub_204
3b89e6b9-54c0-49fe-8554-d9d6f3db9da0,6ecad2b7-b646-4008-9939-e26a0ffdc290,2026-01-04 15:10:52.000,pub_445
8986a055-5cc9-4f39-90c1-b0d2a168e526,393fc1c9-d322-4b8a-952e-5ad320900791,2026-01-04 15:13:49.000,pub_318
9d72b331-acc8-4844-b9a5-f0fbdfbffd0f,33c7942d-55ce-48ca-9169-a374b1f497df,2026-01-04 15:21:59.000,pub_101
7b6c1c6b-5763-4dd6-98b9-31e8fa66d271,3f1ed2cc-0767-4665-8370-36e46f39a07e,2026-01-04 15:22:45.000,pub_204
602de322-5257-4b4f-b75e-92fb43097aa9,83f9bde8-6044-446e-b665-aee0bb0e656e,2026-01-04 15:26:15.000,pub_101
41913169-66d6-4c45-80fc-b5c57514300b,749c9934-39ec-4687-9dbd-78378124d954,2026-01-04 15:30:41.000,pub_445
3188c347-bf31-4131-9124-bb6b83eb65f1,6ecad2b7-b646-4008-9939-e26a0ffdc290,2026-01-04 15:31:26.000,pub_318
c859035f-1a58-4114-9dd5-df494dbd5067,8a176764-6f34-497d-ba92-8314ab2d7719,2026-01-04 15:43:48.000,pub_204
962d943e-d6d9-4104-a044-3a627e680efc,6b5edc02-f930-4de2-a691-c965ad171ac9,2026-01-04 15:49:47.000,pub_445
e94b842b-4c5f-4356-be62-2aa7e698f498,33c7942d-55ce-48ca-9169-a374b1f497df,2026-01-04 16:24:59.000,pub_318
de87b125-6ebc-405a-ac1a-b1b1832c0539,3f1ed2cc-0767-4665-8370-36e46f39a07e,2026-01-04 16:28:15.000,pub_204
90095f1e-0a57-4261-8bad-63c6cbaa3116,749c9934-39ec-4687-9dbd-78378124d954,2026-01-04 16:34:47.000,pub_512
f70b4593-6d8f-4873-85b3-2a683a4c6713,33c7942d-55ce-48ca-9169-a374b1f497df,2026-01-04 16:58:36.000,pub_101
cd6344ed-b925-4844-8987-3cec21e2b42b,8a176764-6f34-497d-ba92-8314ab2d7719,2026-01-04 17:00:46.000,pub_101
8456ecfa-364c-4c83-9677-2ea2095a0f87,83f9bde8-6044-446e-b665-aee0bb0e656e,2026-01-04 17:03:48.000,pub_318
cd7205a2-2fcb-4f2c-bc66-a3e57372d063,393fc1c9-d322-4b8a-952e-5ad320900791,2026-01-04 17:10:15.000,pub_318
319fa946-1ddd-465b-bf96-6852a80db48b,33c7942d-55ce-48ca-9169-a374b1f497df,2026-01-04 17:23:53.000,pub_101
75d128b6-22a3-4c9e-8ebd-9fc4f8d41bac,6ecad2b7-b646-4008-9939-e26a0ffdc290,2026-01-04 17:30:09.000,pub_204
556275e2-e972-4b93-aada-2273e85a8aab,83f9bde8-6044-446e-b665-aee0bb0e656e,2026-01-04 17:30:34.000,pub_512
e61991bf-b0ca-437d-acdf-c0d0c246269e,83f9bde8-6044-446e-b665-aee0bb0e656e,2026-01-04 17:33:03.000,pub_318
f7a0456a-e249-47d1-a831-f5b6877627ec,8a176764-6f34-497d-ba92-8314ab2d7719,2026-01-04 17:34:40.000,pub_512
b102ba59-c479-4111-9f76-8818821d1beb,8a176764-6f34-497d-ba92-8314ab2d7719,2026-01-04 17:37:11.000,pub_318
d1d4b415-b896-4542-b86f-6c74d7e81f41,3f1ed2cc-0767-4665-8370-36e46f39a07e,2026-01-04 17:46:00.000,pub_101
2396d6bb-f068-45b0-b796-212fc09f7796,6b5edc02-f930-4de2-a691-c965ad171ac9,2026-01-04 17:48:51.000,pub_512
1d622e9c-3743-4204-977b-942b935dc0e1,6b5edc02-f930-4de2-a691-c965ad171ac9,2026-01-04 17:56:46.000,pub_318
ac483d80-e7d6-4171-96b3-f4f298e5b10a,80b7708a-f34b-4cd7-9b3d-0594a66337d5,2026-01-04 18:01:32.000,pub_204
d314d6a2-a7b8-49e5-9386-8c337f690cbb,6ecad2b7-b646-4008-9939-e26a0ffdc290,2026-01-04 18:07:38.000,pub_512
d59b0e43-1008-4262-99a3-0317baeb3d45,6b5edc02-f930-4de2-a691-c965ad171ac9,2026-01-04 18:15:58.000,pub_512
a2a56045-349d-4deb-b2dd-f88be8a6b7f3,fdede5e3-9dba-4ca5-a36e-82895c4618f8,2026-01-04 18:16:11.000,pub_512
48f6a3aa-d66e-4194-baa1-5557634b40ef,6b5edc02-f930-4de2-a691-c965ad171ac9,2026-01-04 18:29:48.000,pub_512
a4231d2a-34bc-402b-8a15-0d08c5f1e37b,749c9934-39ec-4687-9dbd-78378124d954,2026-01-04 18:39:04.000,pub_204
64a102b9-cf08-4c36-801a-af9e59ef8ed3,fdede5e3-9dba-4ca5-a36e-82895c4618f8,2026-01-04 18:39:12.000,pub_318
3dd6d504-0772-42b0-bef2-61b094af76f1,6b5edc02-f930-4de2-a691-c965ad171ac9,2026-01-04 18:39:13.000,pub_512
b09f6bfa-11da-41a6-9c1c-e386ef1f0f0a,3f1ed2cc-0767-4665-8370-36e46f39a07e,2026-01-04 18:41:14.000,pub_512
eaaa05c9-26ca-4b3c-b2ba-032157833ff8,33c7942d-55ce-48ca-9169-a374b1f497df,2026-01-04 18:48:04.000,pub_204
f95e3286-2265-4798-bf1f-85cdef321791,8a176764-6f34-497d-ba92-8314ab2d7719,2026-01-04 18:48:18.000,pub_204
43c3f20f-bf92-4cf2-b2e0-152394ee5ef5,80b7708a-f34b-4cd7-9b3d-0594a66337d5,2026-01-04 19:01:13.000,pub_512
28ccd25a-4eab-4427-8263-837a09fce727,83f9bde8-6044-446e-b665-aee0bb0e656e,2026-01-04 19:04:05.000,pub_445
5d670228-375d-402a-b09a-ed5542382e4a,80b7708a-f34b-4cd7-9b3d-0594a66337d5,2026-01-04 19:18:21.000,pub_445
d78cd11d-9831-4be2-9770-8d4c55754300,8a176764-6f34-497d-ba92-8314ab2d7719,2026-01-04 19:21:04.000,pub_445
cb65cd1d-f94d-4e5c-9e64-c575dd6e2fa0,80b7708a-f34b-4cd7-9b3d-0594a66337d5,2026-01-04 19:23:42.000,pub_101
d70ba66c-91bf-4531-9afe-fc2677ba460d,33c7942d-55ce-48ca-9169-a374b1f497df,2026-01-04 19:23:46.000,pub_204
76c206b5-8665-4590-8390-2f115a804a7a,80b7708a-f34b-4cd7-9b3d-0594a66337d5,2026-01-04 19:25:58.000,pub_101
d6849cfe-7873-4a2f-b270-aa09d7af4a5e,83f9bde8-6044-446e-b665-aee0bb0e656e,2026-01-04 19:30:44.000,pub_445
b3e9b7d6-eaa0-4224-9c0a-39e8b39c7670,3f1ed2cc-0767-4665-8370-36e46f39a07e,2026-01-04 19:35:08.000,pub_445
84f42bd3-8272-47af-8499-e66e2e420d56,8a176764-6f34-497d-ba92-8314ab2d7719,2026-01-04 19:45:13.000,pub_101
9bea9231-5c38-4062-af73-c45b7672d527,3f1ed2cc-0767-4665-8370-36e46f39a07e,2026-01-04 19:51:14.000,pub_204
9c4fb4e1-cd88-42cd-b03a-c30f5df5802d,33c7942d-55ce-48ca-9169-a374b1f497df,2026-01-04 19:59:21.000,pub_445
60eaf308-73a4-4ab9-9702-7c4d6bd2d16e,6ecad2b7-b646-4008-9939-e26a0ffdc290,2026-01-04 20:00:17.000,pub_512
30832f0e-44a4-4389-9aac-bb8728af999b,6ecad2b7-b646-4008-9939-e26a0ffdc290,2026-01-04 20:02:01.000,pub_204
0416a7fc-027d-4e4c-b2d4-0d1bd921ed7c,3f1ed2cc-0767-4665-8370-36e46f39a07e,2026-01-04 20:29:44.000,pub_101
b416bebb-baf1-4085-8811-f1aa26de553d,8a176764-6f34-497d-ba92-8314ab2d7719,2026-01-04 20:30:48.000,pub_512
94bfd594-736e-4d1c-8839-9f0d74e173a9,393fc1c9-d322-4b8a-952e-5ad320900791,2026-01-04 20:31:17.000,pub_445
21a549f3-ec1b-4962-9274-098a09cb1485,83f9bde8-6044-446e-b665-aee0bb0e656e,2026-01-04 20:33:46.000,pub_101
d5f290f5-e98c-4554-ab52-12b99951d22c,393fc1c9-d322-4b8a-952e-5ad320900791,2026-01-04 20:34:10.000,pub_101
8d8c645f-1506-4f54-8f4b-1bc0fc795b0a,80b7708a-f34b-4cd7-9b3d-0594a66337d5,2026-01-04 20:49:49.000,pub_318
51008534-5518-4d93-adc8-dc20df9d8479,33c7942d-55ce-48ca-9169-a374b1f497df,2026-01-04 20:57:51.000,pub_204
5c3b442f-be9d-45c9-b306-ae907134ee96,fdede5e3-9dba-4ca5-a36e-82895c4618f8,2026-01-04 21:10:16.000,pub_445
ee839f6d-a73b-4846-98b6-f31f9dd8f9d9,80b7708a-f34b-4cd7-9b3d-0594a66337d5,2026-01-04 21:13:02.000,pub_204
884fc267-29b3-461b-8663-05ba071fee99,fdede5e3-9dba-4ca5-a36e-82895c4618f8,2026-01-04 21:17:13.000,pub_318
ce2a4bdc-1db0-4c4e-8824-c48a4e2d1151,fdede5e3-9dba-4ca5-a36e-82895c4618f8,2026-01-04 21:24:19.000,pub_445
c2c9f298-56c1-4139-b278-76bcf6618873,80b7708a-f34b-4cd7-9b3d-0594a66337d5,2026-01-04 21:34:26.000,pub_318
eea3f0c7-d4eb-443f-829a-6a6327f58d81,3f1ed2cc-0767-4665-8370-36e46f39a07e,2026-01-04 21:36:45.000,pub_512
e729cf5f-117f-4b4b-8cd8-b8d3ca799bba,8a176764-6f34-497d-ba92-8314ab2d7719,2026-01-04 21:43:17.000,pub_512
d1d7964a-228d-4802-875e-d827be064644,749c9934-39ec-4687-9dbd-78378124d954,2026-01-04 21:44:20.000,pub_445
221dd3bc-455d-435b-bdd3-1b7502d4060b,83f9bde8-6044-446e-b665-aee0bb0e656e,2026-01-04 21:52:47.000,pub_204
a6d934fb-9abd-4881-96c4-f9e26feebaa0,3f1ed2cc-0767-4665-8370-36e46f39a07e,2026-01-04 22:02:35.000,pub_318
f8f5e700-c5f8-4620-9a28-42804f64ae5c,fdede5e3-9dba-4ca5-a36e-82895c4618f8,2026-01-04 22:07:39.000,pub_318
9500bd27-081f-4d1f-9323-e280e370a67f,33c7942d-55ce-48ca-9169-a374b1f497df,2026-01-04 22:31:20.000,pub_204
39513a7a-38b5-4c81-a527-024abe29471b,83f9bde8-6044-446e-b665-aee0bb0e656e,2026-01-04 22:32:42.000,pub_101
0a5aeb5d-e306-4414-8bf0-85753c1feb86,6b5edc02-f930-4de2-a691-c965ad171ac9,2026-01-04 22:33:11.000,pub_204
115d342b-b460-47f9-a6d4-26aef7cd7a64,33c7942d-55ce-48ca-9169-a374b1f497df,2026-01-04 22:35:24.000,pub_204
81fb3f3a-2c9d-4777-be4e-8ee28591c09c,fdede5e3-9dba-4ca5-a36e-82895c4618f8,2026-01-04 22:57:40.000,pub_445
962099c4-9856-4e3f-b921-006cb4acb8d6,80b7708a-f34b-4cd7-9b3d-0594a66337d5,2026-01-04 23:14:16.000,pub_445
3353d8b3-dfdb-4f12-b303-3f1297398a5f,749c9934-39ec-4687-9dbd-78378124d954,2026-01-04 23:18:51.000,pub_512
6621ef9c-526d-4df3-b2e8-d34a4f31c723,33c7942d-55ce-48ca-9169-a374b1f497df,2026-01-04 23:27:44.000,pub_445
7c4adaa5-3ac8-46b0-b17f-a3b80386acad,fdede5e3-9dba-4ca5-a36e-82895c4618f8,2026-01-04 23:32:00.000,pub_445
1cd6a2b9-253b-404c-87ee-da475d1f15c8,3f1ed2cc-0767-4665-8370-36e46f39a07e,2026-01-04 23:47:00.000,pub_318
13b01457-99ae-4589-9c48-5302ca3c9656,80b7708a-f34b-4cd7-9b3d-0594a66337d5,2026-01-04 23:59:24.000,pub_445
304ead52-174b-4848-825d-d367e7ec44fa,8a176764-6f34-497d-ba92-8314ab2d7719,2026-01-05 00:07:52.000,pub_204
653c4829-65ab-4349-b085-aa55699cb45e,fdede5e3-9dba-4ca5-a36e-82895c4618f8,2026-01-05 00:16:44.000,pub_101
33d42435-d44e-49ae-ad2e-c5892df64d58,6ecad2b7-b646-4008-9939-e26a0ffdc290,2026-01-05 00:20:10.000,pub_445
2c1679aa-4058-4190-be5a-fc86abfcfe2f,33c7942d-55ce-48ca-9169-a374b1f497df,2026-01-05 00:47:12.000,pub_318
356961a7-6599-40cf-ad4f-286507306053,8a176764-6f34-497d-ba92-8314ab2d7719,2026-01-05 00:59:52.000,pub_318
a0bf9de0-538b-44dd-a982-e599f76d298e,8a176764-6f34-497d-ba92-8314ab2d7719,2026-01-05 01:09:07.000,pub_445
eeeff5fb-a93b-416a-95ea-74a6f658da0c,749c9934-39ec-4687-9dbd-78378124d954,2026-01-05 01:16:24.000,pub_445
454c5af9-fff5-4cd6-b88c-4b79ee0cf2fa,6b5edc02-f930-4de2-a691-c965ad171ac9,2026-01-05 01:23:45.000,pub_318
515880da-8859-4e34-ba88-d661ad055c86,80b7708a-f34b-4cd7-9b3d-0594a66337d5,2026-01-05 01:25:18.000,pub_512
14b5f39c-466a-4182-89b0-fac64b2e4700,6b5edc02-f930-4de2-a691-c965ad171ac9,2026-01-05 01:39:16.000,pub_318
0971380e-eb6b-4a90-afab-f882ab06dedb,8a176764-6f34-497d-ba92-8314ab2d7719,2026-01-05 01:45:37.000,pub_512
9f0c70e2-54a9-48a6-84b9-47396f35a022,393fc1c9-d322-4b8a-952e-5ad320900791,2026-01-05 01:48:21.000,pub_445
bc6c0212-867d-47b4-b30d-09433c3947f7,33c7942d-55ce-48ca-9169-a374b1f497df,2026-01-05 01:49:50.000,pub_204
4de4f2b6-f622-4789-aacf-d8efea340681,83f9bde8-6044-446e-b665-aee0bb0e656e,2026-01-05 01:49:56.000,pub_318
fcae3c0e-a0ac-4224-b7d0-249ce42d157d,6ecad2b7-b646-4008-9939-e26a0ffdc290,2026-01-05 01:53:59.000,pub_318
7bca397b-22e8-41a7-8288-607cab40b362,749c9934-39ec-4687-9dbd-78378124d954,2026-01-05 02:20:05.000,pub_204
e7f59348-4e5f-4767-b6a7-60b5c3a3f3fe,33c7942d-55ce-48ca-9169-a374b1f497df,2026-01-05 02:26:30.000,pub_101
052077cb-0a13-4dba-af47-2f9e487f37eb,80b7708a-f34b-4cd7-9b3d-0594a66337d5,2026-01-05 02:40:55.000,pub_512
57dbd8e9-18dc-4dc1-9074-69fc176f6007,3f1ed2cc-0767-4665-8370-36e46f39a07e,2026-01-05 02:42:17.000,pub_318
5ac1b703-e50e-4faa-a60e-26aef2cf63ca,6b5edc02-f930-4de2-a691-c965ad171ac9,2026-01-05 02:44:01.000,pub_512
c5a346e9-db5c-4984-9ae7-de65fb989fdb,3f1ed2cc-0767-4665-8370-36e46f39a07e,2026-01-05 02:44:35.000,pub_204
fd79fb5f-63fd-44ca-b4cd-9c731ec55ab6,8a176764-6f34-497d-ba92-8314ab2d7719,2026-01-05 02:47:37.000,pub_318
5926dbab-f481-4caa-8895-a9b54db9326d,749c9934-39ec-4687-9dbd-78378124d954,2026-01-05 02:48:15.000,pub_101
8586f0d3-1444-4c17-b892-2717e3144736,8a176764-6f34-497d-ba92-8314ab2d7719,2026-01-05 02:52:19.000,pub_445
f6ad3bd8-7536-48ad-9380-f9575395a7a7,33c7942d-55ce-48ca-9169-a374b1f497df,2026-01-05 02:56:06.000,pub_101
7289c097-5533-4b31-b387-db7a1e5c61bb,749c9934-39ec-4687-9dbd-78378124d954,2026-01-05 03:23:21.000,pub_512
408ccdf0-496f-4d29-bd41-9f0b881831a5,6ecad2b7-b646-4008-9939-e26a0ffdc290,2026-01-05 03:44:50.000,pub_512
23a395d0-da3d-4fb3-a691-f37e68fb5ade,80b7708a-f34b-4cd7-9b3d-0594a66337d5,2026-01-05 03:50:27.000,pub_512
1ef500ab-a214-4a4d-8d56-5064cbf1bf90,80b7708a-f34b-4cd7-9b3d-0594a66337d5,2026-01-05 04:01:41.000,pub_101
e676805a-58d2-4083-9d58-3f688b2dafc2,749c9934-39ec-4687-9dbd-78378124d954,2026-01-05 04:03:09.000,pub_318
ad5e337e-5163-46ff-b876-e6a65c7dc23e,6ecad2b7-b646-4008-9939-e26a0ffdc290,2026-01-05 04:12:04.000,pub_318
c755d3e6-42cf-4d08-87b1-ec5a3d772a0b,6b5edc02-f930-4de2-a691-c965ad171ac9,2026-01-05 04:18:22.000,pub_318
5ebfbd2d-4148-410a-8215-9b6d002d70ab,fdede5e3-9dba-4ca5-a36e-82895c4618f8,2026-01-05 04:38:50.000,pub_512
792c7bda-dd86-4bc4-b5c8-857de1dd7656,3f1ed2cc-0767-4665-8370-36e46f39a07e,2026-01-05 04:41:29.000,pub_101
225549bb-6f72-403e-9708-52dce8250610,6b5edc02-f930-4de2-a691-c965ad171ac9,2026-01-05 04:44:59.000,pub_445
d116fac6-4258-4509-b852-6c3129c71682,3f1ed2cc-0767-4665-8370-36e46f39a07e,2026-01-05 04:47:09.000,pub_318
2d387f40-2428-40b5-8f5d-187dc55527d5,8a176764-6f34-497d-ba92-8314ab2d7719,2026-01-05 05:09:45.000,pub_445
6c8f53bf-8685-4e50-9b25-73e703b04b31,83f9bde8-6044-446e-b665-aee0bb0e656e,2026-01-05 05:17:27.000,pub_512
db0820e3-d0e8-4d85-9e0d-5f65c69a1586,fdede5e3-9dba-4ca5-a36e-82895c4618f8,2026-01-05 05:23:39.000,pub_445
a7285f6c-5980-450c-9aa2-8fb520c109a7,fdede5e3-9dba-4ca5-a36e-82895c4618f8,2026-01-05 05:38:43.000,pub_318
5d177ec4-ee8c-40de-a4de-dbe2ed94083a,6b5edc02-f930-4de2-a691-c965ad171ac9,2026-01-05 05:39:13.000,pub_204
b7b8cca4-4627-407c-abd8-01f0dd8a3281,6b5edc02-f930-4de2-a691-c965ad171ac9,2026-01-05 05:48:47.000,pub_101
2f3ec3d5-92a1-409f-8a04-d9a8c34f795f,83f9bde8-6044-446e-b665-aee0bb0e656e,2026-01-05 06:08:33.000,pub_445
246d539a-7d02-451d-b3e2-8274ea4b9150,393fc1c9-d322-4b8a-952e-5ad320900791,2026-01-05 06:12:10.000,pub_318
eb4156d3-a561-48d3-8c72-b56fa249ef32,83f9bde8-6044-446e-b665-aee0bb0e656e,2026-01-05 06:32:00.000,pub_445
69e4b4a9-f6ae-4bea-9a43-46330589afbb,8a176764-6f34-497d-ba92-8314ab2d7719,2026-01-05 06:35:49.000,pub_318
fc1b788d-d2df-4f49-b198-38417cea15fd,749c9934-39ec-4687-9dbd-78378124d954,2026-01-05 07:00:43.000,pub_512
41a1682c-4cee-4381-b6b8-589f44669968,80b7708a-f34b-4cd7-9b3d-0594a66337d5,2026-01-05 07:02:58.000,pub_101
8dd01468-68fa-4c84-9a4e-1c2806802f37,33c7942d-55ce-48ca-9169-a374b1f497df,2026-01-05 07:08:41.000,pub_204
e48a73ca-893b-434c-87b1-bcbfdd537e5d,8a176764-6f34-497d-ba92-8314ab2d7719,2026-01-05 07:32:25.000,pub_318
45dde700-e762-40df-a114-eb34392267a6,749c9934-39ec-4687-9dbd-78378124d954,2026-01-05 07:48:56.000,pub_101
a7bb0f14-73e5-46b4-aa31-4bd4a1d3eb94,fdede5e3-9dba-4ca5-a36e-82895c4618f8,2026-01-05 07:51:17.000,pub_318
403f7127-c74a-468b-bd17-d613a193d62d,3f1ed2cc-0767-4665-8370-36e46f39a07e,2026-01-05 08:01:36.000,pub_204
fc1aee1d-8eea-40cf-96ff-0ff95d01723c,749c9934-39ec-4687-9dbd-78378124d954,2026-01-05 08:03:34.000,pub_512
be791ff6-afe5-4c60-be34-edd98d7d3a2f,6ecad2b7-b646-4008-9939-e26a0ffdc290,2026-01-05 08:11:44.000,pub_101
d27ae59e-c154-4331-a3aa-e85957d4153d,80b7708a-f34b-4cd7-9b3d-0594a66337d5,2026-01-05 08:13:46.000,pub_445
b2ffad06-54bc-4da3-be9a-4f280fa82396,83f9bde8-6044-446e-b665-aee0bb0e656e,2026-01-05 08:14:39.000,pub_204
51ed772c-e9f9-4742-8bbd-7c095f419ff1,749c9934-39ec-4687-9dbd-78378124d954,2026-01-05 08:15:05.000,pub_204
32eac5b6-60b9-4d3c-b06e-6d5cddc23840,80b7708a-f34b-4cd7-9b3d-0594a66337d5,2026-01-05 08:24:16.000,pub_445
b1e583b6-cd86-4430-9308-b96ea6192fd9,393fc1c9-d322-4b8a-952e-5ad320900791,2026-01-05 08:24:48.000,pub_318
8db42e84-a989-4e3e-81d4-4909829bad32,fdede5e3-9dba-4ca5-a36e-82895c4618f8,2026-01-05 08:26:08.000,pub_101
53b51766-8b8c-4fbf-9d19-665008caffb8,6ecad2b7-b646-4008-9939-e26a0ffdc290,2026-01-05 08:26:50.000,pub_318
c1ed949d-e8aa-45c2-a329-f45832e1453c,33c7942d-55ce-48ca-9169-a374b1f497df,2026-01-05 08:31:32.000,pub_445
c5a99806-3600-406d-a20c-91b6922c08d7,6b5edc02-f930-4de2-a691-c965ad171ac9,2026-01-05 08:49:06.000,pub_512
02914f5d-e2bc-4110-96de-9948483da9f6,393fc1c9-d322-4b8a-952e-5ad320900791,2026-01-05 08:54:53.000,pub_445
d4576d0c-e739-471f-a825-d92e831da2e1,749c9934-39ec-4687-9dbd-78378124d954,2026-01-05 09:01:17.000,pub_101
91f38d71-b77b-4df8-9c31-87b70beda5e1,fdede5e3-9dba-4ca5-a36e-82895c4618f8,2026-01-05 09:03:03.000,pub_512
37349a2e-5131-45e2-b0c2-04873e1d8b56,8a176764-6f34-497d-ba92-8314ab2d7719,2026-01-05 09:04:00.000,pub_318
200dba14-12e5-46c1-9e86-08e1f1abb661,80b7708a-f34b-4cd7-9b3d-0594a66337d5,2026-01-05 09:06:59.000,pub_445
f2d27563-8f5a-4ea5-9fa2-a9a9d9180c8b,8a176764-6f34-497d-ba92-8314ab2d7719,2026-01-05 09:08:50.000,pub_204
c404f7c8-9c8a-4bbd-b55b-680928070300,749c9934-39ec-4687-9dbd-78378124d954,2026-01-05 09:12:37.000,pub_445
999d2289-a1a5-4e44-9a53-3dc8003169cc,393fc1c9-d322-4b8a-952e-5ad320900791,2026-01-05 09:19:19.000,pub_318
e9e496e9-583e-4b3b-919f-49fc9201eff0,fdede5e3-9dba-4ca5-a36e-82895c4618f8,2026-01-05 09:20:52.000,pub_204
a006b8bb-4acd-4138-b2a8-80ec9f2a2feb,fdede5e3-9dba-4ca5-a36e-82895c4618f8,2026-01-05 09:21:41.000,pub_445
b3ac9df4-71f6-4e69-9249-c087aec421b3,8a176764-6f34-497d-ba92-8314ab2d7719,2026-01-05 09:22:20.000,pub_318
4f80b757-d334-439c-8784-47ff3d5ad373,6ecad2b7-b646-4008-9939-e26a0ffdc290,2026-01-05 09:22:42.000,pub_318
4b68258f-0134-4a3a-969d-2940f39b4291,fdede5e3-9dba-4ca5-a36e-82895c4618f8,2026-01-05 09:29:21.000,pub_512
0df89ddf-8220-4b74-83e7-d27c3ec76abb,83f9bde8-6044-446e-b665-aee0bb0e656e,2026-01-05 09:30:11.000,pub_445
bb8af607-1fdb-4a29-a39c-4564005b5618,fdede5e3-9dba-4ca5-a36e-82895c4618f8,2026-01-05 09:30:43.000,pub_204
3ccb4609-2083-4f9f-b3cc-f822515c0e87,8a176764-6f34-497d-ba92-8314ab2d7719,2026-01-05 09:42:48.000,pub_204
58399a60-af10-48db-9aae-99b1af95b080,393fc1c9-d322-4b8a-952e-5ad320900791,2026-01-05 09:54:03.000,pub_512
eb545ad5-ae75-474f-96ff-e24a99ad06cb,393fc1c9-d322-4b8a-952e-5ad320900791,2026-01-05 10:07:33.000,pub_204
34f8924e-bdaf-44d7-842c-39eeac34c981,33c7942d-55ce-48ca-9169-a374b1f497df,2026-01-05 10:26:28.000,pub_204
a04fbb13-0f45-4ed3-937c-0deda3c720a0,fdede5e3-9dba-4ca5-a36e-82895c4618f8,2026-01-05 10:37:44.000,pub_101
cf907746-395a-442b-8076-e92f3d7fb180,fdede5e3-9dba-4ca5-a36e-82895c4618f8,2026-01-05 10:42:19.000,pub_101
263f88cd-6a3a-4bab-9432-a8a2e00fa9eb,8a176764-6f34-497d-ba92-8314ab2d7719,2026-01-05 10:48:26.000,pub_204
971f60a9-f399-4ec7-aafc-c9a403ac1046,393fc1c9-d322-4b8a-952e-5ad320900791,2026-01-05 10:54:19.000,pub_512
74c38a4c-3488-4e0a-9648-c1745f7d0b69,33c7942d-55ce-48ca-9169-a374b1f497df,2026-01-05 11:06:49.000,pub_512
0b281f0e-fe5e-4f9e-85ee-534dcaaaaba6,80b7708a-f34b-4cd7-9b3d-0594a66337d5,2026-01-05 11:07:27.000,pub_318
56ab0c54-76c0-4921-92ba-50d91ee31d41,3f1ed2cc-0767-4665-8370-36e46f39a07e,2026-01-05 11:08:19.000,pub_512
15018743-3b37-4b6b-aaf6-a9c41e3d20df,6ecad2b7-b646-4008-9939-e26a0ffdc290,2026-01-05 11:09:46.000,pub_318
88fc5301-8db6-4c6c-bb42-afe9001f1c86,6b5edc02-f930-4de2-a691-c965ad171ac9,2026-01-05 11:10:37.000,pub_512
18578a11-0a16-4ac9-a9f0-5c652bef50f1,749c9934-39ec-4687-9dbd-78378124d954,2026-01-05 11:13:22.000,pub_318
4748728e-991c-436c-a0c0-e02bef8d7d44,6b5edc02-f930-4de2-a691-c965ad171ac9,2026-01-05 11:19:55.000,pub_445
17b95ec4-c274-4719-9cdf-7872242effe5,fdede5e3-9dba-4ca5-a36e-82895c4618f8,2026-01-05 11:28:38.000,pub_101
ba41e0c8-6370-4c4a-ad44-899c5da91545,6ecad2b7-b646-4008-9939-e26a0ffdc290,2026-01-05 11:37:36.000,pub_512
18844bd1-b526-46c6-9dac-2ba46a79fc12,749c9934-39ec-4687-9dbd-78378124d954,2026-01-05 11:44:53.000,pub_318
6bb7308c-6e4f-4121-be31-343532177819,80b7708a-f34b-4cd7-9b3d-0594a66337d5,2026-01-05 12:10:42.000,pub_318
c46d3685-5487-4006-abc1-161ad5a17d05,33c7942d-55ce-48ca-9169-a374b1f497df,2026-01-05 12:17:46.000,pub_318
c4bdeeab-9b4a-4d30-b66c-46722da04ebe,33c7942d-55ce-48ca-9169-a374b1f497df,2026-01-05 12:21:49.000,pub_445
a6eadcc0-6a22-4a84-9038-c8e3ce8759ee,33c7942d-55ce-48ca-9169-a374b1f497df,2026-01-05 12:23:02.000,pub_101
8805406f-05f3-46c3-9900-e385bdc94aa3,393fc1c9-d322-4b8a-952e-5ad320900791,2026-01-05 12:24:54.000,pub_318
f123252e-add3-45d7-abd2-ffd4eae94d6a,83f9bde8-6044-446e-b665-aee0bb0e656e,2026-01-05 12:25:39.000,pub_512
929ef24e-de75-4f5a-8a61-e35419b6c32a,83f9bde8-6044-446e-b665-aee0bb0e656e,2026-01-05 12:28:29.000,pub_318
437a1836-69e1-4040-a677-deed01ec5704,80b7708a-f34b-4cd7-9b3d-0594a66337d5,2026-01-05 12:35:47.000,pub_204
bf63b7c0-1e73-47c2-93b8-6cda957c4696,80b7708a-f34b-4cd7-9b3d-0594a66337d5,2026-01-05 12:36:17.000,pub_445
8ead1f10-db68-483c-a59d-4e00feb4d7e9,fdede5e3-9dba-4ca5-a36e-82895c4618f8,2026-01-05 12:37:15.000,pub_445
5933139d-dbfb-4b65-bb60-80665464d286,33c7942d-55ce-48ca-9169-a374b1f497df,2026-01-05 12:38:03.000,pub_204
833cb882-027d-4aec-b75a-5cc6c3f6d32b,6b5edc02-f930-4de2-a691-c965ad171ac9,2026-01-05 12:38:57.000,pub_101
5f3a17fc-b26b-4d94-833c-39e811600eec,749c9934-39ec-4687-9dbd-78378124d954,2026-01-05 12:48:14.000,pub_204
705f70d1-47be-42be-b8b2-78c243bcc496,393fc1c9-d322-4b8a-952e-5ad320900791,2026-01-05 12:56:09.000,pub_445
7e8ff938-9f0d-4f69-8873-234ce64bad1c,8a176764-6f34-497d-ba92-8314ab2d7719,2026-01-05 13:09:28.000,pub_445
18083190-35ab-4cbd-8fdf-5d8271f589ae,6b5edc02-f930-4de2-a691-c965ad171ac9,2026-01-05 13:20:26.000,pub_512
69630416-a158-4376-a68e-a76fd1701ba2,8a176764-6f34-497d-ba92-8314ab2d7719,2026-01-05 13:39:02.000,pub_445
3a084dcc-4f4f-4833-b494-15d1a3466925,393fc1c9-d322-4b8a-952e-5ad320900791,2026-01-05 13:48:01.000,pub_204
7c0ef1ec-5de6-4f01-9dce-995cd1dbda7c,6ecad2b7-b646-4008-9939-e26a0ffdc290,2026-01-05 13:51:08.000,pub_101
7c4a427c-d139-45fe-bc5d-343dce8c0a1c,6b5edc02-f930-4de2-a691-c965ad171ac9,2026-01-05 13:53:51.000,pub_101
c8585f86-eeeb-428d-bae5-2764faa8e928,80b7708a-f34b-4cd7-9b3d-0594a66337d5,2026-01-05 14:04:56.000,pub_445
71be9f82-8bdb-47c3-9331-4d2a01ce20d2,33c7942d-55ce-48ca-9169-a374b1f497df,2026-01-05 14:10:46.000,pub_445
b5b55077-fcd6-4703-8cd0-3cc913311bb2,83f9bde8-6044-446e-b665-aee0bb0e656e,2026-01-05 14:11:06.000,pub_204
a7a3d85f-da31-4439-a2d4-56e2f0438d81,fdede5e3-9dba-4ca5-a36e-82895c4618f8,2026-01-05 14:26:14.000,pub_445
cff44d16-9237-4387-b3dd-cb62bacdf82b,3f1ed2cc-0767-4665-8370-36e46f39a07e,2026-01-05 14:34:56.000,pub_101
3a79047c-aaee-453d-931f-396431d53d65,fdede5e3-9dba-4ca5-a36e-82895c4618f8,2026-01-05 14:51:58.000,pub_318
212a9ec7-a40a-4915-9fbb-f8a1977bcbd4,83f9bde8-6044-446e-b665-aee0bb0e656e,2026-01-05 14:56:43.000,pub_204
f167d313-cb13-4ea9-9134-c896c7ee4e6c,3f1ed2cc-0767-4665-8370-36e46f39a07e,2026-01-05 14:57:54.000,pub_445
ecbc4ca4-40c4-4fcd-b1f1-037bf98e9c07,3f1ed2cc-0767-4665-8370-36e46f39a07e,2026-01-05 15:06:25.000,pub_512
4c5644ea-65aa-4e52-a098-cdf23235d000,80b7708a-f34b-4cd7-9b3d-0594a66337d5,2026-01-05 15:07:54.000,pub_204
0b036cbf-410e-4b17-ad71-849713e711e0,fdede5e3-9dba-4ca5-a36e-82895c4618f8,2026-01-05 15:08:10.000,pub_512
0e612f43-bb4e-42e7-910f-9cb568cd26a6,3f1ed2cc-0767-4665-8370-36e46f39a07e,2026-01-05 15:18:19.000,pub_445
af3b3fa5-d822-43e0-b7a5-846e31ffa798,fdede5e3-9dba-4ca5-a36e-82895c4618f8,2026-01-05 15:19:41.000,pub_101
1c0bce4a-d948-4b60-a017-365428c7f915,3f1ed2cc-0767-4665-8370-36e46f39a07e,2026-01-05 15:21:19.000,pub_512
861bf93f-2a5d-4ac4-b2f6-412199ac3376,fdede5e3-9dba-4ca5-a36e-82895c4618f8,2026-01-05 15:47:50.000,pub_204
d9e737cc-f1dc-4dc5-93be-0f5601875903,749c9934-39ec-4687-9dbd-78378124d954,2026-01-05 15:58:40.000,pub_318
1384685c-5e89-4af0-b517-ed3f075213a9,fdede5e3-9dba-4ca5-a36e-82895c4618f8,2026-01-05 16:08:48.000,pub_512
5741c012-1016-4a6f-8249-1c66c3bec487,fdede5e3-9dba-4ca5-a36e-82895c4618f8,2026-01-05 16:12:49.000,pub_512
c5341557-c02e-423c-acf5-162a1a75be4c,3f1ed2cc-0767-4665-8370-36e46f39a07e,2026-01-05 16:18:43.000,pub_445
c7591922-216f-4cc0-8e25-eadc88ddb10d,8a176764-6f34-497d-ba92-8314ab2d7719,2026-01-05 16:26:04.000,pub_318
75d10b33-6aa0-4fb1-98b9-a3498354c630,6b5edc02-f930-4de2-a691-c965ad171ac9,2026-01-05 16:28:39.000,pub_101
d9c07566-3ea8-4579-8371-eb1d8f161165,6ecad2b7-b646-4008-9939-e26a0ffdc290,2026-01-05 16:34:19.000,pub_512
2a0ece5e-0a7f-4030-afc6-1c4b464e1cc8,6ecad2b7-b646-4008-9939-e26a0ffdc290,2026-01-05 16:40:00.000,pub_101
9d25c154-1c85-4c02-a7f8-8d448a73b65b,80b7708a-f34b-4cd7-9b3d-0594a66337d5,2026-01-05 16:40:57.000,pub_318
59041e32-d138-4462-8249-7c8abc9d8afa,393fc1c9-d322-4b8a-952e-5ad320900791,2026-01-05 16:51:45.000,pub_101
6199ead5-a3b9-4295-ac8c-ff287a6ce7fa,33c7942d-55ce-48ca-9169-a374b1f497df,2026-01-05 16:53:42.000,pub_204
b556c05d-3caa-4c02-88e4-945aa04c0dc9,393fc1c9-d322-4b8a-952e-5ad320900791,2026-01-05 17:05:18.000,pub_101
886e89d4-a26c-4c78-968b-c1cdb695bcc6,83f9bde8-6044-446e-b665-aee0bb0e656e,2026-01-05 17:09:07.000,pub_101
77ac93ba-0c1b-43d0-8cfa-e2daf24bd0ef,33c7942d-55ce-48ca-9169-a374b1f497df,2026-01-05 17:09:34.000,pub_318
87bae745-3d43-46a4-b604-2deb9d1f0955,749c9934-39ec-4687-9dbd-78378124d954,2026-01-05 17:11:06.000,pub_204
58beff27-6b00-46eb-a4e6-c8fd76f674b5,6ecad2b7-b646-4008-9939-e26a0ffdc290,2026-01-05 17:17:03.000,pub_101
474dcfc3-6b88-4176-87de-685fdaf0cf44,8a176764-6f34-497d-ba92-8314ab2d7719,2026-01-05 17:19:10.000,pub_445
5b8f644f-b7d1-4f4a-9357-2995727e7bcd,80b7708a-f34b-4cd7-9b3d-0594a66337d5,2026-01-05 17:23:07.000,pub_204
bea69585-e1a7-4cc1-8f68-e9651752e3e6,3f1ed2cc-0767-4665-8370-36e46f39a07e,2026-01-05 17:31:58.000,pub_101
0c9d97e1-7a98-4f5d-b7d8-d760de54e2b3,749c9934-39ec-4687-9dbd-78378124d954,2026-01-05 17:34:01.000,pub_512
353c0ac6-d553-4cf5-ab5f-e6be16f1702f,8a176764-6f34-497d-ba92-8314ab2d7719,2026-01-05 17:44:20.000,pub_445
6a04fd52-d93c-40e9-a481-eb7a250f6f9c,3f1ed2cc-0767-4665-8370-36e46f39a07e,2026-01-05 17:50:54.000,pub_445
57bb6ddf-7e1f-497e-82b7-c65aae8ba920,3f1ed2cc-0767-4665-8370-36e46f39a07e,2026-01-05 17:51:31.000,pub_445
0ae4bdf1-4872-4845-9d5c-3c9a49269852,749c9934-39ec-4687-9dbd-78378124d954,2026-01-05 17:57:36.000,pub_101
4a5ab3ad-99b4-4c99-b56a-63de53c4038e,83f9bde8-6044-446e-b665-aee0bb0e656e,2026-01-05 18:04:18.000,pub_101
136709f0-585b-464b-a165-6013f81f2b03,393fc1c9-d322-4b8a-952e-5ad320900791,2026-01-05 18:06:58.000,pub_445
63ed483f-c0fc-418c-ba27-c967526ebb94,33c7942d-55ce-48ca-9169-a374b1f497df,2026-01-05 18:24:50.000,pub_204
e123e53a-e04b-43d8-8af3-ed5c69235d75,8a176764-6f34-497d-ba92-8314ab2d7719,2026-01-05 18:25:53.000,pub_204
79475c4d-515f-4215-9534-10d4a7b07234,6ecad2b7-b646-4008-9939-e26a0ffdc290,2026-01-05 18:28:16.000,pub_512
313d79ac-c289-4a04-9ea0-b41e181298f6,6ecad2b7-b646-4008-9939-e26a0ffdc290,2026-01-05 18:33:16.000,pub_445
98dd2e8b-99cd-4def-beb7-ce259e41d4a2,80b7708a-f34b-4cd7-9b3d-0594a66337d5,2026-01-05 18:41:40.000,pub_101
a772712a-0b28-47c4-bba9-84b29278d2c8,8a176764-6f34-497d-ba92-8314ab2d7719,2026-01-05 18:55:15.000,pub_101
28fdb3a5-4429-4f47-83d8-6e0c42e68eb8,6b5edc02-f930-4de2-a691-c965ad171ac9,2026-01-05 18:56:11.000,pub_445
ff071499-dfb9-4265-8d87-e55443238d3a,393fc1c9-d322-4b8a-952e-5ad320900791,2026-01-05 18:58:37.000,pub_204
cdf5cfe9-59fe-415b-bdf3-fe58f76157b3,80b7708a-f34b-4cd7-9b3d-0594a66337d5,2026-01-05 19:02:43.000,pub_318
db3dd6c6-6a0e-4bcb-9dd0-2f68f900ce7f,80b7708a-f34b-4cd7-9b3d-0594a66337d5,2026-01-05 19:18:50.000,pub_204
174234a7-b6d8-4d73-8d92-58c7ee772427,3f1ed2cc-0767-4665-8370-36e46f39a07e,2026-01-05 19:36:20.000,pub_101
7364b52a-a641-4a53-832a-633b6da419b0,8a176764-6f34-497d-ba92-8314ab2d7719,2026-01-05 19:41:10.000,pub_204
e7370e28-35f4-4064-af30-1d43f85b4b2d,393fc1c9-d322-4b8a-952e-5ad320900791,2026-01-05 20:00:46.000,pub_445
c9fcd36b-8a2f-435f-824a-b4b6f8841363,6b5edc02-f930-4de2-a691-c965ad171ac9,2026-01-05 20:01:00.000,pub_204
13259501-d5f7-4588-9a49-bf8912c6ea31,393fc1c9-d322-4b8a-952e-5ad320900791,2026-01-05 20:02:46.000,pub_101
e96cc927-ad29-495e-affd-1b60091e81ff,6b5edc02-f930-4de2-a691-c965ad171ac9,2026-01-05 20:08:04.000,pub_318
d6ca521c-d258-419d-8065-80908ff3c056,3f1ed2cc-0767-4665-8370-36e46f39a07e,2026-01-05 20:11:37.000,pub_445
a8f3ad90-4791-44d5-b5ef-5e4b8c4436e3,393fc1c9-d322-4b8a-952e-5ad320900791,2026-01-05 20:17:08.000,pub_204
fe5a03a0-4894-4fac-a489-3cfc7c12cd92,6b5edc02-f930-4de2-a691-c965ad171ac9,2026-01-05 20:21:49.000,pub_512
da36fb64-072d-4744-b5ba-d900387879e2,80b7708a-f34b-4cd7-9b3d-0594a66337d5,2026-01-05 20:35:07.000,pub_318
2b55f461-f960-4701-81ef-09b3e436c3e8,3f1ed2cc-0767-4665-8370-36e46f39a07e,2026-01-05 20:39:04.000,pub_318
4e208b6e-f7ed-4ad9-9d67-6ee8814fdee7,393fc1c9-d322-4b8a-952e-5ad320900791,2026-01-05 20:44:20.000,pub_445
e571e0c9-9a99-4ff3-b2d2-4c257ae90a5e,3f1ed2cc-0767-4665-8370-36e46f39a07e,2026-01-05 20:44:46.000,pub_101
dd215566-29da-4051-9564-102e503b5b8d,749c9934-39ec-4687-9dbd-78378124d954,2026-01-05 20:45:01.000,pub_204
d42cf99d-20b6-4065-84a2-6a689e95d91f,749c9934-39ec-4687-9dbd-78378124d954,2026-01-05 20:55:59.000,pub_445
c7725977-750d-4b82-9e8c-8ad8acc4f0ea,80b7708a-f34b-4cd7-9b3d-0594a66337d5,2026-01-05 21:01:10.000,pub_512
800351d6-1b51-4849-891e-ef7befe871c1,3f1ed2cc-0767-4665-8370-36e46f39a07e,2026-01-05 21:06:30.000,pub_204
99b5f865-98e1-4abb-8443-10d557d07f4d,fdede5e3-9dba-4ca5-a36e-82895c4618f8,2026-01-05 21:16:37.000,pub_101
b50bb76e-8e55-4f45-977f-48bf153e3fff,3f1ed2cc-0767-4665-8370-36e46f39a07e,2026-01-05 21:22:47.000,pub_318
aa933b8f-0b94-4ec6-b151-6740cb9a4397,8a176764-6f34-497d-ba92-8314ab2d7719,2026-01-05 21:27:04.000,pub_101
e95630eb-dbd0-4bc3-9403-74e8511788b2,fdede5e3-9dba-4ca5-a36e-82895c4618f8,2026-01-05 21:33:11.000,pub_512
c0c1e0c2-b391-4471-8369-f3dd64b45ced,8a176764-6f34-497d-ba92-8314ab2d7719,2026-01-05 21:33:40.000,pub_445
2efccf44-c207-4342-babb-d5d7e1c7ba74,3f1ed2cc-0767-4665-8370-36e46f39a07e,2026-01-05 21:39:44.000,pub_318
e2caf89a-5502-4b4f-aeff-b66ab8e3fec1,3f1ed2cc-0767-4665-8370-36e46f39a07e,2026-01-05 21:42:39.000,pub_318
62b248cb-d9be-4d8e-a6f4-d095f0e78a87,393fc1c9-d322-4b8a-952e-5ad320900791,2026-01-05 21:49:34.000,pub_445
0d2c7996-0dcd-4405-ba05-927caea49593,33c7942d-55ce-48ca-9169-a374b1f497df,2026-01-05 21:50:15.000,pub_512
5e4db1ed-bd12-4f34-b28a-296be37b0ef0,393fc1c9-d322-4b8a-952e-5ad320900791,2026-01-05 21:58:26.000,pub_318
8c1bb7a1-0729-4049-ac63-9dfebab85918,3f1ed2cc-0767-4665-8370-36e46f39a07e,2026-01-05 21:59:50.000,pub_318
4f4e4c2c-1c37-4336-b09d-b5a79c27e05c,80b7708a-f34b-4cd7-9b3d-0594a66337d5,2026-01-05 22:01:40.000,pub_204
bbaa8e35-4d84-49e4-9d8a-7f95e370a03e,749c9934-39ec-4687-9dbd-78378124d954,2026-01-05 22:08:43.000,pub_445
5cdd47c4-ad44-4125-8ede-6429fe64bb46,393fc1c9-d322-4b8a-952e-5ad320900791,2026-01-05 22:11:09.000,pub_101
9e83ba64-4fbe-49f9-875f-906cf5940066,8a176764-6f34-497d-ba92-8314ab2d7719,2026-01-05 22:37:17.000,pub_512
845c1b29-aaa9-4b11-97e5-61249f88b7eb,749c9934-39ec-4687-9dbd-78378124d954,2026-01-05 23:05:00.000,pub_101
1b6d2d44-1d47-4bfe-907b-1f2eb9c04f26,33c7942d-55ce-48ca-9169-a374b1f497df,2026-01-05 23:06:29.000,pub_204
3bab33cc-9c63-460a-b14e-0333bda195b3,6ecad2b7-b646-4008-9939-e26a0ffdc290,2026-01-05 23:08:01.000,pub_512
1cd4e0f1-9aa7-4bc6-b998-a465de87946c,6ecad2b7-b646-4008-9939-e26a0ffdc290,2026-01-05 23:09:26.000,pub_318
1994589a-2500-491c-b3c2-14f84b198900,3f1ed2cc-0767-4665-8370-36e46f39a07e,2026-01-05 23:12:08.000,pub_101
154faaa5-c444-4b2e-9d8b-b850dd7b7531,3f1ed2cc-0767-4665-8370-36e46f39a07e,2026-01-05 23:12:50.000,pub_204
db6e99bf-44b9-4366-adcc-047850369ddb,83f9bde8-6044-446e-b665-aee0bb0e656e,2026-01-05 23:16:33.000,pub_204
d449a68e-d4b8-4477-a1ef-cb5c6aa75d77,80b7708a-f34b-4cd7-9b3d-0594a66337d5,2026-01-05 23:19:25.000,pub_204
496fa8a8-4361-44f4-8c6b-d8069769b847,83f9bde8-6044-446e-b665-aee0bb0e656e,2026-01-05 23:31:32.000,pub_512
60cc7658-9e22-442d-80ec-da966076f47f,393fc1c9-d322-4b8a-952e-5ad320900791,2026-01-05 23:36:42.000,pub_445
6b6ce612-b264-48a6-8c63-a66c15cae50b,fdede5e3-9dba-4ca5-a36e-82895c4618f8,2026-01-05 23:38:31.000,pub_101
d9f555bd-4985-4de9-89e4-092fa7f5e4e8,6ecad2b7-b646-4008-9939-e26a0ffdc290,2026-01-05 23:39:49.000,pub_445
adea3b62-decf-4c8a-bd23-edd51915e22e,3f1ed2cc-0767-4665-8370-36e46f39a07e,2026-01-05 23:42:17.000,pub_101
7f094671-cdbf-4dc7-8127-7a311ceaa8d6,83f9bde8-6044-446e-b665-aee0bb0e656e,2026-01-05 23:45:46.000,pub_445
27765c20-afa6-4e3e-b410-ab126cb58cda,6b5edc02-f930-4de2-a691-c965ad171ac9,2026-01-05 23:45:47.000,pub_318
81d11539-d994-46bc-a76c-6d5753dbf400,6b5edc02-f930-4de2-a691-c965ad171ac9,2026-01-05 23:46:33.000,pub_204
42e818fc-49b9-4d38-be8f-706a50c5ad2a,6ecad2b7-b646-4008-9939-e26a0ffdc290,2026-01-05 23:58:33.000,pub_204
30fbaff1-6a31-4a9b-8b57-56599272f0f9,83f9bde8-6044-446e-b665-aee0bb0e656e,2026-01-06 00:03:43.000,pub_101
3ef51764-5184-4092-bef2-3ab05cff0a3d,fdede5e3-9dba-4ca5-a36e-82895c4618f8,2026-01-06 00:14:18.000,pub_318
ce112ecc-42ba-4db3-9ac2-b75954945eaa,749c9934-39ec-4687-9dbd-78378124d954,2026-01-06 00:15:57.000,pub_512
3bf09c4f-58d3-4555-a390-85aa7b93d1c0,33c7942d-55ce-48ca-9169-a374b1f497df,2026-01-06 00:20:17.000,pub_101
19fabed6-675d-4b62-9354-c9d91a40736b,3f1ed2cc-0767-4665-8370-36e46f39a07e,2026-01-06 00:29:31.000,pub_101
2b0b5098-fc03-48d3-a42a-1288b2328a84,6ecad2b7-b646-4008-9939-e26a0ffdc290,2026-01-06 00:38:56.000,pub_445
f98e6df4-671c-4881-a3c9-af3d24f8b9ae,80b7708a-f34b-4cd7-9b3d-0594a66337d5,2026-01-06 00:40:01.000,pub_512
92ab08a6-8b0f-414c-a839-cc8dee7e8a89,6ecad2b7-b646-4008-9939-e26a0ffdc290,2026-01-06 00:55:37.000,pub_204
b4042a51-9961-446d-929f-c12c34be0543,83f9bde8-6044-446e-b665-aee0bb0e656e,2026-01-06 01:02:14.000,pub_101
4078a228-57de-4761-a534-4c9a12bdec14,80b7708a-f34b-4cd7-9b3d-0594a66337d5,2026-01-06 01:05:00.000,pub_204
1d7fc435-0c7a-40a6-a73e-46981ac42077,fdede5e3-9dba-4ca5-a36e-82895c4618f8,2026-01-06 01:05:07.000,pub_318
ce3b3633-0383-4a42-9a05-4be70b6a5288,33c7942d-55ce-48ca-9169-a374b1f497df,2026-01-06 01:06:33.000,pub_204
00ebe8ba-1f04-48f3-8220-8554ffddb6ef,33c7942d-55ce-48ca-9169-a374b1f497df,2026-01-06 01:07:42.000,pub_445
8b47d334-6c9e-430e-afe4-a3892c3f59de,8a176764-6f34-497d-ba92-8314ab2d7719,2026-01-06 01:47:30.000,pub_318
b48fb15a-3063-4230-bc29-b7e7d56c7789,8a176764-6f34-497d-ba92-8314ab2d7719,2026-01-06 01:48:31.000,pub_318
906765e4-2d67-49c4-a48e-907055fb712a,6ecad2b7-b646-4008-9939-e26a0ffdc290,2026-01-06 02:09:23.000,pub_445
48c0d780-e387-4823-ad89-b5f6eaf691d8,fdede5e3-9dba-4ca5-a36e-82895c4618f8,2026-01-06 02:23:05.000,pub_445
bfd77519-012a-49fe-a49a-86c607315301,6ecad2b7-b646-4008-9939-e26a0ffdc290,2026-01-06 02:29:31.000,pub_318
991fa91c-b854-450d-ae3e-1b0a85a1e78a,8a176764-6f34-497d-ba92-8314ab2d7719,2026-01-06 02:32:02.000,pub_445
90dcf61c-dffc-4f9b-8427-792b33cb3007,6b5edc02-f930-4de2-a691-c965ad171ac9,2026-01-06 02:35:53.000,pub_318
f1c4c39c-1408-409f-92d0-95c803607f19,6ecad2b7-b646-4008-9939-e26a0ffdc290,2026-01-06 02:40:51.000,pub_318
569a125d-5f7a-4be5-8589-84cda01e41ef,8a176764-6f34-497d-ba92-8314ab2d7719,2026-01-06 02:57:42.000,pub_445
5572021c-5b86-4fee-badc-82cfd519b7ee,6ecad2b7-b646-4008-9939-e26a0ffdc290,2026-01-06 03:06:00.000,pub_204
609eca17-0398-48ab-849e-73532f16628d,749c9934-39ec-4687-9dbd-78378124d954,2026-01-06 03:18:14.000,pub_512
23a67f00-e0a0-4de2-b96a-ebe8eda0d32b,80b7708a-f34b-4cd7-9b3d-0594a66337d5,2026-01-06 03:26:03.000,pub_101
f971a1fc-62f1-49ba-9774-9a0da06829b0,3f1ed2cc-0767-4665-8370-36e46f39a07e,2026-01-06 03:47:23.000,pub_445
cdf66756-6c06-423b-869c-b9cb4b2a1a5a,fdede5e3-9dba-4ca5-a36e-82895c4618f8,2026-01-06 03:55:29.000,pub_204
6635e238-44e8-42c7-90e3-2d77149e5bc9,83f9bde8-6044-446e-b665-aee0bb0e656e,2026-01-06 03:58:39.000,pub_318
598cfd74-83e6-4bcc-a3e9-403e41bdf628,80b7708a-f34b-4cd7-9b3d-0594a66337d5,2026-01-06 03:59:45.000,pub_204
90fe646e-a71e-472b-bd39-688b454ee9c1,83f9bde8-6044-446e-b665-aee0bb0e656e,2026-01-06 04:02:24.000,pub_101
b3598196-0046-4ed0-806a-dd7fcf30a76e,83f9bde8-6044-446e-b665-aee0bb0e656e,2026-01-06 04:02:49.000,pub_101
f40b1609-4515-4ae0-8429-3990886cfca9,33c7942d-55ce-48ca-9169-a374b1f497df,2026-01-06 04:04:39.000,pub_204
5cbdfa14-7d75-41d1-8630-c1fb5a0a9296,8a176764-6f34-497d-ba92-8314ab2d7719,2026-01-06 04:15:36.000,pub_204
45aba582-e768-4a74-ae19-ffe2b3cfda43,80b7708a-f34b-4cd7-9b3d-0594a66337d5,2026-01-06 04:20:56.000,pub_204
34a01cb2-eec4-46ee-a747-2c138a97f2ae,6ecad2b7-b646-4008-9939-e26a0ffdc290,2026-01-06 04:26:50.000,pub_204
97d7eb02-29e6-47fa-9215-08df8d107774,8a176764-6f34-497d-ba92-8314ab2d7719,2026-01-06 04:37:54.000,pub_204
cc20ed75-a43a-47f4-a321-07c1b68c2eea,80b7708a-f34b-4cd7-9b3d-0594a66337d5,2026-01-06 04:38:32.000,pub_318
29868b69-bd65-4d4a-83ea-13d729ba1280,6ecad2b7-b646-4008-9939-e26a0ffdc290,2026-01-06 04:43:18.000,pub_204
e7ff667a-0635-4796-9b36-755b6f775d87,33c7942d-55ce-48ca-9169-a374b1f497df,2026-01-06 05:06:53.000,pub_101
50a39349-7c5a-4a5b-902d-194c0cb9face,83f9bde8-6044-446e-b665-aee0bb0e656e,2026-01-06 05:07:13.000,pub_204
c87ea5a1-c17c-4418-9ae9-39ddaf790978,8a176764-6f34-497d-ba92-8314ab2d7719,2026-01-06 05:17:29.000,pub_318
7cc55bdb-3819-4b7b-a415-fc8f2795cf9a,33c7942d-55ce-48ca-9169-a374b1f497df,2026-01-06 05:52:09.000,pub_101
280cc151-5ecf-45bd-8423-fec8033dba82,3f1ed2cc-0767-4665-8370-36e46f39a07e,2026-01-06 05:55:16.000,pub_445
c8935ad3-6cb3-4e82-a914-92eb4a440728,33c7942d-55ce-48ca-9169-a374b1f497df,2026-01-06 05:57:03.000,pub_445
887bd762-bdff-4a98-8f66-a52e82b06f93,393fc1c9-d322-4b8a-952e-5ad320900791,2026-01-06 05:57:40.000,pub_101
73a723a5-0198-4d89-bca7-0488f559d1dd,6b5edc02-f930-4de2-a691-c965ad171ac9,2026-01-06 06:05:00.000,pub_318
10183219-6a3a-45c3-87dc-a4f3236b34d4,749c9934-39ec-4687-9dbd-78378124d954,2026-01-06 06:13:56.000,pub_204
30e62544-7d5e-4f2d-91e4-26a8c4e35235,8a176764-6f34-497d-ba92-8314ab2d7719,2026-01-06 06:19:50.000,pub_204
7322331b-b18e-4d22-b5ff-1edb7cc70c6e,33c7942d-55ce-48ca-9169-a374b1f497df,2026-01-06 06:24:08.000,pub_101
fe53989c-aa09-4e4a-9ae5-f3aa058ee0b6,6ecad2b7-b646-4008-9939-e26a0ffdc290,2026-01-06 06:29:36.000,pub_101
8033d7db-44d8-41e1-9e56-dbffa1733c94,393fc1c9-d322-4b8a-952e-5ad320900791,2026-01-06 06:51:47.000,pub_445
e402abe2-ca94-4e7b-826d-136a81cc803f,3f1ed2cc-0767-4665-8370-36e46f39a07e,2026-01-06 07:03:25.000,pub_445
49bfca28-c66b-475d-8401-87575fc01f6b,749c9934-39ec-4687-9dbd-78378124d954,2026-01-06 07:18:27.000,pub_204
ce2cd8d0-4566-442f-941e-f4cb8cac78f4,fdede5e3-9dba-4ca5-a36e-82895c4618f8,2026-01-06 07:18:48.000,pub_512
ca0f0b1a-388e-4533-bf4d-fd69c3eef031,393fc1c9-d322-4b8a-952e-5ad320900791,2026-01-06 07:20:46.000,pub_512
c7c8a8d9-9473-4388-8dc9-15fbdb614bbd,8a176764-6f34-497d-ba92-8314ab2d7719,2026-01-06 07:26:38.000,pub_101
18531b60-74a1-4ce2-add2-9a45179df7f3,6ecad2b7-b646-4008-9939-e26a0ffdc290,2026-01-06 07:50:52.000,pub_101
08579c9c-0248-402b-9d99-3d449d73bd84,33c7942d-55ce-48ca-9169-a374b1f497df,2026-01-06 08:13:23.000,pub_318
1f40c6f1-43cc-4737-99fd-62ffb0d56c0e,8a176764-6f34-497d-ba92-8314ab2d7719,2026-01-06 08:31:39.000,pub_512
19e409b6-290b-4610-996d-0981003aa3a0,fdede5e3-9dba-4ca5-a36e-82895c4618f8,2026-01-06 08:39:40.000,pub_512
8ec7c583-9333-47f1-95d0-8842977dc2fe,83f9bde8-6044-446e-b665-aee0bb0e656e,2026-01-06 08:40:26.000,pub_101
841df8cd-2225-4a95-ba9c-f1ecef382ceb,6b5edc02-f930-4de2-a691-c965ad171ac9,2026-01-06 08:56:05.000,pub_204
0c17332b-646e-481a-8683-f37c73bf90ab,6ecad2b7-b646-4008-9939-e26a0ffdc290,2026-01-06 09:08:37.000,pub_204
7098a67c-840f-4dbb-b48e-baf4f2e205f1,fdede5e3-9dba-4ca5-a36e-82895c4618f8,2026-01-06 09:09:31.000,pub_445
ccaf56b4-a0f4-4acc-a5ab-a645d48b7beb,80b7708a-f34b-4cd7-9b3d-0594a66337d5,2026-01-06 09:11:45.000,pub_318
93a3eb55-431b-492f-854b-239099265438,8a176764-6f34-497d-ba92-8314ab2d7719,2026-01-06 09:14:37.000,pub_101
7c5d71bf-becd-406c-b6be-26d8f39517a2,80b7708a-f34b-4cd7-9b3d-0594a66337d5,2026-01-06 09:15:43.000,pub_318
7ae0cdff-1f12-42d5-ae65-62aa4003d635,393fc1c9-d322-4b8a-952e-5ad320900791,2026-01-06 09:17:07.000,pub_445
b41faa8d-22ab-408a-8fb2-066820daf57b,80b7708a-f34b-4cd7-9b3d-0594a66337d5,2026-01-06 09:17:17.000,pub_318
d7393401-57c5-4552-9bac-1acc1260d500,83f9bde8-6044-446e-b665-aee0bb0e656e,2026-01-06 09:30:27.000,pub_512
dd46548c-d018-43f9-b77d-003dcb0d83b1,33c7942d-55ce-48ca-9169-a374b1f497df,2026-01-06 09:38:06.000,pub_204
d16c930a-b84f-4b04-b745-b7739f08f3af,393fc1c9-d322-4b8a-952e-5ad320900791,2026-01-06 09:45:02.000,pub_101
5873d8e6-f654-4e0e-ba88-23f3031260b1,393fc1c9-d322-4b8a-952e-5ad320900791,2026-01-06 09:53:03.000,pub_204
65910de8-e059-442d-a3e7-ad8f726cdfed,33c7942d-55ce-48ca-9169-a374b1f497df,2026-01-06 09:56:24.000,pub_101
3232b24f-fec8-4595-83ce-3a8064ffeb0c,393fc1c9-d322-4b8a-952e-5ad320900791,2026-01-06 09:57:52.000,pub_512
44aac0a7-8f46-40ec-8742-22d2fdc76518,3f1ed2cc-0767-4665-8370-36e46f39a07e,2026-01-06 10:07:13.000,pub_318
2e64eaba-9fb4-47f1-8dc6-1869b27e6336,80b7708a-f34b-4cd7-9b3d-0594a66337d5,2026-01-06 10:09:56.000,pub_101
f8092c09-c7d4-48c7-8c23-310a10bc0d92,393fc1c9-d322-4b8a-952e-5ad320900791,2026-01-06 10:20:07.000,pub_318
9aaffd11-9b6f-40eb-86d3-ca999841ba02,393fc1c9-d322-4b8a-952e-5ad320900791,2026-01-06 10:20:33.000,pub_101
d03cea3a-c6d6-435b-960f-42d65224c55e,6b5edc02-f930-4de2-a691-c965ad171ac9,2026-01-06 10:23:15.000,pub_101
3d9190f8-3cee-45bb-9193-710191a69697,6b5edc02-f930-4de2-a691-c965ad171ac9,2026-01-06 10:24:38.000,pub_512
de60caf8-3509-4e74-b85d-127d8b4ab9e4,3f1ed2cc-0767-4665-8370-36e46f39a07e,2026-01-06 10:43:57.000,pub_101
8441eb80-8be9-41eb-a9b3-33e2a8c49744,6ecad2b7-b646-4008-9939-e26a0ffdc290,2026-01-06 10:45:32.000,pub_318
9e07a46e-5199-4955-afa1-b35356799893,83f9bde8-6044-446e-b665-aee0bb0e656e,2026-01-06 10:52:46.000,pub_512
1f2674da-ffe8-4f64-b2d6-b5ecd129da7b,6b5edc02-f930-4de2-a691-c965ad171ac9,2026-01-06 10:55:03.000,pub_318
4d06d4a2-a229-4b83-a84c-6f145f586a53,fdede5e3-9dba-4ca5-a36e-82895c4618f8,2026-01-06 10:58:04.000,pub_445
640351fa-a052-426c-b034-d51b8d7a00c9,8a176764-6f34-497d-ba92-8314ab2d7719,2026-01-06 11:03:40.000,pub_204
a985a394-2908-4aae-904f-e0a2764ecc07,393fc1c9-d322-4b8a-952e-5ad320900791,2026-01-06 11:10:23.000,pub_101
b2c6c934-9a6c-43c1-a598-a9625a6b4a16,33c7942d-55ce-48ca-9169-a374b1f497df,2026-01-06 11:12:15.000,pub_512
5cdd458f-bc18-4df4-8bf9-59287133ddda,6ecad2b7-b646-4008-9939-e26a0ffdc290,2026-01-06 11:17:50.000,pub_101
245bfa5a-a65f-4207-a494-7cd7b4d4e7b7,80b7708a-f34b-4cd7-9b3d-0594a66337d5,2026-01-06 11:21:21.000,pub_204
cd6051cb-1908-423e-bbc8-358a5e4d3fe4,393fc1c9-d322-4b8a-952e-5ad320900791,2026-01-06 11:21:58.000,pub_512
2d0175fc-0f2a-42e9-9acc-6d47820cf262,8a176764-6f34-497d-ba92-8314ab2d7719,2026-01-06 11:22:34.000,pub_318
948ad233-06e5-4115-b28d-2807b3df7727,6b5edc02-f930-4de2-a691-c965ad171ac9,2026-01-06 11:34:16.000,pub_204
92f5ced1-3b9d-4bcc-b1ea-468085864bcf,749c9934-39ec-4687-9dbd-78378124d954,2026-01-06 11:36:34.000,pub_318
26ccc9b3-6a2e-4a47-ab89-15ba7fbdaee9,83f9bde8-6044-446e-b665-aee0bb0e656e,2026-01-06 11:51:16.000,pub_204
0807da66-9922-4d93-b391-93c1e55fbb82,8a176764-6f34-497d-ba92-8314ab2d7719,2026-01-06 11:52:02.000,pub_512
5afeb80c-b7c4-4006-8222-d7f5dcff998e,83f9bde8-6044-446e-b665-aee0bb0e656e,2026-01-06 11:54:01.000,pub_512
831e7e42-817d-41bd-a13a-fe310494f6fa,80b7708a-f34b-4cd7-9b3d-0594a66337d5,2026-01-06 12:05:25.000,pub_445
373d46eb-0998-4bc9-bf22-0449922992cb,6b5edc02-f930-4de2-a691-c965ad171ac9,2026-01-06 12:10:37.000,pub_101
c5b4eca1-f234-4381-9b7e-bfebf092db82,83f9bde8-6044-446e-b665-aee0bb0e656e,2026-01-06 12:15:59.000,pub_101
8e2ad309-a8b1-4eac-95d8-7bf8b8191c26,6b5edc02-f930-4de2-a691-c965ad171ac9,2026-01-06 12:18:19.000,pub_204
2591b631-9ba9-4e49-8391-a5866c28f9a3,749c9934-39ec-4687-9dbd-78378124d954,2026-01-06 12:21:41.000,pub_445
297c0726-2d45-492c-b371-d5d571c0791f,8a176764-6f34-497d-ba92-8314ab2d7719,2026-01-06 12:25:43.000,pub_101
bc35b52c-e454-4c16-ac5a-508aa10ce5c0,83f9bde8-6044-446e-b665-aee0bb0e656e,2026-01-06 12:36:25.000,pub_318
b50d5e02-016c-4570-97a3-9a06ca658d55,749c9934-39ec-4687-9dbd-78378124d954,2026-01-06 12:41:20.000,pub_512
679747de-acda-45dc-ba00-71ffe9078042,83f9bde8-6044-446e-b665-aee0bb0e656e,2026-01-06 12:46:51.000,pub_445
b03350a4-d9b7-4bbd-98ee-dc8d262af342,8a176764-6f34-497d-ba92-8314ab2d7719,2026-01-06 12:50:48.000,pub_101
99bf02f1-10a5-4fd4-8641-4afc72d47844,fdede5e3-9dba-4ca5-a36e-82895c4618f8,2026-01-06 13:00:42.000,pub_445
3cc01a5f-6756-439b-bd50-32b8f45257c6,3f1ed2cc-0767-4665-8370-36e46f39a07e,2026-01-06 13:05:24.000,pub_318
8fba53a9-6f11-49fb-8741-9e911f180df9,8a176764-6f34-497d-ba92-8314ab2d7719,2026-01-06 13:05:51.000,pub_101
d1863ea4-c769-4ce7-9f59-cf96d2b6dd81,6b5edc02-f930-4de2-a691-c965ad171ac9,2026-01-06 13:20:23.000,pub_101
05a0cc7a-88d8-4428-9974-7d4921e0a741,33c7942d-55ce-48ca-9169-a374b1f497df,2026-01-06 13:22:17.000,pub_101
57e32fe9-7322-44a5-8299-c83a52183db9,80b7708a-f34b-4cd7-9b3d-0594a66337d5,2026-01-06 13:24:12.000,pub_204
ad64ed22-288e-4444-8918-adf7e4ed6638,393fc1c9-d322-4b8a-952e-5ad320900791,2026-01-06 13:31:52.000,pub_445
0616a841-e755-409c-8e3c-8bf69b2b60e6,fdede5e3-9dba-4ca5-a36e-82895c4618f8,2026-01-06 13:34:14.000,pub_101
825b604c-5df2-4b7c-b136-02016832e357,393fc1c9-d322-4b8a-952e-5ad320900791,2026-01-06 13:34:36.000,pub_204
f752f32b-1579-429a-9efe-f177e191a320,33c7942d-55ce-48ca-9169-a374b1f497df,2026-01-06 13:36:54.000,pub_204
2082f8a4-d6a3-48a7-a859-f8b9b11e557a,6b5edc02-f930-4de2-a691-c965ad171ac9,2026-01-06 13:38:43.000,pub_101
eafe756e-40f4-4f74-92dd-3a2047e3621c,80b7708a-f34b-4cd7-9b3d-0594a66337d5,2026-01-06 14:04:46.000,pub_318
7c223eb3-7ccb-4c63-a112-7d56ea20ab5b,33c7942d-55ce-48ca-9169-a374b1f497df,2026-01-06 14:11:12.000,pub_445
86d20ed5-b635-4ba4-9b60-803dc96d67f7,6b5edc02-f930-4de2-a691-c965ad171ac9,2026-01-06 14:12:13.000,pub_101
936212e4-afe9-4af3-b17d-325a45052a99,3f1ed2cc-0767-4665-8370-36e46f39a07e,2026-01-06 14:22:24.000,pub_204
ec82ce3a-022a-4967-9fbf-dff65ba9fedc,749c9934-39ec-4687-9dbd-78378124d954,2026-01-06 14:27:24.000,pub_318
e9dffca6-3c2e-46f2-8b44-6143c1a781cf,749c9934-39ec-4687-9dbd-78378124d954,2026-01-06 14:28:13.000,pub_204
2ee5474d-2bc7-46c3-8c26-380cfb7899ff,6ecad2b7-b646-4008-9939-e26a0ffdc290,2026-01-06 14:39:51.000,pub_445
60e3da19-308d-48aa-9614-4e403c8de00c,393fc1c9-d322-4b8a-952e-5ad320900791,2026-01-06 14:54:17.000,pub_445
c382bb17-ab62-4893-8485-9343783d79f1,80b7708a-f34b-4cd7-9b3d-0594a66337d5,2026-01-06 15:08:02.000,pub_445
42433700-8382-4c8a-b3d6-58115fcd1888,80b7708a-f34b-4cd7-9b3d-0594a66337d5,2026-01-06 15:10:40.000,pub_445
d5c2e280-2a0a-4d9a-9a90-6653596595da,83f9bde8-6044-446e-b665-aee0bb0e656e,2026-01-06 15:13:32.000,pub_101
01b86711-ab26-4997-a36d-8f12501681ef,8a176764-6f34-497d-ba92-8314ab2d7719,2026-01-06 15:15:14.000,pub_101
4773b8a4-5ee1-4dfb-a311-02e1fcce534e,8a176764-6f34-497d-ba92-8314ab2d7719,2026-01-06 15:25:45.000,pub_204
1a5a705d-85f5-4760-8fd2-f1cfb56f4aad,8a176764-6f34-497d-ba92-8314ab2d7719,2026-01-06 15:27:44.000,pub_318
0ebb0953-30aa-4209-a135-ab7c832d1beb,6b5edc02-f930-4de2-a691-c965ad171ac9,2026-01-06 15:32:07.000,pub_318
376b3944-93c3-4ee3-b87d-a51f0bd5c2f0,80b7708a-f34b-4cd7-9b3d-0594a66337d5,2026-01-06 15:38:43.000,pub_204
dc1bb81f-4fef-4282-9960-a918453b7ef5,33c7942d-55ce-48ca-9169-a374b1f497df,2026-01-06 16:07:51.000,pub_318
eff2a6b0-c18b-40a8-8d32-f30db9ebdf59,6b5edc02-f930-4de2-a691-c965ad171ac9,2026-01-06 16:13:06.000,pub_101
9e30fec5-6bc1-4f6f-a531-d59d7dc4bf7b,33c7942d-55ce-48ca-9169-a374b1f497df,2026-01-06 16:15:19.000,pub_204
88313c87-eb23-48a4-a926-363be9701dd2,6ecad2b7-b646-4008-9939-e26a0ffdc290,2026-01-06 16:33:37.000,pub_318
a804da85-e040-4260-ba0c-0ffe64aea736,3f1ed2cc-0767-4665-8370-36e46f39a07e,2026-01-06 16:43:23.000,pub_101
e8375ff2-434f-4752-95e5-4f8247150750,8a176764-6f34-497d-ba92-8314ab2d7719,2026-01-06 16:45:52.000,pub_204
936ca811-35c7-4130-afcb-9dfa79839867,6b5edc02-f930-4de2-a691-c965ad171ac9,2026-01-06 16:54:23.000,pub_512
baa5e9fc-d1fa-4b07-a69d-100854fed5f7,6ecad2b7-b646-4008-9939-e26a0ffdc290,2026-01-06 16:57:37.000,pub_204
ac11d4e4-0531-4542-9fed-17fd5093290e,749c9934-39ec-4687-9dbd-78378124d954,2026-01-06 17:08:50.000,pub_318
98888eb1-b978-4eec-aa89-cf8a270652a0,3f1ed2cc-0767-4665-8370-36e46f39a07e,2026-01-06 17:09:05.000,pub_204
fdb69f7c-08a6-40ef-9b41-937675c24967,6ecad2b7-b646-4008-9939-e26a0ffdc290,2026-01-06 17:10:46.000,pub_318
001e4e9c-a947-4e90-a5ad-2df8e52ff562,749c9934-39ec-4687-9dbd-78378124d954,2026-01-06 17:19:07.000,pub_204
1ad9ec3d-8061-4101-9fc0-1f9fed236825,83f9bde8-6044-446e-b665-aee0bb0e656e,2026-01-06 17:19:23.000,pub_318
de081793-a81e-4d3e-99f4-68b3096b254b,fdede5e3-9dba-4ca5-a36e-82895c4618f8,2026-01-06 17:23:43.000,pub_445
43fc26dc-d67b-4293-b85f-ba1b70100385,33c7942d-55ce-48ca-9169-a374b1f497df,2026-01-06 17:32:45.000,pub_101
516359ec-55a5-40cc-8f52-be76804a40f4,80b7708a-f34b-4cd7-9b3d-0594a66337d5,2026-01-06 17:41:52.000,pub_204
49208f59-06cc-43e4-aafc-5e75b5ed6aa9,393fc1c9-d322-4b8a-952e-5ad320900791,2026-01-06 17:44:30.000,pub_445
2ba95315-fac5-45e9-917a-efd823f72727,3f1ed2cc-0767-4665-8370-36e46f39a07e,2026-01-06 17:51:52.000,pub_204
0cf6a25c-1f09-4809-b780-3a7034110554,83f9bde8-6044-446e-b665-aee0bb0e656e,2026-01-06 17:54:51.000,pub_512
b284b129-efd7-43df-a6e1-1a6c69076c44,83f9bde8-6044-446e-b665-aee0bb0e656e,2026-01-06 17:55:52.000,pub_204
1aae3fb5-89c4-4188-914f-5a8806f61174,6b5edc02-f930-4de2-a691-c965ad171ac9,2026-01-06 18:00:21.000,pub_512
666cbe59-863b-492f-9239-9e80533fbf09,8a176764-6f34-497d-ba92-8314ab2d7719,2026-01-06 18:04:36.000,pub_204
02b7a140-c8db-498f-ab76-1ce26138cfcc,6ecad2b7-b646-4008-9939-e26a0ffdc290,2026-01-06 18:07:19.000,pub_318
e9e4143d-be98-4e94-9fd3-907270be9a5d,749c9934-39ec-4687-9dbd-78378124d954,2026-01-06 18:13:03.000,pub_204
9efd3041-9698-48c4-b3f1-e46bf43fc0ac,8a176764-6f34-497d-ba92-8314ab2d7719,2026-01-06 18:35:24.000,pub_445
51777a26-0c88-434d-b6ab-a91616b9831b,6ecad2b7-b646-4008-9939-e26a0ffdc290,2026-01-06 18:44:41.000,pub_204
24696aa8-91d2-4df1-83c7-9fb62ac231b2,83f9bde8-6044-446e-b665-aee0bb0e656e,2026-01-06 18:45:55.000,pub_204
94b4a586-39e7-42a4-9ee9-0764e53ca5b2,6ecad2b7-b646-4008-9939-e26a0ffdc290,2026-01-06 18:52:00.000,pub_445
bcd79ba8-2e50-4076-8ef0-f1e63739ab21,83f9bde8-6044-446e-b665-aee0bb0e656e,2026-01-06 19:03:26.000,pub_445
a26a059a-89bf-496d-b26d-eef22749bb92,749c9934-39ec-4687-9dbd-78378124d954,2026-01-06 19:17:28.000,pub_512
e30e30b9-2444-45e3-90cc-b63ac7d366df,3f1ed2cc-0767-4665-8370-36e46f39a07e,2026-01-06 19:20:02.000,pub_204
4e1245a9-01b4-4dc6-ae00-f019afb9674d,3f1ed2cc-0767-4665-8370-36e46f39a07e,2026-01-06 19:23:35.000,pub_204
e185388c-66d1-468b-85e8-64946a3db987,83f9bde8-6044-446e-b665-aee0bb0e656e,2026-01-06 19:35:44.000,pub_445
26563f36-2343-48c2-82b0-b06bf93e83dd,fdede5e3-9dba-4ca5-a36e-82895c4618f8,2026-01-06 19:40:06.000,pub_101
950c905a-5e25-4381-b555-af0094208e18,80b7708a-f34b-4cd7-9b3d-0594a66337d5,2026-01-06 19:40:40.000,pub_512
a9f2e93a-e37d-4935-a2f9-553d6660a85c,fdede5e3-9dba-4ca5-a36e-82895c4618f8,2026-01-06 19:44:27.000,pub_445
2dd3653b-d174-4f97-82c0-b09a4ff7554b,3f1ed2cc-0767-4665-8370-36e46f39a07e,2026-01-06 19:47:00.000,pub_204
bb04d530-6634-4493-ae20-d5473568b705,6ecad2b7-b646-4008-9939-e26a0ffdc290,2026-01-06 20:08:18.000,pub_445
3b08cf8d-7d41-491c-8553-f8861bfd9e8a,3f1ed2cc-0767-4665-8370-36e46f39a07e,2026-01-06 20:13:22.000,pub_101
1d8507e3-1c7f-43be-8988-fba70a19984e,6b5edc02-f930-4de2-a691-c965ad171ac9,2026-01-06 20:13:39.000,pub_445
19d59f24-f858-4219-b3f2-182ef40e6542,3f1ed2cc-0767-4665-8370-36e46f39a07e,2026-01-06 20:13:56.000,pub_318
fe333f4b-7071-4b07-9e4d-2ccfc20b2ede,8a176764-6f34-497d-ba92-8314ab2d7719,2026-01-06 20:14:20.000,pub_512
a8d285ab-44a1-4a5e-b4eb-b0e872d66d01,6b5edc02-f930-4de2-a691-c965ad171ac9,2026-01-06 20:20:50.000,pub_204
fef844b2-a2d5-4846-b4ec-a0ffb5c7d518,80b7708a-f34b-4cd7-9b3d-0594a66337d5,2026-01-06 20:26:23.000,pub_204
e51ee81f-90f2-427b-bea2-678870c07af7,749c9934-39ec-4687-9dbd-78378124d954,2026-01-06 20:30:06.000,pub_445
704b1154-4cb4-44ec-928b-c2fb591d63b5,83f9bde8-6044-446e-b665-aee0bb0e656e,2026-01-06 20:33:31.000,pub_512
316675da-ac43-4c8d-919b-8736c4881bfb,6b5edc02-f930-4de2-a691-c965ad171ac9,2026-01-06 20:34:27.000,pub_204
5593193b-61cd-4aa7-a6d8-d0065a2bd13f,80b7708a-f34b-4cd7-9b3d-0594a66337d5,2026-01-06 20:40:06.000,pub_512
1831f814-edde-4be4-a01d-08da8f7fb818,fdede5e3-9dba-4ca5-a36e-82895c4618f8,2026-01-06 20:40:43.000,pub_318
60602d3a-19ee-4faf-8cc0-c700603dfd22,6ecad2b7-b646-4008-9939-e26a0ffdc290,2026-01-06 20:43:45.000,pub_445
49985078-c6da-4ac4-9d0b-d841410cbd3b,8a176764-6f34-497d-ba92-8314ab2d7719,2026-01-06 20:58:48.000,pub_204
d7a18889-cefd-4348-a7c3-2480c7d0a142,8a176764-6f34-497d-ba92-8314ab2d7719,2026-01-06 21:12:44.000,pub_512
29e0060c-4a85-4357-a6ef-093a456440cf,8a176764-6f34-497d-ba92-8314ab2d7719,2026-01-06 21:27:22.000,pub_318
7a20bdf2-5742-4e57-9632-a4f8f7f8d5d3,6ecad2b7-b646-4008-9939-e26a0ffdc290,2026-01-06 21:30:11.000,pub_101
6a973c0b-50f4-46aa-b059-0a00122cef23,33c7942d-55ce-48ca-9169-a374b1f497df,2026-01-06 21:32:46.000,pub_101
9e08b109-876e-4fed-8773-fe23573f4bf7,393fc1c9-d322-4b8a-952e-5ad320900791,2026-01-06 21:37:03.000,pub_445
344d9f1f-54e3-49aa-9d4f-03a82c8d0752,33c7942d-55ce-48ca-9169-a374b1f497df,2026-01-06 21:40:00.000,pub_204
ef4a3129-3ffd-40c5-967e-48fb3796d38e,83f9bde8-6044-446e-b665-aee0bb0e656e,2026-01-06 21:47:42.000,pub_204
1073efe5-055a-419d-b16f-ac927299a192,33c7942d-55ce-48ca-9169-a374b1f497df,2026-01-06 21:48:41.000,pub_512
12df01f6-f3d4-48ee-b195-9322fc95b5f5,393fc1c9-d322-4b8a-952e-5ad320900791,2026-01-06 22:05:43.000,pub_204
bdd64e86-14e8-483f-a5d4-e9333f965696,33c7942d-55ce-48ca-9169-a374b1f497df,2026-01-06 22:07:47.000,pub_445
e71f3be8-d868-47ff-bfb1-a54d83f70c58,83f9bde8-6044-446e-b665-aee0bb0e656e,2026-01-06 22:15:14.000,pub_445
510b1eee-a4d8-455e-9045-97392b7e092a,3f1ed2cc-0767-4665-8370-36e46f39a07e,2026-01-06 22:27:46.000,pub_318
7e5eb08d-a38b-4d38-aef8-f973aedc0a29,8a176764-6f34-497d-ba92-8314ab2d7719,2026-01-06 22:34:30.000,pub_512
2faf010d-25d9-471e-b95b-1b201c9d1d2b,8a176764-6f34-497d-ba92-8314ab2d7719,2026-01-06 22:34:43.000,pub_101
9e851799-dd10-49d8-86f9-969789c3407a,80b7708a-f34b-4cd7-9b3d-0594a66337d5,2026-01-06 22:51:39.000,pub_512
f72a7af9-85db-420a-b33c-cf5d76913ff3,83f9bde8-6044-446e-b665-aee0bb0e656e,2026-01-06 22:58:00.000,pub_445
75fe816f-f301-45ac-9b68-237dc8b432c2,3f1ed2cc-0767-4665-8370-36e46f39a07e,2026-01-06 23:10:57.000,pub_512
306dfd48-d724-4a66-aa90-3e9467d67c16,6ecad2b7-b646-4008-9939-e26a0ffdc290,2026-01-06 23:34:45.000,pub_101
e97c14d3-f45b-4eb6-b308-a3c83cd84215,3f1ed2cc-0767-4665-8370-36e46f39a07e,2026-01-06 23:52:51.000,pub_101
fb726ea5-ee37-4daa-a5f7-0c250c6befc7,83f9bde8-6044-446e-b665-aee0bb0e656e,2026-01-07 00:12:57.000,pub_512
e14be80d-cfcd-4abb-8644-008cbeaf628a,749c9934-39ec-4687-9dbd-78378124d954,2026-01-07 00:15:09.000,pub_101
0fd53a1d-9b7e-4b35-bcd5-ec18544761bc,6b5edc02-f930-4de2-a691-c965ad171ac9,2026-01-07 00:28:56.000,pub_101
c10a1019-e36a-4570-b2e5-772dfbf25c9c,3f1ed2cc-0767-4665-8370-36e46f39a07e,2026-01-07 00:32:09.000,pub_318
2bfc4f93-23e5-460f-ae80-6b123e8e694f,80b7708a-f34b-4cd7-9b3d-0594a66337d5,2026-01-07 00:32:12.000,pub_101
249d180e-db74-4d27-ac47-ef451af37525,83f9bde8-6044-446e-b665-aee0bb0e656e,2026-01-07 00:34:28.000,pub_204
3f95d912-0aa1-4dbd-83d0-7075fe9f2c10,83f9bde8-6044-446e-b665-aee0bb0e656e,2026-01-07 00:37:49.000,pub_445
4811297f-58ed-4529-9201-f8c9bd63ddc9,33c7942d-55ce-48ca-9169-a374b1f497df,2026-01-07 00:38:48.000,pub_512
97677670-7fe3-4df7-992a-6f6a053e7433,8a176764-6f34-497d-ba92-8314ab2d7719,2026-01-07 00:40:35.000,pub_318
a29058dc-0f2b-492e-99c6-27d29c6c5a25,393fc1c9-d322-4b8a-952e-5ad320900791,2026-01-07 00:44:48.000,pub_204
44f96405-78bf-4bb1-8b50-67b11f6c32a6,8a176764-6f34-497d-ba92-8314ab2d7719,2026-01-07 00:52:57.000,pub_445
36d18042-57ce-4b07-b029-ecba1a8e0f94,8a176764-6f34-497d-ba92-8314ab2d7719,2026-01-07 00:59:01.000,pub_318
bce87da5-24e8-46ef-a7f5-a5a6e52a4b8d,393fc1c9-d322-4b8a-952e-5ad320900791,2026-01-07 01:01:36.000,pub_445
00b464c1-2418-478b-aeb6-1890d47e6169,8a176764-6f34-497d-ba92-8314ab2d7719,2026-01-07 01:07:36.000,pub_101
a15e957a-cecc-46d0-a03a-f58ac4f57ecc,33c7942d-55ce-48ca-9169-a374b1f497df,2026-01-07 01:11:39.000,pub_512
edf4ef89-c478-4dd4-a2e7-72e3c4cef10b,749c9934-39ec-4687-9dbd-78378124d954,2026-01-07 01:11:56.000,pub_318
4f664d70-3c77-49e1-b948-70a8a088dedd,3f1ed2cc-0767-4665-8370-36e46f39a07e,2026-01-07 01:13:34.000,pub_445
e8789c22-0ecb-4c77-b276-4200fadcac3e,3f1ed2cc-0767-4665-8370-36e46f39a07e,2026-01-07 01:13:37.000,pub_101
9f6458cf-c2e5-48e7-911f-4740a77d9d20,80b7708a-f34b-4cd7-9b3d-0594a66337d5,2026-01-07 01:15:52.000,pub_318
f77ff9e7-31f2-4190-bbf6-414faadc9001,fdede5e3-9dba-4ca5-a36e-82895c4618f8,2026-01-07 01:18:21.000,pub_512
ab71dbcd-23a8-48fb-9ff7-1257693280f6,83f9bde8-6044-446e-b665-aee0bb0e656e,2026-01-07 01:20:19.000,pub_445
723e5013-a00c-401b-8203-55c03e5b5916,33c7942d-55ce-48ca-9169-a374b1f497df,2026-01-07 01:28:39.000,pub_512
9d0e38cb-7a14-4850-a2c0-61ad7d426eac,33c7942d-55ce-48ca-9169-a374b1f497df,2026-01-07 01:40:52.000,pub_445
fd7e91fd-0e69-41c1-ae0c-519fd2c3f78a,80b7708a-f34b-4cd7-9b3d-0594a66337d5,2026-01-07 01:47:27.000,pub_204
c31accf5-1d7b-48a9-9266-0bfc29a9ff15,33c7942d-55ce-48ca-9169-a374b1f497df,2026-01-07 01:50:02.000,pub_318
ed8b080b-09ee-4fe6-9dd4-c70ea2f4aa5d,3f1ed2cc-0767-4665-8370-36e46f39a07e,2026-01-07 01:57:47.000,pub_512
b8f836e2-8738-4b37-ae5d-e091c6332dac,8a176764-6f34-497d-ba92-8314ab2d7719,2026-01-07 02:28:16.000,pub_445
b0c5109a-4aec-4af0-8305-2f61c2df8a3a,83f9bde8-6044-446e-b665-aee0bb0e656e,2026-01-07 02:31:17.000,pub_204
b5ee8db7-bb5f-4d45-affb-2f3eb886c59f,80b7708a-f34b-4cd7-9b3d-0594a66337d5,2026-01-07 02:48:25.000,pub_512
6d2f3c5a-67bc-48f6-baa8-2246fcadcdb6,393fc1c9-d322-4b8a-952e-5ad320900791,2026-01-07 02:56:40.000,pub_204
f674113c-8d7b-414c-bdce-b73c8842b7eb,6b5edc02-f930-4de2-a691-c965ad171ac9,2026-01-07 03:01:02.000,pub_101
a23502b7-7b91-45c8-b467-69d9ef6d9532,6b5edc02-f930-4de2-a691-c965ad171ac9,2026-01-07 03:03:29.000,pub_445
0b62d5a0-5ce3-4b45-bc4a-084dbd5ea088,83f9bde8-6044-446e-b665-aee0bb0e656e,2026-01-07 03:03:59.000,pub_101
1a1dc644-a2ac-4a65-b51e-b449800d9283,fdede5e3-9dba-4ca5-a36e-82895c4618f8,2026-01-07 03:08:13.000,pub_318
bf27dd48-f7d4-4e15-85fa-a83fcb63329d,749c9934-39ec-4687-9dbd-78378124d954,2026-01-07 03:09:31.000,pub_512
66d03625-ef72-49ac-9497-66d497a5c88e,fdede5e3-9dba-4ca5-a36e-82895c4618f8,2026-01-07 03:15:51.000,pub_101
f56e4443-36f8-47bd-9c82-139cac869d99,fdede5e3-9dba-4ca5-a36e-82895c4618f8,2026-01-07 03:28:36.000,pub_318
c17b7c78-7d22-4290-ab2a-417f26fad2e7,6b5edc02-f930-4de2-a691-c965ad171ac9,2026-01-07 04:07:13.000,pub_318
6e984087-0221-49ec-8a7d-6db46fd24a1a,749c9934-39ec-4687-9dbd-78378124d954,2026-01-07 04:17:09.000,pub_512
1efffd36-4889-407f-a8b1-de0dc15fc65c,83f9bde8-6044-446e-b665-aee0bb0e656e,2026-01-07 04:18:03.000,pub_204
744b25ed-d6db-461c-8860-68a68d4c968a,393fc1c9-d322-4b8a-952e-5ad320900791,2026-01-07 04:20:33.000,pub_512
cf60e543-ff22-41ee-9edc-2942a5bf703b,33c7942d-55ce-48ca-9169-a374b1f497df,2026-01-07 04:27:27.000,pub_101
33d968ab-13f7-4d91-a5c7-77d3e1ed6819,8a176764-6f34-497d-ba92-8314ab2d7719,2026-01-07 04:28:16.000,pub_318
9c58f0d6-1843-4c6f-aa47-b81d85a2c033,749c9934-39ec-4687-9dbd-78378124d954,2026-01-07 04:29:36.000,pub_445
081af7e1-4851-450c-b8a9-0b2e8f64b3bb,393fc1c9-d322-4b8a-952e-5ad320900791,2026-01-07 04:58:09.000,pub_445
e311d714-c8d6-42e2-8e91-0a137ca5348c,393fc1c9-d322-4b8a-952e-5ad320900791,2026-01-07 04:58:51.000,pub_445
c9e4ed3f-4c15-4052-9831-d1902f0c5f5b,393fc1c9-d322-4b8a-952e-5ad320900791,2026-01-07 04:59:49.000,pub_512
79fedca5-cca4-441e-961c-3540c8ad16c8,8a176764-6f34-497d-ba92-8314ab2d7719,2026-01-07 05:03:56.000,pub_318
856d19f2-63ae-429a-a08d-c729ba16520f,749c9934-39ec-4687-9dbd-78378124d954,2026-01-07 05:17:10.000,pub_318
f3cba6dd-413a-4094-a386-8bd4831c7f07,393fc1c9-d322-4b8a-952e-5ad320900791,2026-01-07 05:21:41.000,pub_318
64d81005-4f6b-4b58-bff1-582ed4b0d0f1,749c9934-39ec-4687-9dbd-78378124d954,2026-01-07 05:22:53.000,pub_204
13b56328-74e3-456f-a2fe-3509130c353a,3f1ed2cc-0767-4665-8370-36e46f39a07e,2026-01-07 05:25:02.000,pub_101
1a959c79-368b-40df-81da-ee4a1762f580,749c9934-39ec-4687-9dbd-78378124d954,2026-01-07 05:31:14.000,pub_512
499dd187-42dd-4ea5-9845-d3f285de4ee8,393fc1c9-d322-4b8a-952e-5ad320900791,2026-01-07 05:34:42.000,pub_512
c00c72fe-5de0-4276-8216-7f43ca8386c9,80b7708a-f34b-4cd7-9b3d-0594a66337d5,2026-01-07 05:42:58.000,pub_318
89302ae6-1ddf-4e07-8f82-2b1709995cfc,6ecad2b7-b646-4008-9939-e26a0ffdc290,2026-01-07 05:46:30.000,pub_204
21e0b7a3-ddbc-4833-a58d-4d35ba53badc,fdede5e3-9dba-4ca5-a36e-82895c4618f8,2026-01-07 05:54:13.000,pub_101
e24286dd-2a70-4b0a-ba6e-9c7bb3abfa6f,6b5edc02-f930-4de2-a691-c965ad171ac9,2026-01-07 05:57:47.000,pub_204
cadcd5cf-e31f-4356-b3e5-804637f2580b,393fc1c9-d322-4b8a-952e-5ad320900791,2026-01-07 06:04:53.000,pub_512
a45e890b-4fbc-43f7-9757-72007ca3de66,8a176764-6f34-497d-ba92-8314ab2d7719,2026-01-07 06:24:30.000,pub_204
16549c45-73d8-4c43-9b75-7bc3bf869dfd,fdede5e3-9dba-4ca5-a36e-82895c4618f8,2026-01-07 06:27:22.000,pub_512
91289e38-1e2f-40f7-b631-35917d3bfa11,6ecad2b7-b646-4008-9939-e26a0ffdc290,2026-01-07 06:30:44.000,pub_445
2e4448ad-ba17-4001-929e-6f130762b8ba,749c9934-39ec-4687-9dbd-78378124d954,2026-01-07 06:53:53.000,pub_101
ed90dbbb-3017-4d5c-b482-3a61a5463981,749c9934-39ec-4687-9dbd-78378124d954,2026-01-07 07:07:36.000,pub_512
07ae9550-ea74-4a7d-a07a-3115cce2231a,80b7708a-f34b-4cd7-9b3d-0594a66337d5,2026-01-07 07:11:22.000,pub_318
7ff61af5-e935-4cb1-baa9-cbcabd936460,fdede5e3-9dba-4ca5-a36e-82895c4618f8,2026-01-07 07:19:05.000,pub_318
60d6d82a-58fb-426e-acef-ce107111f923,6ecad2b7-b646-4008-9939-e26a0ffdc290,2026-01-07 07:20:01.000,pub_318
8cf595eb-de67-40fc-932b-021d878b5ae9,fdede5e3-9dba-4ca5-a36e-82895c4618f8,2026-01-07 07:31:53.000,pub_204
58ba9390-349a-4f05-970d-fdf990362887,80b7708a-f34b-4cd7-9b3d-0594a66337d5,2026-01-07 07:32:05.000,pub_445
c16655de-08cc-4722-9e20-5ce16b7ca100,83f9bde8-6044-446e-b665-aee0bb0e656e,2026-01-07 07:34:09.000,pub_512
77412ff9-f20c-405b-9824-ba16341ebc57,6b5edc02-f930-4de2-a691-c965ad171ac9,2026-01-07 07:42:54.000,pub_101
507521b8-2abc-4e8b-9fa4-0d95bc7f1a0c,80b7708a-f34b-4cd7-9b3d-0594a66337d5,2026-01-07 07:53:53.000,pub_204
9962b118-1b47-4b73-8084-ddd75c76531a,3f1ed2cc-0767-4665-8370-36e46f39a07e,2026-01-07 08:09:11.000,pub_512
5c122c10-f550-48d7-a74d-62b57f391e86,393fc1c9-d322-4b8a-952e-5ad320900791,2026-01-07 08:13:05.000,pub_512
1598c20f-deec-4de4-99d2-e8c195c4a2eb,80b7708a-f34b-4cd7-9b3d-0594a66337d5,2026-01-07 08:21:12.000,pub_318
9d4e8672-f344-4229-8dfd-19acc2c66ea3,6ecad2b7-b646-4008-9939-e26a0ffdc290,2026-01-07 08:23:12.000,pub_204
3be4a462-fdb1-49b0-a5a8-3bdbba3ca6e2,33c7942d-55ce-48ca-9169-a374b1f497df,2026-01-07 08:41:37.000,pub_445
cd0393f5-671f-413e-8eea-00b452594203,8a176764-6f34-497d-ba92-8314ab2d7719,2026-01-07 08:48:38.000,pub_318
4c3f8e26-c26c-47de-ad0c-25ca3fc671c2,8a176764-6f34-497d-ba92-8314ab2d7719,2026-01-07 08:51:22.000,pub_318
710d8b6b-5c1d-4ecd-8acd-356f6a43567c,6ecad2b7-b646-4008-9939-e26a0ffdc290,2026-01-07 08:56:56.000,pub_512
4804c200-7ac9-4a02-b9d2-2556f59b77a5,83f9bde8-6044-446e-b665-aee0bb0e656e,2026-01-07 09:26:18.000,pub_445
da7fcc54-fe8d-4228-9bc2-76273302d46e,83f9bde8-6044-446e-b665-aee0bb0e656e,2026-01-07 09:31:32.000,pub_204
c1a27a5b-7249-4a27-98f4-526ec2f127b1,33c7942d-55ce-48ca-9169-a374b1f497df,2026-01-07 09:32:55.000,pub_204
920febef-06f8-4f43-8eac-1866489a3bb9,3f1ed2cc-0767-4665-8370-36e46f39a07e,2026-01-07 09:33:09.000,pub_101
b95b98c6-f687-4f38-b434-3f2c496e19e9,393fc1c9-d322-4b8a-952e-5ad320900791,2026-01-07 09:38:09.000,pub_445
631eeb12-49bb-48ca-9fc4-5fa5c8df0781,8a176764-6f34-497d-ba92-8314ab2d7719,2026-01-07 09:43:34.000,pub_512
7c97c44f-4903-47ed-a0d7-14fb568a23d1,83f9bde8-6044-446e-b665-aee0bb0e656e,2026-01-07 09:49:22.000,pub_445
426e91f2-17b1-4f2c-b6a4-3897c3b292e3,749c9934-39ec-4687-9dbd-78378124d954,2026-01-07 10:04:07.000,pub_512
aa795dac-753b-43b8-8289-a845924dce5e,6ecad2b7-b646-4008-9939-e26a0ffdc290,2026-01-07 10:07:48.000,pub_204
16cd4c8b-6d31-47b4-bac9-71a422796a34,8a176764-6f34-497d-ba92-8314ab2d7719,2026-01-07 10:09:25.000,pub_204
6bfb2f53-d8f3-485c-b13e-cd76202d55e2,fdede5e3-9dba-4ca5-a36e-82895c4618f8,2026-01-07 10:13:52.000,pub_512
050f0cc4-b8c8-4343-8d2b-e12b73a2b2f7,33c7942d-55ce-48ca-9169-a374b1f497df,2026-01-07 10:25:07.000,pub_512
fd60d3f6-88ee-47cd-a209-97b9df6e5403,fdede5e3-9dba-4ca5-a36e-82895c4618f8,2026-01-07 10:25:50.000,pub_512
b5f1e053-a988-42b4-8c23-6bf4a61e06f3,749c9934-39ec-4687-9dbd-78378124d954,2026-01-07 10:32:54.000,pub_318
d77efda3-09b2-4ba3-8b32-ce93c0d2fbd3,6ecad2b7-b646-4008-9939-e26a0ffdc290,2026-01-07 10:35:45.000,pub_204
8befdb17-c923-4bd0-a1e3-878e658053ad,80b7708a-f34b-4cd7-9b3d-0594a66337d5,2026-01-07 10:52:34.000,pub_318
cb07f8e4-55c1-40c5-a3f5-1ce8cf42cc06,393fc1c9-d322-4b8a-952e-5ad320900791,2026-01-07 10:53:19.000,pub_204
cd987539-01ae-4f86-b7d1-70ffbbb0abfb,80b7708a-f34b-4cd7-9b3d-0594a66337d5,2026-01-07 10:54:43.000,pub_204
fa6330eb-ce4a-4c2e-b4c5-30101763db18,80b7708a-f34b-4cd7-9b3d-0594a66337d5,2026-01-07 10:59:37.000,pub_445
ffc0c7e6-7e44-4f3d-9a18-43c02a26cfb4,80b7708a-f34b-4cd7-9b3d-0594a66337d5,2026-01-07 11:07:35.000,pub_204
ca9872bc-3ace-411b-9195-a721ac33738b,8a176764-6f34-497d-ba92-8314ab2d7719,2026-01-07 11:21:04.000,pub_445
4a3ee6d0-ea65-4fc3-b450-c2f735aa4a99,393fc1c9-d322-4b8a-952e-5ad320900791,2026-01-07 11:23:18.000,pub_101
170df2f7-b02a-401a-b22b-1594bdb30e93,8a176764-6f34-497d-ba92-8314ab2d7719,2026-01-07 11:23:22.000,pub_204
c434318c-ac11-47dc-bf77-aee19e74abed,393fc1c9-d322-4b8a-952e-5ad320900791,2026-01-07 11:31:09.000,pub_318
acefcf8e-c59f-4e6b-a48c-e4c1f8efe1ac,8a176764-6f34-497d-ba92-8314ab2d7719,2026-01-07 11:33:00.000,pub_318
1c211a82-6aa5-4b34-8f8c-ce18bab34e7f,8a176764-6f34-497d-ba92-8314ab2d7719,2026-01-07 11:38:48.000,pub_101
6b28ca2b-13a8-467b-901b-716331c00134,393fc1c9-d322-4b8a-952e-5ad320900791,2026-01-07 11:48:06.000,pub_101
7f710c7f-31fe-459b-822b-7a56ee910c28,fdede5e3-9dba-4ca5-a36e-82895c4618f8,2026-01-07 12:12:50.000,pub_101
153a80e3-dd46-4e6e-93b3-533338da9c21,8a176764-6f34-497d-ba92-8314ab2d7719,2026-01-07 12:21:15.000,pub_512
655cbd16-70df-42cb-a20f-94b07f60b5b5,6b5edc02-f930-4de2-a691-c965ad171ac9,2026-01-07 12:21:49.000,pub_512
576897c4-c1a1-4af2-9507-c9c91406e1ec,749c9934-39ec-4687-9dbd-78378124d954,2026-01-07 12:25:56.000,pub_318
d85759a2-8303-4a18-b9d6-3dd3bf056479,8a176764-6f34-497d-ba92-8314ab2d7719,2026-01-07 12:35:37.000,pub_512
b4e02b9a-4505-4a59-8e35-4c23c83e602a,fdede5e3-9dba-4ca5-a36e-82895c4618f8,2026-01-07 12:41:43.000,pub_318
178b57ee-26b7-43ed-bd0e-9ac378dd4b85,8a176764-6f34-497d-ba92-8314ab2d7719,2026-01-07 12:49:36.000,pub_204
c4b08a8a-ba7c-4dad-8ddc-72b39f02a6c6,749c9934-39ec-4687-9dbd-78378124d954,2026-01-07 12:58:27.000,pub_318
d183b4b7-29b5-4393-9ad2-39a7eaf1fc64,6ecad2b7-b646-4008-9939-e26a0ffdc290,2026-01-07 13:13:13.000,pub_512
240ec865-589d-4491-93fe-80b890ba3556,83f9bde8-6044-446e-b665-aee0bb0e656e,2026-01-07 13:23:10.000,pub_318
5f973fcd-1606-49d3-ac1e-77bb34c6678a,6ecad2b7-b646-4008-9939-e26a0ffdc290,2026-01-07 13:25:08.000,pub_101
cbca5510-e677-432e-9932-5d4517ea6efe,83f9bde8-6044-446e-b665-aee0bb0e656e,2026-01-07 13:34:50.000,pub_445
0a8b1a39-46b1-4f88-badc-95c2c75e436c,749c9934-39ec-4687-9dbd-78378124d954,2026-01-07 13:40:53.000,pub_204
76cf382b-3694-428c-bbd3-79f065698fd7,80b7708a-f34b-4cd7-9b3d-0594a66337d5,2026-01-07 14:02:36.000,pub_512
9143ae40-bb95-42d6-b404-62e20f556171,393fc1c9-d322-4b8a-952e-5ad320900791,2026-01-07 14:09:53.000,pub_445
fb85b1ea-b972-4bf0-9eb0-169649211ebe,fdede5e3-9dba-4ca5-a36e-82895c4618f8,2026-01-07 14:10:03.000,pub_512
171f833f-89e3-4a6a-a768-289ee22f7519,80b7708a-f34b-4cd7-9b3d-0594a66337d5,2026-01-07 14:11:24.000,pub_101
49b03a3a-07ac-4684-8a7f-14ff3a5bcf5f,749c9934-39ec-4687-9dbd-78378124d954,2026-01-07 14:35:28.000,pub_318
a2ec1b9c-3656-4b01-bc62-3d50542f28d4,749c9934-39ec-4687-9dbd-78378124d954,2026-01-07 14:41:48.000,pub_445
ee982c54-e747-4605-a9f2-616e70e5d043,83f9bde8-6044-446e-b665-aee0bb0e656e,2026-01-07 14:48:05.000,pub_318
5d0b115a-443d-435a-98a9-369ef035dfe1,749c9934-39ec-4687-9dbd-78378124d954,2026-01-07 14:55:22.000,pub_445
81c23a1c-08ff-47bc-9385-d6b2a0c83eec,83f9bde8-6044-446e-b665-aee0bb0e656e,2026-01-07 14:57:02.000,pub_445
30a26086-03c5-4ceb-b043-8f4253860a66,33c7942d-55ce-48ca-9169-a374b1f497df,2026-01-07 14:57:11.000,pub_101
a3e3504b-1df7-492d-a6b7-5ca03ccc20c5,83f9bde8-6044-446e-b665-aee0bb0e656e,2026-01-07 15:02:37.000,pub_101
d9050278-b1df-4f5d-9c39-ebcee63e991f,6ecad2b7-b646-4008-9939-e26a0ffdc290,2026-01-07 15:10:42.000,pub_318
1ab3c306-ba55-4541-af91-305a408501e5,749c9934-39ec-4687-9dbd-78378124d954,2026-01-07 15:12:58.000,pub_445
38853164-ac99-4297-a97e-0847adee00d4,fdede5e3-9dba-4ca5-a36e-82895c4618f8,2026-01-07 15:24:16.000,pub_318
7220e0f6-1a52-4dc4-a372-23cf394c687f,6b5edc02-f930-4de2-a691-c965ad171ac9,2026-01-07 15:28:13.000,pub_512
05b848fd-6083-47ca-9bdd-6fd0e7d591b6,3f1ed2cc-0767-4665-8370-36e46f39a07e,2026-01-07 15:31:53.000,pub_204
806016f0-0889-4f1d-8436-b0c44c06e26a,393fc1c9-d322-4b8a-952e-5ad320900791,2026-01-07 15:35:14.000,pub_512
9d9092bb-d6d7-4b23-a87c-9790461a666f,3f1ed2cc-0767-4665-8370-36e46f39a07e,2026-01-07 15:48:25.000,pub_445
a83e66d3-e1d9-41f0-84e0-dbd706aadc13,393fc1c9-d322-4b8a-952e-5ad320900791,2026-01-07 15:51:47.000,pub_101
22c904ef-de70-4f85-b05f-c2375a2b92cd,6b5edc02-f930-4de2-a691-c965ad171ac9,2026-01-07 15:53:24.000,pub_318
abe3676f-9c68-4755-aab2-1b4a99a6b9e8,80b7708a-f34b-4cd7-9b3d-0594a66337d5,2026-01-07 15:53:29.000,pub_445
5eca8649-6896-4fe1-a139-e95b009258a2,83f9bde8-6044-446e-b665-aee0bb0e656e,2026-01-07 15:57:21.000,pub_101
483ca9cb-7a3c-480a-91ba-bbf2c3e6cf38,80b7708a-f34b-4cd7-9b3d-0594a66337d5,2026-01-07 16:11:21.000,pub_204
c29c0302-3245-492f-89c1-3000c6cd4b0e,3f1ed2cc-0767-4665-8370-36e46f39a07e,2026-01-07 16:16:12.000,pub_445
5cf643f5-766d-414d-858b-babfec379cc9,33c7942d-55ce-48ca-9169-a374b1f497df,2026-01-07 16:27:14.000,pub_318
58419aad-e302-4f7d-9c54-a56d9787690c,393fc1c9-d322-4b8a-952e-5ad320900791,2026-01-07 16:33:00.000,pub_101
1adb815d-279c-4c2b-bbfe-188927b6aead,83f9bde8-6044-446e-b665-aee0bb0e656e,2026-01-07 16:38:03.000,pub_101
3755f067-f7f9-47f1-bd61-e3857538a33a,6b5edc02-f930-4de2-a691-c965ad171ac9,2026-01-07 16:46:30.000,pub_445
3255748a-78c5-49c5-8a3c-184e1fca31af,393fc1c9-d322-4b8a-952e-5ad320900791,2026-01-07 16:52:39.000,pub_512
cb20bed9-f96d-4b54-8796-4b01df640758,6b5edc02-f930-4de2-a691-c965ad171ac9,2026-01-07 16:54:33.000,pub_318
be3aa051-4831-4c68-9089-fc7125ef4eff,3f1ed2cc-0767-4665-8370-36e46f39a07e,2026-01-07 17:14:45.000,pub_318
414d9441-46ac-4b70-80fc-4ecbe3383239,749c9934-39ec-4687-9dbd-78378124d954,2026-01-07 17:26:23.000,pub_204
b3ab2236-f74e-4531-bea8-d342dd180fce,33c7942d-55ce-48ca-9169-a374b1f497df,2026-01-07 17:29:57.000,pub_101
84950aa5-0b5a-4c82-a64f-8da2969b057e,80b7708a-f34b-4cd7-9b3d-0594a66337d5,2026-01-07 17:47:13.000,pub_101
ef4dce4b-a501-4097-9527-8ca1010f65d3,393fc1c9-d322-4b8a-952e-5ad320900791,2026-01-07 18:06:13.000,pub_204
7917dac7-006c-426f-bb41-b932cbe9e2c2,8a176764-6f34-497d-ba92-8314ab2d7719,2026-01-07 18:09:19.000,pub_318
e7862f0f-13ee-4930-91ba-1afc1d7ff641,6ecad2b7-b646-4008-9939-e26a0ffdc290,2026-01-07 18:11:09.000,pub_204
1645193f-a027-4809-a116-1b6d3b29e282,6b5edc02-f930-4de2-a691-c965ad171ac9,2026-01-07 18:12:53.000,pub_445
b01ada3d-cdc6-482e-a9b8-dc1292ebc213,3f1ed2cc-0767-4665-8370-36e46f39a07e,2026-01-07 18:16:12.000,pub_318
1c15575c-f51c-40b2-a446-1587588bcc24,749c9934-39ec-4687-9dbd-78378124d954,2026-01-07 18:18:01.000,pub_445
db04126c-8355-4548-99c9-269312732a62,393fc1c9-d322-4b8a-952e-5ad320900791,2026-01-07 18:27:00.000,pub_318
1b1bf3e8-8e9c-4c38-8f90-12dbcc4fedff,3f1ed2cc-0767-4665-8370-36e46f39a07e,2026-01-07 18:33:14.000,pub_204
fd905bd2-3e56-4c25-a887-c08d441f6462,33c7942d-55ce-48ca-9169-a374b1f497df,2026-01-07 18:40:52.000,pub_204
9eea2840-c484-4210-8cba-071096080d0a,fdede5e3-9dba-4ca5-a36e-82895c4618f8,2026-01-07 18:42:15.000,pub_512
bebff542-11c9-448d-ab79-f6016ff97116,fdede5e3-9dba-4ca5-a36e-82895c4618f8,2026-01-07 18:47:39.000,pub_204
a70a8f4d-0c8d-4263-a2b7-e4e99c68bf3c,83f9bde8-6044-446e-b665-aee0bb0e656e,2026-01-07 18:51:23.000,pub_318
abf8a43a-62da-4dca-9c1d-803ebb24bc4b,8a176764-6f34-497d-ba92-8314ab2d7719,2026-01-07 18:53:47.000,pub_445
e7fffc1f-60e6-46bd-9c66-bd3bb153395c,8a176764-6f34-497d-ba92-8314ab2d7719,2026-01-07 18:56:34.000,pub_512
dbf8ecbf-a46c-4666-b5c8-47c93ad5c816,6ecad2b7-b646-4008-9939-e26a0ffdc290,2026-01-07 18:57:55.000,pub_318
ae660c26-5425-4267-af18-99997703b3a7,749c9934-39ec-4687-9dbd-78378124d954,2026-01-07 19:01:50.000,pub_445
dd7bf706-9b6e-4f22-8278-a8bfbc231878,6b5edc02-f930-4de2-a691-c965ad171ac9,2026-01-07 19:02:43.000,pub_101
021f3454-011c-48a1-9854-14a34e1c0e5c,80b7708a-f34b-4cd7-9b3d-0594a66337d5,2026-01-07 19:03:15.000,pub_101
fa32dd70-e147-470d-94de-2814af246a3e,6ecad2b7-b646-4008-9939-e26a0ffdc290,2026-01-07 19:03:48.000,pub_512
86329880-5f56-4814-9554-041e4cf1fe4a,33c7942d-55ce-48ca-9169-a374b1f497df,2026-01-07 19:06:49.000,pub_512
6282efdd-ea0b-402c-8a07-de0ebe53929b,fdede5e3-9dba-4ca5-a36e-82895c4618f8,2026-01-07 19:07:37.000,pub_101
da2f5622-92c8-4e89-a06b-4a7579251503,8a176764-6f34-497d-ba92-8314ab2d7719,2026-01-07 19:09:27.000,pub_318
61b75acc-378d-4ad5-a6f9-7d227c62a342,8a176764-6f34-497d-ba92-8314ab2d7719,2026-01-07 19:14:33.000,pub_512
385b600e-1858-4471-95b8-2dfce528b228,8a176764-6f34-497d-ba92-8314ab2d7719,2026-01-07 19:19:27.000,pub_445
f1484314-7d72-49db-80fb-e496b92360b6,83f9bde8-6044-446e-b665-aee0bb0e656e,2026-01-07 19:32:37.000,pub_445
4af66a80-8d8d-4ba7-813f-92ada8a49bbd,33c7942d-55ce-48ca-9169-a374b1f497df,2026-01-07 19:36:29.000,pub_512
fda9522f-7513-4162-addf-ee286de5132a,8a176764-6f34-497d-ba92-8314ab2d7719,2026-01-07 19:38:06.000,pub_445
e304c044-215f-4749-b630-aaff8b6120f1,393fc1c9-d322-4b8a-952e-5ad320900791,2026-01-07 19:58:08.000,pub_204
05a187b1-b700-4fc0-acaf-443c89380810,6b5edc02-f930-4de2-a691-c965ad171ac9,2026-01-07 20:08:03.000,pub_101
9bca4a74-666e-4962-98fc-b2d5a21c9cc1,80b7708a-f34b-4cd7-9b3d-0594a66337d5,2026-01-07 20:39:47.000,pub_445
6d582253-e5c1-456d-91ce-7513cb48a663,749c9934-39ec-4687-9dbd-78378124d954,2026-01-07 20:41:40.000,pub_512
96ea4fdf-f500-4d55-8590-ec41ea5fc131,3f1ed2cc-0767-4665-8370-36e46f39a07e,2026-01-07 20:46:33.000,pub_318
d52b3eb2-5249-4787-a711-ec0eb21fa090,6b5edc02-f930-4de2-a691-c965ad171ac9,2026-01-07 21:03:15.000,pub_318
36da9574-7d0a-4a1c-a4a0-9801d142655b,6ecad2b7-b646-4008-9939-e26a0ffdc290,2026-01-07 21:03:24.000,pub_512
cd844b19-1865-4a3d-83a4-9a80be4f3aaf,6ecad2b7-b646-4008-9939-e26a0ffdc290,2026-01-07 21:04:34.000,pub_204
556c2970-5c51-402c-ab06-54cd29ed654a,fdede5e3-9dba-4ca5-a36e-82895c4618f8,2026-01-07 21:08:11.000,pub_101
ce5a81e8-7665-4790-b32f-e73c739dc3c1,fdede5e3-9dba-4ca5-a36e-82895c4618f8,2026-01-07 21:15:00.000,pub_318
12fb05f8-0413-4a30-b267-27fbfe899572,33c7942d-55ce-48ca-9169-a374b1f497df,2026-01-07 21:15:12.000,pub_318
c1607864-5f33-4c53-91f5-d3b45a91ce5a,fdede5e3-9dba-4ca5-a36e-82895c4618f8,2026-01-07 21:32:38.000,pub_512
8c73ee27-2914-4cc2-83e8-bc5460d7f05f,6ecad2b7-b646-4008-9939-e26a0ffdc290,2026-01-07 21:36:17.000,pub_512
260774c7-c10b-431b-b799-4d5a55dbfb43,6ecad2b7-b646-4008-9939-e26a0ffdc290,2026-01-07 21:41:17.000,pub_204
5c9bc802-e5e6-4d62-8435-e223ac33e12d,33c7942d-55ce-48ca-9169-a374b1f497df,2026-01-07 21:43:02.000,pub_101
d9bbc51e-106f-4365-9d3e-578729f4253b,6b5edc02-f930-4de2-a691-c965ad171ac9,2026-01-07 21:52:10.000,pub_318
383c25ef-83e1-4d51-8e6b-8accb1dad759,8a176764-6f34-497d-ba92-8314ab2d7719,2026-01-07 21:55:04.000,pub_318
2a2489d5-6d4d-4d72-ad57-b6e7ef9e1797,83f9bde8-6044-446e-b665-aee0bb0e656e,2026-01-07 21:58:20.000,pub_204
3700567c-b1e2-4d5d-a3c1-e46df08b11c0,6ecad2b7-b646-4008-9939-e26a0ffdc290,2026-01-07 22:08:09.000,pub_204
c2fa0f12-faf9-49c4-97f4-4a3cc8750789,749c9934-39ec-4687-9dbd-78378124d954,2026-01-07 22:16:23.000,pub_318
b2a584d0-adf2-4f34-85a7-62f3b204d0fc,393fc1c9-d322-4b8a-952e-5ad320900791,2026-01-07 22:21:00.000,pub_512
c775e85f-8641-4b89-8cf8-f9979647f555,33c7942d-55ce-48ca-9169-a374b1f497df,2026-01-07 22:41:58.000,pub_101
50490a40-f1bd-4017-b04a-6fe225862565,33c7942d-55ce-48ca-9169-a374b1f497df,2026-01-07 22:42:15.000,pub_318
5ff2d4b6-c74b-4e33-9aea-2d8efa7d2bbf,6b5edc02-f930-4de2-a691-c965ad171ac9,2026-01-07 22:42:33.000,pub_318
cd2f5f92-b3a3-4215-8913-d8dc95395670,80b7708a-f34b-4cd7-9b3d-0594a66337d5,2026-01-07 22:53:28.000,pub_512
c7d04f43-ca04-4610-9dcb-3825ef182e2f,6ecad2b7-b646-4008-9939-e26a0ffdc290,2026-01-07 22:54:00.000,pub_512
f98b1f08-1d83-492a-a6b6-9c09e2158a11,fdede5e3-9dba-4ca5-a36e-82895c4618f8,2026-01-07 23:02:07.000,pub_445
319c3abe-7620-45a7-b63c-5eaf4b93b864,fdede5e3-9dba-4ca5-a36e-82895c4618f8,2026-01-07 23:21:06.000,pub_204
4f02c48a-b1d4-490d-b7da-8a950e466fe0,749c9934-39ec-4687-9dbd-78378124d954,2026-01-07 23:26:34.000,pub_101
160389df-61ad-4cab-8cfc-edc2b40daad7,80b7708a-f34b-4cd7-9b3d-0594a66337d5,2026-01-07 23:36:01.000,pub_512
a43230a0-24fb-4e8b-a226-980746c19e6c,33c7942d-55ce-48ca-9169-a374b1f497df,2026-01-07 23:45:11.000,pub_101
38fb91a0-f3af-4475-b8ad-e79bcb119f9d,393fc1c9-d322-4b8a-952e-5ad320900791,2026-01-07 23:46:02.000,pub_445
adb844bf-6296-4550-b613-a6d3d120932c,393fc1c9-d322-4b8a-952e-5ad320900791,2026-01-07 23:57:11.000,pub_445
955a7570-9ab8-4050-b1a0-b768016749af,3f1ed2cc-0767-4665-8370-36e46f39a07e,2026-01-07 23:59:43.000,pub_445
5d98c198-7d48-4ca9-b4c4-064ea9e48b8f,6ecad2b7-b646-4008-9939-e26a0ffdc290,2026-01-08 00:10:31.000,pub_512
5ec1a266-cb4a-4b96-aac0-12616c6d83d8,33c7942d-55ce-48ca-9169-a374b1f497df,2026-01-08 00:10:55.000,pub_445
6f6bb613-3133-4230-9209-421cfb687714,8a176764-6f34-497d-ba92-8314ab2d7719,2026-01-08 00:11:11.000,pub_101
06e0bea7-104d-4fb8-9cb2-194bc173b921,6ecad2b7-b646-4008-9939-e26a0ffdc290,2026-01-08 00:28:47.000,pub_204
cf00e8a6-f6db-4427-b889-79a0de810226,3f1ed2cc-0767-4665-8370-36e46f39a07e,2026-01-08 00:29:28.000,pub_318
e36c4319-3bbf-4714-9418-8ecb68ea6eb8,33c7942d-55ce-48ca-9169-a374b1f497df,2026-01-08 00:34:25.000,pub_204
6df677ef-3545-473f-abb7-bc095b98f1f1,33c7942d-55ce-48ca-9169-a374b1f497df,2026-01-08 01:06:42.000,pub_512
803ed88c-93c1-425e-842c-4924d8afe1fe,8a176764-6f34-497d-ba92-8314ab2d7719,2026-01-08 01:07:00.000,pub_204
5bb74d8d-a50a-450a-80a4-03bb537b7755,749c9934-39ec-4687-9dbd-78378124d954,2026-01-08 01:11:41.000,pub_512
fabe67f9-583e-4eef-a963-0c2c808eb057,80b7708a-f34b-4cd7-9b3d-0594a66337d5,2026-01-08 01:19:04.000,pub_101
b5446dfb-26e6-4c85-b3bc-9adcecbc25db,83f9bde8-6044-446e-b665-aee0bb0e656e,2026-01-08 01:24:22.000,pub_101
f6e358b1-548e-4ee1-9e57-1b31afd03d82,8a176764-6f34-497d-ba92-8314ab2d7719,2026-01-08 01:32:09.000,pub_204
e8ff679c-55df-477b-a383-81228de7b0dc,749c9934-39ec-4687-9dbd-78378124d954,2026-01-08 01:32:46.000,pub_101
de78fd28-4134-43fb-a961-9d08c2b1dba7,6b5edc02-f930-4de2-a691-c965ad171ac9,2026-01-08 01:33:48.000,pub_101
47805e43-0cfe-441a-99f0-7057c0de4415,fdede5e3-9dba-4ca5-a36e-82895c4618f8,2026-01-08 01:35:38.000,pub_101
271bc302-0995-4488-9caa-0b8295493cf2,8a176764-6f34-497d-ba92-8314ab2d7719,2026-01-08 01:37:04.000,pub_101
5a87a86a-c8c4-4869-a7c1-327d3e19e437,6ecad2b7-b646-4008-9939-e26a0ffdc290,2026-01-08 01:53:03.000,pub_318
6ec94c9e-b86c-4774-8e22-f335c18a861c,3f1ed2cc-0767-4665-8370-36e46f39a07e,2026-01-08 01:53:27.000,pub_445
de8f5477-5923-4664-9af3-6c29296cada9,6b5edc02-f930-4de2-a691-c965ad171ac9,2026-01-08 01:55:12.000,pub_204
2cb1541e-27c5-4436-810e-61282d3857e1,fdede5e3-9dba-4ca5-a36e-82895c4618f8,2026-01-08 02:01:52.000,pub_512
0cb5c860-2943-4c5d-b6a3-67179c2929b7,80b7708a-f34b-4cd7-9b3d-0594a66337d5,2026-01-08 02:02:08.000,pub_101
7ec06314-b2e0-4c9e-b6ff-73e3b034fe8f,749c9934-39ec-4687-9dbd-78378124d954,2026-01-08 02:09:35.000,pub_204
56fb186f-2169-4fca-876d-04e02cf42d26,fdede5e3-9dba-4ca5-a36e-82895c4618f8,2026-01-08 02:12:16.000,pub_101
f55c981f-2517-42dc-b8c8-f6c21fbd8b9a,fdede5e3-9dba-4ca5-a36e-82895c4618f8,2026-01-08 02:13:59.000,pub_204
957f138a-7189-4622-965a-ff8a265111e1,3f1ed2cc-0767-4665-8370-36e46f39a07e,2026-01-08 02:20:03.000,pub_445
7a149766-8bf4-4176-8631-15f02982bef8,6b5edc02-f930-4de2-a691-c965ad171ac9,2026-01-08 02:20:45.000,pub_445
3a52f30b-0e2b-4296-972e-b7fb454af106,80b7708a-f34b-4cd7-9b3d-0594a66337d5,2026-01-08 02:23:21.000,pub_101
7e922ee9-6462-4787-95fa-33aa0618560b,6ecad2b7-b646-4008-9939-e26a0ffdc290,2026-01-08 02:46:53.000,pub_101
09e5253d-5bcf-484c-aa48-e6b3aa30b82f,6ecad2b7-b646-4008-9939-e26a0ffdc290,2026-01-08 02:47:19.000,pub_318
aa495b61-13b0-4b59-8363-c643ad5e9737,fdede5e3-9dba-4ca5-a36e-82895c4618f8,2026-01-08 02:51:19.000,pub_445
7c99ffbd-6c75-4254-9ed3-9e08b20adb00,393fc1c9-d322-4b8a-952e-5ad320900791,2026-01-08 03:08:07.000,pub_318
a56ef0d5-0adc-4fd6-84ab-ca9684360405,83f9bde8-6044-446e-b665-aee0bb0e656e,2026-01-08 03:40:25.000,pub_445
1f295783-60a1-446d-9104-3284d4ea4f32,8a176764-6f34-497d-ba92-8314ab2d7719,2026-01-08 03:41:43.000,pub_318
76bf2204-2191-44b2-9cf3-43db7df724a5,80b7708a-f34b-4cd7-9b3d-0594a66337d5,2026-01-08 03:42:21.000,pub_318
c90a1998-e78f-462a-a4cf-405a09043294,6b5edc02-f930-4de2-a691-c965ad171ac9,2026-01-08 03:43:06.000,pub_318
4caf9d5f-c24b-43a1-aaf1-54aee0e0bd2d,6ecad2b7-b646-4008-9939-e26a0ffdc290,2026-01-08 03:44:38.000,pub_445
c3a227f0-0e0e-4d10-99b3-32778951a43d,8a176764-6f34-497d-ba92-8314ab2d7719,2026-01-08 03:50:03.000,pub_445
4bacf743-6e07-4747-91f5-12c3552131ce,393fc1c9-d322-4b8a-952e-5ad320900791,2026-01-08 03:50:22.000,pub_204
f3fb671f-09cd-4e1f-890f-4283f98b8964,fdede5e3-9dba-4ca5-a36e-82895c4618f8,2026-01-08 03:58:22.000,pub_445
f30edf28-965e-4d0a-9c09-4466b795fdb2,3f1ed2cc-0767-4665-8370-36e46f39a07e,2026-01-08 04:03:22.000,pub_318
c97b77ff-3374-4edc-ba44-9dac496db4b2,8a176764-6f34-497d-ba92-8314ab2d7719,2026-01-08 04:08:01.000,pub_204
1423335e-b312-4f45-94be-3c59f8a77058,80b7708a-f34b-4cd7-9b3d-0594a66337d5,2026-01-08 04:10:16.000,pub_204
479170dc-3a73-4ce4-855d-93c733b064e1,6b5edc02-f930-4de2-a691-c965ad171ac9,2026-01-08 04:12:22.000,pub_318
a1efcbfb-15c3-4bd1-94ac-7a0fcff31144,8a176764-6f34-497d-ba92-8314ab2d7719,2026-01-08 04:17:34.000,pub_101
97dcff93-8153-44c5-be2e-4cfa5d773c2f,fdede5e3-9dba-4ca5-a36e-82895c4618f8,2026-01-08 04:22:44.000,pub_445
c5be9220-f8d0-452b-920c-ab8062fbc52a,6ecad2b7-b646-4008-9939-e26a0ffdc290,2026-01-08 04:27:37.000,pub_512
441a1596-a091-4940-ada4-72b83b7971e9,8a176764-6f34-497d-ba92-8314ab2d7719,2026-01-08 04:37:31.000,pub_445
2ddbf030-6014-45e4-b6eb-634543ce431b,80b7708a-f34b-4cd7-9b3d-0594a66337d5,2026-01-08 04:37:35.000,pub_101
f06d7f54-5d5a-4fc8-a093-50129817b399,749c9934-39ec-4687-9dbd-78378124d954,2026-01-08 04:37:40.000,pub_101
7098c027-7c61-4ca0-b71a-5037525a7a7c,6ecad2b7-b646-4008-9939-e26a0ffdc290,2026-01-08 04:43:51.000,pub_101
0547d57f-d389-4955-b17e-0bc3b6c4c06e,6b5edc02-f930-4de2-a691-c965ad171ac9,2026-01-08 04:45:47.000,pub_204
58b34f66-9d65-490e-bb96-63a7dc419dac,3f1ed2cc-0767-4665-8370-36e46f39a07e,2026-01-08 04:49:17.000,pub_101
f317a05c-8927-4bbd-b2a8-6c6321d85627,33c7942d-55ce-48ca-9169-a374b1f497df,2026-01-08 04:51:21.000,pub_512
50ef0888-4cab-4f19-8290-9887882de145,80b7708a-f34b-4cd7-9b3d-0594a66337d5,2026-01-08 05:05:40.000,pub_445
2eb9da0b-b031-4cc3-a963-129de19edd32,8a176764-6f34-497d-ba92-8314ab2d7719,2026-01-08 05:10:05.000,pub_101
da0e10a7-f71b-4616-96f1-20459121308e,80b7708a-f34b-4cd7-9b3d-0594a66337d5,2026-01-08 05:11:41.000,pub_512
67532997-e008-4c13-8e06-2b25132f9afd,8a176764-6f34-497d-ba92-8314ab2d7719,2026-01-08 05:16:20.000,pub_204
e6e32a03-7d08-4131-9af1-ebe19b5ac40c,8a176764-6f34-497d-ba92-8314ab2d7719,2026-01-08 05:25:40.000,pub_101
a01ff2d3-d029-4b11-a0a9-112b9f441e7e,8a176764-6f34-497d-ba92-8314ab2d7719,2026-01-08 05:31:42.000,pub_512
6e7ddf59-545f-4892-9b57-7936e359d775,3f1ed2cc-0767-4665-8370-36e46f39a07e,2026-01-08 05:33:44.000,pub_512
54473ba5-7d60-4c45-86b0-91e682c1232a,8a176764-6f34-497d-ba92-8314ab2d7719,2026-01-08 05:37:54.000,pub_318
8f42775a-8d6f-410a-ab23-a4da1dd6b4c8,8a176764-6f34-497d-ba92-8314ab2d7719,2026-01-08 05:45:57.000,pub_101
b8b33eef-3c4d-462b-83ab-78746be3264d,6ecad2b7-b646-4008-9939-e26a0ffdc290,2026-01-08 05:50:59.000,pub_445
9be46ec9-11e7-4d0c-8582-1ade5075c3b2,fdede5e3-9dba-4ca5-a36e-82895c4618f8,2026-01-08 05:51:03.000,pub_445
105d4b14-0007-4944-ab87-accb633bd703,80b7708a-f34b-4cd7-9b3d-0594a66337d5,2026-01-08 05:51:04.000,pub_318
618d03e3-ec39-4b86-bffb-5eedd0970230,80b7708a-f34b-4cd7-9b3d-0594a66337d5,2026-01-08 06:15:05.000,pub_512
df450548-1883-44ec-8517-0046faff94ce,3f1ed2cc-0767-4665-8370-36e46f39a07e,2026-01-08 06:16:24.000,pub_318
48de8c27-83ed-4d7c-95d0-96b94e912515,80b7708a-f34b-4cd7-9b3d-0594a66337d5,2026-01-08 06:25:59.000,pub_204
f76bf342-438b-4ee7-a6cd-efc26b839c92,8a176764-6f34-497d-ba92-8314ab2d7719,2026-01-08 06:38:45.000,pub_318
48099980-10cb-43d9-ae8b-042411a79f5f,6b5edc02-f930-4de2-a691-c965ad171ac9,2026-01-08 06:51:56.000,pub_318
693cd8b1-4ccf-46f3-bdb5-887a185dba8e,8a176764-6f34-497d-ba92-8314ab2d7719,2026-01-08 07:01:40.000,pub_512
b134ad6c-04e5-4f0f-ac7f-474a10067117,6ecad2b7-b646-4008-9939-e26a0ffdc290,2026-01-08 07:15:05.000,pub_512
b34ee95f-6666-4e7c-9a91-db975739ec37,749c9934-39ec-4687-9dbd-78378124d954,2026-01-08 07:28:32.000,pub_101
ce476fa3-7ea5-4060-912c-95e8a2541ca4,6b5edc02-f930-4de2-a691-c965ad171ac9,2026-01-08 07:33:31.000,pub_445
23c0fb30-d1f2-4b6f-a58e-dc8b0211863b,393fc1c9-d322-4b8a-952e-5ad320900791,2026-01-08 07:40:10.000,pub_204
e305cd4e-35d4-4250-85d7-3d0787aea86b,fdede5e3-9dba-4ca5-a36e-82895c4618f8,2026-01-08 07:57:44.000,pub_101
04435ed0-09cc-4c3f-a475-e4f2c5e83175,3f1ed2cc-0767-4665-8370-36e46f39a07e,2026-01-08 08:02:51.000,pub_204
38a81554-9a84-4866-83bf-758121e36789,8a176764-6f34-497d-ba92-8314ab2d7719,2026-01-08 08:14:10.000,pub_512
f4d71312-a40b-4a71-9366-8739d62fab0d,80b7708a-f34b-4cd7-9b3d-0594a66337d5,2026-01-08 08:40:51.000,pub_445
ef086b6b-1e2e-42be-8a10-22d7e2af183f,6b5edc02-f930-4de2-a691-c965ad171ac9,2026-01-08 08:44:48.000,pub_101
317e808c-805b-472d-bb59-c4fbfc29cb34,393fc1c9-d322-4b8a-952e-5ad320900791,2026-01-08 08:46:29.000,pub_204
496468b7-c8a4-4002-ab41-ee6c9676a44b,3f1ed2cc-0767-4665-8370-36e46f39a07e,2026-01-08 08:49:34.000,pub_512
563ea845-bbd9-40a6-ba34-b7082eaa5fee,3f1ed2cc-0767-4665-8370-36e46f39a07e,2026-01-08 08:54:49.000,pub_204
1da98bea-6af7-4de9-be48-8d31e869c089,3f1ed2cc-0767-4665-8370-36e46f39a07e,2026-01-08 08:54:54.000,pub_101
2f04c509-bd25-4440-a4c9-1247b79dae7e,fdede5e3-9dba-4ca5-a36e-82895c4618f8,2026-01-08 08:57:43.000,pub_101
cc775bc2-f472-4908-83fc-90c9a6f06cc5,6b5edc02-f930-4de2-a691-c965ad171ac9,2026-01-08 09:09:08.000,pub_512
4cec1aa0-7791-4625-bc9f-ce286eeb71e3,6b5edc02-f930-4de2-a691-c965ad171ac9,2026-01-08 09:23:27.000,pub_512
945a6695-a9c7-4f0b-a084-77be9f4af293,6ecad2b7-b646-4008-9939-e26a0ffdc290,2026-01-08 09:35:05.000,pub_445
dc0aa66d-eb2d-4283-be69-1afe384d2e21,6b5edc02-f930-4de2-a691-c965ad171ac9,2026-01-08 09:49:39.000,pub_204
fbb456d7-c6b6-4b41-9911-5c66c70f049f,3f1ed2cc-0767-4665-8370-36e46f39a07e,2026-01-08 09:53:08.000,pub_318
14d60112-8ca5-4626-aabb-067794b3b961,749c9934-39ec-4687-9dbd-78378124d954,2026-01-08 09:57:03.000,pub_318
f4d99242-fb1e-443d-8510-904e55b35bcd,83f9bde8-6044-446e-b665-aee0bb0e656e,2026-01-08 10:01:24.000,pub_512
e55ecbd9-8503-4e6a-8611-4fc0e1b68f71,3f1ed2cc-0767-4665-8370-36e46f39a07e,2026-01-08 10:06:22.000,pub_101
e2c87590-bd3e-4945-8ac3-4a41b726cc58,393fc1c9-d322-4b8a-952e-5ad320900791,2026-01-08 10:17:01.000,pub_512
e9cd8460-5ab9-46c2-907f-fba06a0e2ae6,3f1ed2cc-0767-4665-8370-36e46f39a07e,2026-01-08 10:18:52.000,pub_101
cde3bdc5-032b-4336-8675-1638174e444c,8a176764-6f34-497d-ba92-8314ab2d7719,2026-01-08 10:25:06.000,pub_445
ef00e63a-9714-4146-9651-e2c7091429d6,8a176764-6f34-497d-ba92-8314ab2d7719,2026-01-08 10:28:26.000,pub_445
b6cd7fb8-5e74-4711-aa0b-ab968830dd74,fdede5e3-9dba-4ca5-a36e-82895c4618f8,2026-01-08 10:36:05.000,pub_204
3ebe600d-38fe-4cd1-822e-592395b76d77,fdede5e3-9dba-4ca5-a36e-82895c4618f8,2026-01-08 10:38:32.000,pub_445
aa699940-eb04-488a-9d6d-38abf49eab0c,6ecad2b7-b646-4008-9939-e26a0ffdc290,2026-01-08 10:49:21.000,pub_204
2682d609-12f5-45e4-9240-005a16531514,80b7708a-f34b-4cd7-9b3d-0594a66337d5,2026-01-08 10:49:49.000,pub_318
310ac526-7a36-4353-b419-f2c82879759a,83f9bde8-6044-446e-b665-aee0bb0e656e,2026-01-08 11:02:28.000,pub_101
97e2e689-9742-4c5d-b3d1-0ff98db20639,83f9bde8-6044-446e-b665-aee0bb0e656e,2026-01-08 11:05:09.000,pub_445
d3af3497-19b0-48e9-81fe-8c388989a8d7,749c9934-39ec-4687-9dbd-78378124d954,2026-01-08 11:09:41.000,pub_101
65d4cfbf-89d5-4f5b-944a-41abfa20b802,8a176764-6f34-497d-ba92-8314ab2d7719,2026-01-08 11:25:18.000,pub_512
5e286804-98c3-45ea-a5ea-02a2bbf943d8,fdede5e3-9dba-4ca5-a36e-82895c4618f8,2026-01-08 11:25:48.000,pub_512
76498fc3-4e6c-4c8b-af89-876488dd8f98,33c7942d-55ce-48ca-9169-a374b1f497df,2026-01-08 11:34:47.000,pub_101
c4dbc5e6-e0b5-4528-870f-b0fb9a32f757,6b5edc02-f930-4de2-a691-c965ad171ac9,2026-01-08 11:35:01.000,pub_512
aabd655f-92ae-466d-b436-403e4144ed40,3f1ed2cc-0767-4665-8370-36e46f39a07e,2026-01-08 11:35:53.000,pub_445
09dc6c6f-a198-476b-8449-92482d272cdd,3f1ed2cc-0767-4665-8370-36e46f39a07e,2026-01-08 11:38:57.000,pub_204
3ff1095e-e778-4fd1-baeb-41dd2d2479e6,fdede5e3-9dba-4ca5-a36e-82895c4618f8,2026-01-08 11:41:16.000,pub_318
5d8cd5d5-cb2d-4544-ab41-ccb03162a433,3f1ed2cc-0767-4665-8370-36e46f39a07e,2026-01-08 12:01:56.000,pub_445
ca70d987-eb89-4436-b8d7-e47541c97f2d,6b5edc02-f930-4de2-a691-c965ad171ac9,2026-01-08 12:04:10.000,pub_512
9c09e1dd-f032-4ad1-b782-6fa533c8a9b0,3f1ed2cc-0767-4665-8370-36e46f39a07e,2026-01-08 12:07:09.000,pub_318
1b2a9870-ea1e-43bd-9acc-1fc8069188c2,fdede5e3-9dba-4ca5-a36e-82895c4618f8,2026-01-08 12:12:17.000,pub_512
ab5fbff5-f3b3-4af3-a707-936b3b3edbea,6b5edc02-f930-4de2-a691-c965ad171ac9,2026-01-08 12:16:01.000,pub_204
94303a3e-4c47-478c-b57a-949286445953,6b5edc02-f930-4de2-a691-c965ad171ac9,2026-01-08 12:16:25.000,pub_445
a8e45497-84fd-4222-a286-102f76e191c7,6ecad2b7-b646-4008-9939-e26a0ffdc290,2026-01-08 12:31:27.000,pub_101
cfaf50fb-3ca2-4250-94e7-005872c52456,3f1ed2cc-0767-4665-8370-36e46f39a07e,2026-01-08 12:52:56.000,pub_512
7110f05f-60ad-4f71-9ef5-280604808d6d,3f1ed2cc-0767-4665-8370-36e46f39a07e,2026-01-08 12:54:27.000,pub_101
540084cd-1d38-4e4a-bcae-a2d46dbaf9c0,33c7942d-55ce-48ca-9169-a374b1f497df,2026-01-08 13:08:48.000,pub_204
9de0a2a9-dd1b-4163-9217-ec9176b8b174,83f9bde8-6044-446e-b665-aee0bb0e656e,2026-01-08 13:09:37.000,pub_204
821a78cd-fcb8-49a4-832e-2687eb3e661d,fdede5e3-9dba-4ca5-a36e-82895c4618f8,2026-01-08 13:15:02.000,pub_101
5cdc3cc8-f20a-471c-b70a-a3586bf39f42,393fc1c9-d322-4b8a-952e-5ad320900791,2026-01-08 13:15:49.000,pub_204
b5635e17-2cc9-49f8-9c45-f4757a290b46,8a176764-6f34-497d-ba92-8314ab2d7719,2026-01-08 13:24:18.000,pub_204
33c30d04-b3fb-49fc-b52c-c1573d941463,749c9934-39ec-4687-9dbd-78378124d954,2026-01-08 13:36:34.000,pub_512
57376a91-701c-4918-bcd5-dabbaed57a71,80b7708a-f34b-4cd7-9b3d-0594a66337d5,2026-01-08 13:36:41.000,pub_445
3ac69a80-6082-4e6b-aec8-4dfa7d16ee8b,749c9934-39ec-4687-9dbd-78378124d954,2026-01-08 13:44:34.000,pub_101
701f45fc-36e8-4f34-b69e-7be314568f53,6b5edc02-f930-4de2-a691-c965ad171ac9,2026-01-08 14:07:08.000,pub_512
cdaeb6c0-fd38-42df-be9d-cde59671c517,3f1ed2cc-0767-4665-8370-36e46f39a07e,2026-01-08 14:16:51.000,pub_101
c0d52d9f-7952-48a7-9029-de07782b47da,fdede5e3-9dba-4ca5-a36e-82895c4618f8,2026-01-08 14:22:25.000,pub_101
047ee31d-eae7-4763-97b3-c36adb08861d,8a176764-6f34-497d-ba92-8314ab2d7719,2026-01-08 14:52:50.000,pub_204
b452735a-eca0-4127-8940-b07420d43470,83f9bde8-6044-446e-b665-aee0bb0e656e,2026-01-08 14:53:35.000,pub_512
c84fe7fd-ecc0-41cb-9d36-6c03044488c7,80b7708a-f34b-4cd7-9b3d-0594a66337d5,2026-01-08 14:55:27.000,pub_101
602617b9-35ee-4690-9a28-0c65e5f2391b,3f1ed2cc-0767-4665-8370-36e46f39a07e,2026-01-08 15:09:43.000,pub_318
e7a9a7eb-3839-4f8f-9c82-125eb84a8a29,6ecad2b7-b646-4008-9939-e26a0ffdc290,2026-01-08 15:20:04.000,pub_318
c7109a82-462e-4aa3-b03f-cda182fce667,393fc1c9-d322-4b8a-952e-5ad320900791,2026-01-08 15:26:11.000,pub_101
2e422f49-0840-4b67-afbe-749539c5646d,80b7708a-f34b-4cd7-9b3d-0594a66337d5,2026-01-08 15:28:50.000,pub_445
db3bede4-e72f-423a-b089-5e944423ed7e,33c7942d-55ce-48ca-9169-a374b1f497df,2026-01-08 15:30:24.000,pub_204
a0921e72-6b2d-4564-829a-6ee77d6d6e42,fdede5e3-9dba-4ca5-a36e-82895c4618f8,2026-01-08 15:52:35.000,pub_204
bd7de379-7a36-4e4f-b8cd-c9bcc370304d,6ecad2b7-b646-4008-9939-e26a0ffdc290,2026-01-08 16:01:01.000,pub_512
c2bebc37-585d-4d92-b89c-8b1af61a5da9,8a176764-6f34-497d-ba92-8314ab2d7719,2026-01-08 16:11:51.000,pub_204
85481ba4-ea16-484c-8666-85cae1fed40c,80b7708a-f34b-4cd7-9b3d-0594a66337d5,2026-01-08 16:19:23.000,pub_512
520ed70d-552e-4edc-bd21-680133f0358f,6b5edc02-f930-4de2-a691-c965ad171ac9,2026-01-08 16:31:26.000,pub_318
06487ae4-a894-4ce3-9ef8-7f80c3535775,393fc1c9-d322-4b8a-952e-5ad320900791,2026-01-08 16:32:08.000,pub_512
c981b55b-fdec-417f-8395-901262530f47,83f9bde8-6044-446e-b665-aee0bb0e656e,2026-01-08 16:36:00.000,pub_445
f1e40e6b-487a-481b-8c6f-523ba50a5f5a,749c9934-39ec-4687-9dbd-78378124d954,2026-01-08 16:47:19.000,pub_204
5a9f2890-ecd9-42c6-a189-284dc93d633a,749c9934-39ec-4687-9dbd-78378124d954,2026-01-08 16:47:44.000,pub_101
d2f206eb-54ce-4c82-873e-e6690ada7348,749c9934-39ec-4687-9dbd-78378124d954,2026-01-08 16:57:24.000,pub_101
90537f6c-9678-4ed5-8477-84b3ec4849a3,8a176764-6f34-497d-ba92-8314ab2d7719,2026-01-08 16:59:36.000,pub_512
f2739c9c-720b-4f50-9c8f-dd224ad7de06,fdede5e3-9dba-4ca5-a36e-82895c4618f8,2026-01-08 17:09:34.000,pub_445
410eff81-93e2-4cc8-8e14-84861f9f83ce,33c7942d-55ce-48ca-9169-a374b1f497df,2026-01-08 17:13:19.000,pub_318
0ec0e6d9-7a4a-4849-9820-9273056d0867,83f9bde8-6044-446e-b665-aee0bb0e656e,2026-01-08 17:18:37.000,pub_318
ef97ac12-269b-450f-8ba0-20801c5108ca,8a176764-6f34-497d-ba92-8314ab2d7719,2026-01-08 17:19:07.000,pub_101
d07a5c18-6eb3-4923-8ebd-68b4e178d61f,6ecad2b7-b646-4008-9939-e26a0ffdc290,2026-01-08 17:23:07.000,pub_445
c91e6404-090f-41e7-900e-34c2ed1d40cf,8a176764-6f34-497d-ba92-8314ab2d7719,2026-01-08 17:25:56.000,pub_445
16350fd9-4d3b-4827-bd64-149d1d456b68,749c9934-39ec-4687-9dbd-78378124d954,2026-01-08 17:28:19.000,pub_512
443418db-6a41-4314-b2a8-b3ab48469dac,749c9934-39ec-4687-9dbd-78378124d954,2026-01-08 17:33:32.000,pub_204
43962428-4fd4-4653-9c04-31791f2ddc86,33c7942d-55ce-48ca-9169-a374b1f497df,2026-01-08 18:05:00.000,pub_445
cbd2efda-bf2b-4426-b4e9-2471bdc027d5,83f9bde8-6044-446e-b665-aee0bb0e656e,2026-01-08 18:11:41.000,pub_204
841c3c76-f578-495a-82cd-21fd17cd7f30,80b7708a-f34b-4cd7-9b3d-0594a66337d5,2026-01-08 18:12:16.000,pub_445
72190eb7-e6d0-4f6e-9cf6-5a83a2245052,393fc1c9-d322-4b8a-952e-5ad320900791,2026-01-08 18:25:01.000,pub_512
14dd73cd-f3ab-42bf-af9e-09825a182b68,393fc1c9-d322-4b8a-952e-5ad320900791,2026-01-08 18:46:39.000,pub_204
18ad6686-a5c3-4ff3-a57f-bc114873cc4a,393fc1c9-d322-4b8a-952e-5ad320900791,2026-01-08 18:46:40.000,pub_318
cd264e88-5c25-40ba-8027-9eb34d6a45dc,fdede5e3-9dba-4ca5-a36e-82895c4618f8,2026-01-08 18:48:48.000,pub_318
e5c2feb0-1446-4934-8971-32ed1528ef95,393fc1c9-d322-4b8a-952e-5ad320900791,2026-01-08 18:52:28.000,pub_101
88b89fe1-b290-4452-b305-f84cc14cfbe1,33c7942d-55ce-48ca-9169-a374b1f497df,2026-01-08 19:05:39.000,pub_318
6e493079-8963-4b51-8461-602af48ee754,33c7942d-55ce-48ca-9169-a374b1f497df,2026-01-08 19:06:12.000,pub_204
a32a0dc7-3cab-40e2-bfd3-9cd3b9ec9c0f,83f9bde8-6044-446e-b665-aee0bb0e656e,2026-01-08 19:12:59.000,pub_445
a920cf67-f054-4d85-9240-a1134ee78f09,393fc1c9-d322-4b8a-952e-5ad320900791,2026-01-08 19:16:24.000,pub_445
9a96df4e-1815-477e-b0f9-f1fd5faed3ab,fdede5e3-9dba-4ca5-a36e-82895c4618f8,2026-01-08 19:22:28.000,pub_318
9f7072dc-a7a4-47f2-8b43-a61a1efda22a,393fc1c9-d322-4b8a-952e-5ad320900791,2026-01-08 19:26:35.000,pub_318
97097a21-aa1a-443b-9254-3ace947549b5,80b7708a-f34b-4cd7-9b3d-0594a66337d5,2026-01-08 19:28:02.000,pub_101
4325e735-01d3-41db-a58e-4174077417bf,3f1ed2cc-0767-4665-8370-36e46f39a07e,2026-01-08 19:43:44.000,pub_204
580a0057-f377-4000-9baa-f90f47d0a9fc,6b5edc02-f930-4de2-a691-c965ad171ac9,2026-01-08 19:49:24.000,pub_101
1ddfe0a8-8d15-47b6-8b65-9fbc4f635e10,33c7942d-55ce-48ca-9169-a374b1f497df,2026-01-08 19:50:18.000,pub_204
a9542c8b-ae25-4e8e-8ece-d569999e566e,6ecad2b7-b646-4008-9939-e26a0ffdc290,2026-01-08 19:58:08.000,pub_318
b6014267-218e-43d5-9491-7dd576019886,33c7942d-55ce-48ca-9169-a374b1f497df,2026-01-08 20:02:58.000,pub_318
7e53f7ad-b4f9-438f-a38e-6f25d31263ac,33c7942d-55ce-48ca-9169-a374b1f497df,2026-01-08 20:15:23.000,pub_445
356b8af9-041d-4001-9cba-e373e726b3de,8a176764-6f34-497d-ba92-8314ab2d7719,2026-01-08 20:30:17.000,pub_101
63d9bf73-f8cf-4087-b85e-f5379d3fb49c,33c7942d-55ce-48ca-9169-a374b1f497df,2026-01-08 20:30:50.000,pub_445
adec2514-fd66-49e5-8d0b-62692f8cfa11,80b7708a-f34b-4cd7-9b3d-0594a66337d5,2026-01-08 20:34:56.000,pub_445
b516565f-e059-4bbb-a859-7d89a3d93c30,6b5edc02-f930-4de2-a691-c965ad171ac9,2026-01-08 20:36:35.000,pub_445
50cc2100-91c8-4c08-8433-1fc1f146a9b5,fdede5e3-9dba-4ca5-a36e-82895c4618f8,2026-01-08 20:44:35.000,pub_318
bb34f595-a141-4821-a1ca-ac8a719f369f,8a176764-6f34-497d-ba92-8314ab2d7719,2026-01-08 20:46:25.000,pub_512
4d79ec5d-1f58-4f78-941e-e847da5f96f8,80b7708a-f34b-4cd7-9b3d-0594a66337d5,2026-01-08 20:48:41.000,pub_204
735d56b3-c906-4e02-b40b-3b921c2d8ba8,6b5edc02-f930-4de2-a691-c965ad171ac9,2026-01-08 20:50:41.000,pub_512
25864208-88b9-4833-8e1d-67104dfed163,6b5edc02-f930-4de2-a691-c965ad171ac9,2026-01-08 20:50:52.000,pub_445
94902041-9580-452b-aac6-afa80dd95d68,393fc1c9-d322-4b8a-952e-5ad320900791,2026-01-08 20:51:07.000,pub_512
c69ed091-b732-43e3-87d8-76ca2f5e91b5,3f1ed2cc-0767-4665-8370-36e46f39a07e,2026-01-08 21:09:57.000,pub_204
ccabf54a-6746-4a99-9ad6-2925fa418e36,fdede5e3-9dba-4ca5-a36e-82895c4618f8,2026-01-08 21:10:44.000,pub_101
af1a6c15-6c38-4a0a-a98f-ceb1b38bf1b8,6b5edc02-f930-4de2-a691-c965ad171ac9,2026-01-08 21:14:13.000,pub_445
b0859958-5a73-4d84-aea4-5a4d80ec621f,33c7942d-55ce-48ca-9169-a374b1f497df,2026-01-08 21:22:59.000,pub_445
bd654120-8581-432b-997e-e98ccb40a8d6,83f9bde8-6044-446e-b665-aee0bb0e656e,2026-01-08 21:26:23.000,pub_512
7bb87fb6-69ab-44e2-bdd5-e703524e8bdb,749c9934-39ec-4687-9dbd-78378124d954,2026-01-08 21:41:00.000,pub_445
6cd099f3-1391-47f5-80ec-8abd73753304,33c7942d-55ce-48ca-9169-a374b1f497df,2026-01-08 21:47:36.000,pub_512
836aafb2-8a0a-4e31-a365-f37d25b1cb9a,393fc1c9-d322-4b8a-952e-5ad320900791,2026-01-08 21:48:03.000,pub_512
cecac52e-aa7c-44e8-af3b-22ae3200203a,749c9934-39ec-4687-9dbd-78378124d954,2026-01-08 21:56:33.000,pub_101
01d0a1de-ad35-4e26-a88a-e3dbd50aba93,80b7708a-f34b-4cd7-9b3d-0594a66337d5,2026-01-08 22:16:51.000,pub_445
984e1819-0281-4db0-8a15-3e720f603dcc,33c7942d-55ce-48ca-9169-a374b1f497df,2026-01-08 22:33:19.000,pub_445
0aedc329-996d-4da5-9fc9-5c601c6f7ba7,fdede5e3-9dba-4ca5-a36e-82895c4618f8,2026-01-08 22:48:03.000,pub_318
3b2284da-5dc2-44da-81ec-8bfd090ca856,83f9bde8-6044-446e-b665-aee0bb0e656e,2026-01-08 22:57:04.000,pub_318
7f6c3c80-7c32-4300-98b8-b8adfde01dbd,6b5edc02-f930-4de2-a691-c965ad171ac9,2026-01-08 22:57:57.000,pub_318
220535d0-b07a-4a78-ba75-8dbdea545626,749c9934-39ec-4687-9dbd-78378124d954,2026-01-08 23:04:00.000,pub_101
a955e1b2-9f2f-4837-b3d3-38b4133a1824,393fc1c9-d322-4b8a-952e-5ad320900791,2026-01-08 23:06:14.000,pub_512
2442391c-e3c0-4585-be6f-607ecd18e476,83f9bde8-6044-446e-b665-aee0bb0e656e,2026-01-08 23:16:57.000,pub_445
85f07c04-f740-4868-a757-32075caf8c30,393fc1c9-d322-4b8a-952e-5ad320900791,2026-01-08 23:16:57.000,pub_318
ab210a46-7f97-416d-ae5f-721350aebdb9,33c7942d-55ce-48ca-9169-a374b1f497df,2026-01-08 23:50:21.000,pub_204
aec55ddb-f775-4a65-82fe-fb386d29ee2a,83f9bde8-6044-446e-b665-aee0bb0e656e,2026-01-08 23:53:29.000,pub_204
6a6063f1-d92d-476d-b8a7-3b05e9cd6905,3f1ed2cc-0767-4665-8370-36e46f39a07e,2026-01-08 23:55:39.000,pub_204
c978d363-d5a3-4750-ad5a-034f27f61ba5,fdede5e3-9dba-4ca5-a36e-82895c4618f8,2026-01-08 23:57:59.000,pub_318
ef396dcf-2f16-4b45-a38d-0052409ea219,6ecad2b7-b646-4008-9939-e26a0ffdc290,2026-01-09 00:01:38.000,pub_445
299cc596-01c7-4b82-a91d-231b97a5f654,6b5edc02-f930-4de2-a691-c965ad171ac9,2026-01-09 00:06:11.000,pub_445
6cc6fe50-a391-410f-844f-fe9cfa8ea1a1,80b7708a-f34b-4cd7-9b3d-0594a66337d5,2026-01-09 00:13:12.000,pub_318
c501ea40-33c6-4626-ba7f-1e360873a7fc,80b7708a-f34b-4cd7-9b3d-0594a66337d5,2026-01-09 00:38:14.000,pub_445
c21b5b2b-a5d9-498a-872d-6de527d991d3,8a176764-6f34-497d-ba92-8314ab2d7719,2026-01-09 00:42:34.000,pub_101
fe6adfb6-eda0-45e4-8717-c578b20559f7,fdede5e3-9dba-4ca5-a36e-82895c4618f8,2026-01-09 00:50:33.000,pub_445
3d23e884-9312-475c-a298-ec92d5aa9336,8a176764-6f34-497d-ba92-8314ab2d7719,2026-01-09 00:56:33.000,pub_445
e517efe4-3ce2-44f4-a3af-9533317dc358,33c7942d-55ce-48ca-9169-a374b1f497df,2026-01-09 00:59:59.000,pub_204
556863af-e38a-48a5-be1b-e7cd8a731ac9,393fc1c9-d322-4b8a-952e-5ad320900791,2026-01-09 01:18:50.000,pub_318
653f1594-3f6c-4bae-b6e7-c63f888ad9c7,83f9bde8-6044-446e-b665-aee0bb0e656e,2026-01-09 01:20:25.000,pub_101
53038578-7386-4c06-92a5-0ce60caabd83,83f9bde8-6044-446e-b665-aee0bb0e656e,2026-01-09 01:31:18.000,pub_512
c64f1b26-27c2-4214-ac29-99306a207d15,fdede5e3-9dba-4ca5-a36e-82895c4618f8,2026-01-09 01:38:00.000,pub_204
88c997f7-25b6-4a4b-ad99-1fd8f8fcc2d0,6b5edc02-f930-4de2-a691-c965ad171ac9,2026-01-09 01:45:59.000,pub_445
ae6a566b-0207-4d78-8244-7828b1bbcdca,80b7708a-f34b-4cd7-9b3d-0594a66337d5,2026-01-09 01:47:53.000,pub_445
be61052c-3649-440b-a670-e284e3b04eae,8a176764-6f34-497d-ba92-8314ab2d7719,2026-01-09 01:49:44.000,pub_318
49d46bcb-014a-4a82-acbf-28c7e4d3fa10,33c7942d-55ce-48ca-9169-a374b1f497df,2026-01-09 02:08:11.000,pub_512
c4de5d3c-7def-427e-9d3a-2e98fa14fab4,80b7708a-f34b-4cd7-9b3d-0594a66337d5,2026-01-09 02:18:40.000,pub_101
2cf424d3-1eae-4980-bcb1-e64f10d068b7,3f1ed2cc-0767-4665-8370-36e46f39a07e,2026-01-09 02:25:51.000,pub_318
ee18c746-d51d-49ff-83b7-68fdccccd0f4,749c9934-39ec-4687-9dbd-78378124d954,2026-01-09 02:25:53.000,pub_101
2ad6de4b-c6a4-46fb-b0ce-50e5fcf0e108,6b5edc02-f930-4de2-a691-c965ad171ac9,2026-01-09 02:27:53.000,pub_445
de5a2e6c-39cd-4103-8d28-63c1bacb11cf,fdede5e3-9dba-4ca5-a36e-82895c4618f8,2026-01-09 02:37:22.000,pub_101
217c4c26-c744-4350-8c14-d477450f5c2e,6ecad2b7-b646-4008-9939-e26a0ffdc290,2026-01-09 02:45:39.000,pub_204
ca127854-57ba-4a31-83b2-6fb3ed7e30fd,fdede5e3-9dba-4ca5-a36e-82895c4618f8,2026-01-09 02:48:38.000,pub_445
695c0e30-4b25-4f8e-851d-a76e0c681755,8a176764-6f34-497d-ba92-8314ab2d7719,2026-01-09 02:51:33.000,pub_101
f7057033-e477-4a7e-8f3c-d660aeceea7d,749c9934-39ec-4687-9dbd-78378124d954,2026-01-09 02:59:46.000,pub_318
16755a1f-76e7-4740-bd74-0ef383b6428d,6ecad2b7-b646-4008-9939-e26a0ffdc290,2026-01-09 03:14:22.000,pub_318
453c6d14-8891-460e-b29f-d3fa8e414057,393fc1c9-d322-4b8a-952e-5ad320900791,2026-01-09 03:16:07.000,pub_445
3ce6a82a-c87e-4093-b605-d6f8cf9b336c,fdede5e3-9dba-4ca5-a36e-82895c4618f8,2026-01-09 03:35:51.000,pub_204
015d35de-35bb-49df-98a4-212012612f2f,393fc1c9-d322-4b8a-952e-5ad320900791,2026-01-09 03:43:17.000,pub_512
986c3152-d33e-4044-b65b-736f843eb87f,8a176764-6f34-497d-ba92-8314ab2d7719,2026-01-09 03:47:44.000,pub_445
1e9fdb8f-91b1-4a2d-8e13-3a63ba99411e,83f9bde8-6044-446e-b665-aee0bb0e656e,2026-01-09 03:54:57.000,pub_318
32bde912-0fca-4960-bdc8-6fab6efce956,83f9bde8-6044-446e-b665-aee0bb0e656e,2026-01-09 03:57:12.000,pub_204
4df9aa97-4700-4838-aa5d-0139a0264d83,33c7942d-55ce-48ca-9169-a374b1f497df,2026-01-09 03:58:39.000,pub_445
1005edd7-d2d8-4961-bbdf-a29fba310f95,80b7708a-f34b-4cd7-9b3d-0594a66337d5,2026-01-09 03:59:38.000,pub_101
f36d788f-8281-44f8-a28d-1e68087336d5,8a176764-6f34-497d-ba92-8314ab2d7719,2026-01-09 04:00:23.000,pub_318
7cd86469-1616-4433-98e9-86ff9f37a4f7,80b7708a-f34b-4cd7-9b3d-0594a66337d5,2026-01-09 04:10:43.000,pub_445
d036673d-6b07-4a5f-8066-87fbed2a8845,393fc1c9-d322-4b8a-952e-5ad320900791,2026-01-09 04:11:55.000,pub_445
5c36e5b6-5e18-40b5-8914-a2877e1bba34,80b7708a-f34b-4cd7-9b3d-0594a66337d5,2026-01-09 04:15:44.000,pub_101
742e3504-6644-4f18-a92b-b00596733e0a,6ecad2b7-b646-4008-9939-e26a0ffdc290,2026-01-09 04:22:01.000,pub_318
328852e4-f918-461a-b7ae-079ec54137ce,6b5edc02-f930-4de2-a691-c965ad171ac9,2026-01-09 04:26:23.000,pub_512
623be9fe-f3db-40a5-b5ac-e9226caae11e,83f9bde8-6044-446e-b665-aee0bb0e656e,2026-01-09 04:28:30.000,pub_512
05a52649-939e-4875-b31c-bf8ef887b862,33c7942d-55ce-48ca-9169-a374b1f497df,2026-01-09 04:36:53.000,pub_101
d49ff172-40b2-4ce1-b0a1-561980d08232,83f9bde8-6044-446e-b665-aee0bb0e656e,2026-01-09 04:43:38.000,pub_101
001e12ec-314a-413b-8160-394786a783fb,fdede5e3-9dba-4ca5-a36e-82895c4618f8,2026-01-09 04:50:42.000,pub_318
305bc919-632d-48ca-8fbb-75e5c65beae1,80b7708a-f34b-4cd7-9b3d-0594a66337d5,2026-01-09 05:07:18.000,pub_101
dd445f01-744a-4e1d-9d7a-6a5c28e04f67,6b5edc02-f930-4de2-a691-c965ad171ac9,2026-01-09 05:16:22.000,pub_318
c3025947-e4f4-4067-8cd5-f5e6e6602915,6ecad2b7-b646-4008-9939-e26a0ffdc290,2026-01-09 05:19:47.000,pub_512
a86ee8b2-9aac-4cd7-b3b7-a555eb32270a,8a176764-6f34-497d-ba92-8314ab2d7719,2026-01-09 05:42:17.000,pub_101
f2dea616-6b4a-4399-85b2-df1b510e0554,749c9934-39ec-4687-9dbd-78378124d954,2026-01-09 05:44:07.000,pub_318
f87e9fbd-5740-454f-9b93-f9bf786c9b60,83f9bde8-6044-446e-b665-aee0bb0e656e,2026-01-09 05:45:42.000,pub_204
32f05c8d-598d-4c3c-80a1-852cf162e97c,749c9934-39ec-4687-9dbd-78378124d954,2026-01-09 05:48:25.000,pub_101
cdb12b8c-5037-4c4e-b56c-bd1c5a7d9b23,33c7942d-55ce-48ca-9169-a374b1f497df,2026-01-09 05:54:31.000,pub_512
3f12a266-7185-4f2a-bb56-a2a30a398c6f,6b5edc02-f930-4de2-a691-c965ad171ac9,2026-01-09 05:59:16.000,pub_445
7238fadd-1a7b-4319-989d-d369ffba60c6,33c7942d-55ce-48ca-9169-a374b1f497df,2026-01-09 06:02:55.000,pub_512
cfd2f84e-31b2-4b9d-995d-f5350f055d17,83f9bde8-6044-446e-b665-aee0bb0e656e,2026-01-09 06:04:47.000,pub_445
e2d20cce-0e07-4594-b936-461eef902a8e,33c7942d-55ce-48ca-9169-a374b1f497df,2026-01-09 06:26:12.000,pub_101
4ce78aea-b981-4a4f-b665-4839254b4468,8a176764-6f34-497d-ba92-8314ab2d7719,2026-01-09 06:35:52.000,pub_101
9c67b1d4-0993-456b-b541-cca165ba5c16,80b7708a-f34b-4cd7-9b3d-0594a66337d5,2026-01-09 06:37:41.000,pub_318
13a9948e-c71e-4cda-94ca-39709e286b80,6ecad2b7-b646-4008-9939-e26a0ffdc290,2026-01-09 06:39:40.000,pub_318
4c456940-880a-44d9-91e1-8293963c37b0,6ecad2b7-b646-4008-9939-e26a0ffdc290,2026-01-09 06:45:02.000,pub_101
5a71a2bc-0ec5-4d7e-bb1a-d90bc2f64b81,393fc1c9-d322-4b8a-952e-5ad320900791,2026-01-09 06:56:06.000,pub_318
01699aa8-976e-4193-bd7e-6692b877663c,8a176764-6f34-497d-ba92-8314ab2d7719,2026-01-09 06:59:53.000,pub_318
8c18a8bd-e53e-4fab-9550-6da81f22a933,80b7708a-f34b-4cd7-9b3d-0594a66337d5,2026-01-09 07:27:50.000,pub_318
67ccdb0e-44a2-464d-a816-0e5d86f27ab8,83f9bde8-6044-446e-b665-aee0bb0e656e,2026-01-09 07:32:04.000,pub_101
cafad8cb-ab9d-4ba6-bcff-e7190bbe3092,3f1ed2cc-0767-4665-8370-36e46f39a07e,2026-01-09 07:45:51.000,pub_318
9fcba990-23f8-434a-86ee-6e2276551b47,33c7942d-55ce-48ca-9169-a374b1f497df,2026-01-09 08:05:17.000,pub_318
879ebd0b-b20c-430c-96bb-d2fe0e6a6c1f,33c7942d-55ce-48ca-9169-a374b1f497df,2026-01-09 08:07:50.000,pub_512
7bd153db-af6b-40aa-adc7-8331200652d8,393fc1c9-d322-4b8a-952e-5ad320900791,2026-01-09 08:11:29.000,pub_318
944387c5-239a-44db-bc1a-228e3bfa58ec,6b5edc02-f930-4de2-a691-c965ad171ac9,2026-01-09 08:12:38.000,pub_445
a8e1f28a-68a0-4d6c-a44a-132a251719fb,393fc1c9-d322-4b8a-952e-5ad320900791,2026-01-09 08:37:38.000,pub_318
2f10de9d-3cec-4ee9-8e2d-16de4dce8356,fdede5e3-9dba-4ca5-a36e-82895c4618f8,2026-01-09 08:51:08.000,pub_204
20372ac9-debc-4833-a447-82b619745885,fdede5e3-9dba-4ca5-a36e-82895c4618f8,2026-01-09 08:52:53.000,pub_445
5b3de752-6558-498b-9401-44741bfd3e22,83f9bde8-6044-446e-b665-aee0bb0e656e,2026-01-09 09:02:44.000,pub_101
5d279ec5-1656-4c02-9ae7-0eb282ce11a6,80b7708a-f34b-4cd7-9b3d-0594a66337d5,2026-01-09 09:18:11.000,pub_204
bc7784b0-9a26-4839-9cda-868dc111a8da,8a176764-6f34-497d-ba92-8314ab2d7719,2026-01-09 09:26:45.000,pub_445
f0671daf-2ee7-4389-a768-3e70ac5d6be2,80b7708a-f34b-4cd7-9b3d-0594a66337d5,2026-01-09 09:31:21.000,pub_101
b7d6d4d0-5ce0-405e-bb0a-4263686d6415,6b5edc02-f930-4de2-a691-c965ad171ac9,2026-01-09 09:39:33.000,pub_101
656ac943-5427-4456-97dd-40c8774b2a20,749c9934-39ec-4687-9dbd-78378124d954,2026-01-09 09:46:19.000,pub_445
1b3be153-d2c3-4bbf-9a74-ec25c3f2f616,83f9bde8-6044-446e-b665-aee0bb0e656e,2026-01-09 09:49:59.000,pub_512
a9747a26-403e-4272-ac29-cd9de321db88,33c7942d-55ce-48ca-9169-a374b1f497df,2026-01-09 09:54:41.000,pub_512
ef8f6863-1a75-4d10-8441-d21126b2d4ed,6b5edc02-f930-4de2-a691-c965ad171ac9,2026-01-09 10:02:14.000,pub_445
f3df1208-5733-44ec-8d60-9e035bf956f3,3f1ed2cc-0767-4665-8370-36e46f39a07e,2026-01-09 10:04:52.000,pub_318
1e576187-d2c6-405e-bd5c-a1cd96aef929,393fc1c9-d322-4b8a-952e-5ad320900791,2026-01-09 10:11:02.000,pub_445
64e6dd07-0b19-4d94-85ee-c3cc37ddbbb8,6ecad2b7-b646-4008-9939-e26a0ffdc290,2026-01-09 10:11:32.000,pub_204
36a30395-2dab-41cd-a37a-3d3be1a4cc63,fdede5e3-9dba-4ca5-a36e-82895c4618f8,2026-01-09 10:20:49.000,pub_512
31d6c28c-a7eb-4f0f-a498-f670c8fd6a3e,749c9934-39ec-4687-9dbd-78378124d954,2026-01-09 10:23:21.000,pub_204
66f68e6d-e112-4340-84e9-df734900c494,8a176764-6f34-497d-ba92-8314ab2d7719,2026-01-09 10:27:28.000,pub_445
c331fb03-3227-47f9-bb0c-8ff6fe72e732,6b5edc02-f930-4de2-a691-c965ad171ac9,2026-01-09 10:30:26.000,pub_512
b1296194-7095-41d2-bff2-c2587f865e89,80b7708a-f34b-4cd7-9b3d-0594a66337d5,2026-01-09 10:40:52.000,pub_512
58344a64-96df-4e46-86c3-20451f902d70,749c9934-39ec-4687-9dbd-78378124d954,2026-01-09 10:57:38.000,pub_512
2f6d38a2-c49c-428e-b330-3ab0532070fa,fdede5e3-9dba-4ca5-a36e-82895c4618f8,2026-01-09 11:18:12.000,pub_204
6a6d0597-8522-455f-a816-f7a60907bcf2,6b5edc02-f930-4de2-a691-c965ad171ac9,2026-01-09 11:21:51.000,pub_512
8d98cadd-42e4-4616-a087-89ef66c60f02,6ecad2b7-b646-4008-9939-e26a0ffdc290,2026-01-09 11:28:02.000,pub_512
ff640a0a-7a75-4cbc-873c-49838c5efc83,749c9934-39ec-4687-9dbd-78378124d954,2026-01-09 11:59:37.000,pub_445
5a7d3302-3d8b-412f-91b0-86c735b6b7fb,8a176764-6f34-497d-ba92-8314ab2d7719,2026-01-09 12:03:31.000,pub_101
a6b50bb1-8a25-4049-99c3-afbe7083fe41,6b5edc02-f930-4de2-a691-c965ad171ac9,2026-01-09 12:09:43.000,pub_101
ed16ff21-411a-40ef-bc42-0169219f36dd,3f1ed2cc-0767-4665-8370-36e46f39a07e,2026-01-09 12:17:58.000,pub_445
dee6607b-cd5e-42b5-90ce-0a389b720f2e,80b7708a-f34b-4cd7-9b3d-0594a66337d5,2026-01-09 12:38:07.000,pub_204
29080ad8-1995-4e37-8e0c-0df633505455,33c7942d-55ce-48ca-9169-a374b1f497df,2026-01-09 12:38:32.000,pub_101
aefe42bc-9de5-449e-8e61-df174b988113,fdede5e3-9dba-4ca5-a36e-82895c4618f8,2026-01-09 12:44:30.000,pub_512
b29932e2-5f25-477b-ad18-661a5dc8ac97,80b7708a-f34b-4cd7-9b3d-0594a66337d5,2026-01-09 12:48:31.000,pub_101
52473903-7491-4835-9a87-9012a6338e98,fdede5e3-9dba-4ca5-a36e-82895c4618f8,2026-01-09 12:50:16.000,pub_445
4e72d0b1-aa58-44be-b84e-bd94d396d761,393fc1c9-d322-4b8a-952e-5ad320900791,2026-01-09 13:08:42.000,pub_318
a5a90a16-1610-4ae7-9352-2326be2e3aae,8a176764-6f34-497d-ba92-8314ab2d7719,2026-01-09 13:15:27.000,pub_318
ff242e02-8c30-41e2-a780-64645a5833f6,8a176764-6f34-497d-ba92-8314ab2d7719,2026-01-09 13:25:55.000,pub_204
67d21838-a51a-4ce7-acdf-3330db21615f,6b5edc02-f930-4de2-a691-c965ad171ac9,2026-01-09 14:04:39.000,pub_445
4ccf1315-e065-48a9-b64e-90a0d646b4a6,6ecad2b7-b646-4008-9939-e26a0ffdc290,2026-01-09 14:06:44.000,pub_204
e0c424b5-78f9-41ed-bd54-bdbbbfe2fd07,83f9bde8-6044-446e-b665-aee0bb0e656e,2026-01-09 14:15:45.000,pub_512
76ca989a-fbd4-458e-9b5a-bb16841d3fd7,fdede5e3-9dba-4ca5-a36e-82895c4618f8,2026-01-09 14:20:41.000,pub_318
c55120b5-5fdf-4533-9411-d8974373d6e6,83f9bde8-6044-446e-b665-aee0bb0e656e,2026-01-09 14:42:30.000,pub_445
3028777f-132b-46df-b60a-341ab0326de6,fdede5e3-9dba-4ca5-a36e-82895c4618f8,2026-01-09 14:42:42.000,pub_445
931cd9b4-f5f7-4d9d-aa95-072cd3c6fe84,8a176764-6f34-497d-ba92-8314ab2d7719,2026-01-09 14:43:18.000,pub_101
257c809a-de1d-48ac-b77c-a08ada95d44c,8a176764-6f34-497d-ba92-8314ab2d7719,2026-01-09 14:47:35.000,pub_512
8cf18e6a-dd81-4105-9bee-dec707bd7666,83f9bde8-6044-446e-b665-aee0bb0e656e,2026-01-09 15:16:40.000,pub_445
7c0323b6-3b7b-4f5a-a9b4-cdbf910d6f30,33c7942d-55ce-48ca-9169-a374b1f497df,2026-01-09 15:18:10.000,pub_445
44ec5d5e-7969-4381-8fdd-1177b836189d,749c9934-39ec-4687-9dbd-78378124d954,2026-01-09 15:23:58.000,pub_101
c2aa8a3d-b1aa-4df0-b965-f05a84ffdff3,8a176764-6f34-497d-ba92-8314ab2d7719,2026-01-09 15:27:20.000,pub_445
36961e90-746e-4e5b-949f-b48d9081e708,6b5edc02-f930-4de2-a691-c965ad171ac9,2026-01-09 15:31:08.000,pub_101
c9e0f409-3112-4511-bfbb-027eae9a584c,33c7942d-55ce-48ca-9169-a374b1f497df,2026-01-09 15:45:50.000,pub_318
02360f6c-d2f7-4494-9316-936a20428ae8,6b5edc02-f930-4de2-a691-c965ad171ac9,2026-01-09 16:00:57.000,pub_204
332022ff-5cdb-4d17-8df2-9b708e7cad6c,393fc1c9-d322-4b8a-952e-5ad320900791,2026-01-09 16:10:25.000,pub_512
a303f0e5-8d88-413b-9d1f-3fe9f94eae3b,6ecad2b7-b646-4008-9939-e26a0ffdc290,2026-01-09 16:30:16.000,pub_101
9b18d0e4-e5a5-4796-8118-295ac0225905,33c7942d-55ce-48ca-9169-a374b1f497df,2026-01-09 16:30:56.000,pub_101
8dd22608-a04c-4bb3-8049-536b73a9dd1d,749c9934-39ec-4687-9dbd-78378124d954,2026-01-09 16:33:23.000,pub_101
d69ba8ab-e224-4614-973a-e3d0102bee35,393fc1c9-d322-4b8a-952e-5ad320900791,2026-01-09 16:34:25.000,pub_445
0158aea3-79a2-4da7-867a-31cd2b4a4d60,6ecad2b7-b646-4008-9939-e26a0ffdc290,2026-01-09 16:43:09.000,pub_512
01300b17-f664-4cf1-b731-78424c2d40e1,749c9934-39ec-4687-9dbd-78378124d954,2026-01-09 16:53:47.000,pub_101
2e4051f0-cdc5-49b4-a79f-1077ffc8ffd5,3f1ed2cc-0767-4665-8370-36e46f39a07e,2026-01-09 16:56:49.000,pub_204
504c9b3a-a71c-48b8-8a27-e32fcae3a33d,80b7708a-f34b-4cd7-9b3d-0594a66337d5,2026-01-09 16:59:01.000,pub_445
e774b8c2-dc20-4ee0-a65c-88896929b784,8a176764-6f34-497d-ba92-8314ab2d7719,2026-01-09 17:11:36.000,pub_204
6eb8a835-8f78-423a-8e9c-d4aa38ff2e04,6ecad2b7-b646-4008-9939-e26a0ffdc290,2026-01-09 17:29:22.000,pub_318
478d7303-9932-4a74-aa49-776fcf382572,33c7942d-55ce-48ca-9169-a374b1f497df,2026-01-09 17:30:02.000,pub_101
ec1a19fb-ab25-4099-92a6-fb11ee7e0f62,80b7708a-f34b-4cd7-9b3d-0594a66337d5,2026-01-09 17:34:13.000,pub_445
3fc568de-2595-4dfe-9ced-b2782c6628ed,8a176764-6f34-497d-ba92-8314ab2d7719,2026-01-09 17:35:10.000,pub_512
3489fa6d-3e1d-45b2-ba1e-381b34a0bfcc,749c9934-39ec-4687-9dbd-78378124d954,2026-01-09 17:37:05.000,pub_318
f6fce8d4-2443-4ac7-ab2c-5c438a3d3518,80b7708a-f34b-4cd7-9b3d-0594a66337d5,2026-01-09 17:41:36.000,pub_204
900eb04a-8dc2-4398-9ae1-5de24f103764,33c7942d-55ce-48ca-9169-a374b1f497df,2026-01-09 17:45:32.000,pub_512
cccf9315-2cee-441f-8ba4-8a579f6ff694,3f1ed2cc-0767-4665-8370-36e46f39a07e,2026-01-09 17:46:53.000,pub_204
881e0f08-1fbd-48eb-9409-cb3b98091157,fdede5e3-9dba-4ca5-a36e-82895c4618f8,2026-01-09 18:02:01.000,pub_101
18a18abc-a1bc-4b62-bef4-0b4e8a04a633,749c9934-39ec-4687-9dbd-78378124d954,2026-01-09 18:07:51.000,pub_101
3ae62d16-d3b0-404e-8761-da2fd2d703ce,3f1ed2cc-0767-4665-8370-36e46f39a07e,2026-01-09 18:09:05.000,pub_512
4b5972de-82dd-47cc-9435-7dbf98bd49ca,6ecad2b7-b646-4008-9939-e26a0ffdc290,2026-01-09 18:10:37.000,pub_512
a7686312-ede6-4893-8862-b21500fa45d2,8a176764-6f34-497d-ba92-8314ab2d7719,2026-01-09 18:11:20.000,pub_318
7ed1df08-571c-4e8a-9f16-cd0e488115b9,6b5edc02-f930-4de2-a691-c965ad171ac9,2026-01-09 18:18:46.000,pub_445
5912ec4a-b590-4952-86a7-d09a5df6682b,3f1ed2cc-0767-4665-8370-36e46f39a07e,2026-01-09 18:22:40.000,pub_445
4b928962-a4a0-4531-9835-5dc84b396125,8a176764-6f34-497d-ba92-8314ab2d7719,2026-01-09 18:24:23.000,pub_318
8e001882-ca38-409b-b071-a09719aa95c4,33c7942d-55ce-48ca-9169-a374b1f497df,2026-01-09 18:26:47.000,pub_101
aa481054-51ad-4952-a157-0aa9808bcf06,fdede5e3-9dba-4ca5-a36e-82895c4618f8,2026-01-09 18:29:20.000,pub_512
af9a2606-6b15-493a-aab0-1f7a77888a33,80b7708a-f34b-4cd7-9b3d-0594a66337d5,2026-01-09 18:29:55.000,pub_318
45508e7f-f55d-4772-b501-6b30700f5e7c,6ecad2b7-b646-4008-9939-e26a0ffdc290,2026-01-09 18:42:02.000,pub_512
146d2af5-3bb3-4cca-8777-48a8fcdf9dfd,fdede5e3-9dba-4ca5-a36e-82895c4618f8,2026-01-09 18:42:13.000,pub_318
d1ccfeaa-3df7-4124-8773-666a00cfec27,3f1ed2cc-0767-4665-8370-36e46f39a07e,2026-01-09 19:18:21.000,pub_445
f37ded15-a09c-4d6f-b929-bfbad697b57c,33c7942d-55ce-48ca-9169-a374b1f497df,2026-01-09 19:27:00.000,pub_512
3adf5886-0c0f-4018-9648-70d5f3934fba,33c7942d-55ce-48ca-9169-a374b1f497df,2026-01-09 19:33:49.000,pub_101
718e9290-cfd0-4832-8514-23b5cf0e9641,6ecad2b7-b646-4008-9939-e26a0ffdc290,2026-01-09 19:35:47.000,pub_318
6be7a1b7-a5c2-4625-8eb5-87c06f923407,393fc1c9-d322-4b8a-952e-5ad320900791,2026-01-09 19:45:21.000,pub_101
dc2ba0ad-3d07-4647-8c3e-476c66684aa5,6ecad2b7-b646-4008-9939-e26a0ffdc290,2026-01-09 19:53:47.000,pub_445
d85d34ee-755b-49ec-b751-e807ce81a7b3,3f1ed2cc-0767-4665-8370-36e46f39a07e,2026-01-09 20:00:08.000,pub_204
a728db50-a183-4b64-a088-b5a38454938e,6b5edc02-f930-4de2-a691-c965ad171ac9,2026-01-09 20:14:46.000,pub_101
af679710-25ef-49f2-bc84-6723613b3c06,fdede5e3-9dba-4ca5-a36e-82895c4618f8,2026-01-09 20:15:19.000,pub_445
8edd5935-3447-4e75-9327-a832ed7621c6,6ecad2b7-b646-4008-9939-e26a0ffdc290,2026-01-09 20:49:29.000,pub_318
cadc6ee4-faae-48e4-a3c2-6ef59c507887,33c7942d-55ce-48ca-9169-a374b1f497df,2026-01-09 20:57:33.000,pub_204
eb292985-76df-406b-a5e7-7456f8239137,749c9934-39ec-4687-9dbd-78378124d954,2026-01-09 21:03:29.000,pub_101
9f61d96a-9803-4d90-8ed9-67b35fcb0831,8a176764-6f34-497d-ba92-8314ab2d7719,2026-01-09 21:03:40.000,pub_512
8d77d63e-b51f-4b77-b902-1189e94ed289,83f9bde8-6044-446e-b665-aee0bb0e656e,2026-01-09 21:17:24.000,pub_318
af31efc7-22e0-42ad-9694-f2435e18d7bc,749c9934-39ec-4687-9dbd-78378124d954,2026-01-09 21:18:04.000,pub_445
32550f75-6101-4d50-88e6-153b7600a11d,8a176764-6f34-497d-ba92-8314ab2d7719,2026-01-09 21:19:56.000,pub_445
e435882e-b48f-476c-a4cf-7bb2f2a3e865,80b7708a-f34b-4cd7-9b3d-0594a66337d5,2026-01-09 21:37:18.000,pub_318
17bd5bfb-67f5-444e-b125-1c5009f6a806,fdede5e3-9dba-4ca5-a36e-82895c4618f8,2026-01-09 21:37:41.000,pub_512
fdeb5e67-ac50-450e-931c-7405d69f4fbe,749c9934-39ec-4687-9dbd-78378124d954,2026-01-09 21:50:45.000,pub_445
d109cc5f-c793-45d0-a6ca-a41c7ecf156d,393fc1c9-d322-4b8a-952e-5ad320900791,2026-01-09 22:04:19.000,pub_445
a0bf92c1-26c8-4726-8160-dec70b0140a2,6b5edc02-f930-4de2-a691-c965ad171ac9,2026-01-09 22:13:22.000,pub_512
4db4c56a-6a95-4a61-aab2-64ba0740f350,80b7708a-f34b-4cd7-9b3d-0594a66337d5,2026-01-09 22:14:04.000,pub_512
10a1921f-0f2f-4d0a-980c-521787e3ce07,3f1ed2cc-0767-4665-8370-36e46f39a07e,2026-01-09 22:16:12.000,pub_204
8c5bc617-c61b-438d-946d-399ce7a31509,749c9934-39ec-4687-9dbd-78378124d954,2026-01-09 22:20:53.000,pub_445
93425f8d-979a-4ca7-b850-e51bcbc80d12,8a176764-6f34-497d-ba92-8314ab2d7719,2026-01-09 22:25:36.000,pub_204
20baf26c-0d2a-4dbe-9fb2-1d9aa4efe8cc,8a176764-6f34-497d-ba92-8314ab2d7719,2026-01-09 22:25:52.000,pub_512
b28a8ad0-ce99-4298-b38d-5fbbfece1358,80b7708a-f34b-4cd7-9b3d-0594a66337d5,2026-01-09 22:55:58.000,pub_101
03249ce7-473c-4971-9417-74895ae01f5c,fdede5e3-9dba-4ca5-a36e-82895c4618f8,2026-01-09 23:04:01.000,pub_204
eca57f20-b6cc-4e08-b09c-16447a2aa98c,6ecad2b7-b646-4008-9939-e26a0ffdc290,2026-01-09 23:14:42.000,pub_101
0700b4c2-7c38-46ee-91de-0cd3e04ec4a5,749c9934-39ec-4687-9dbd-78378124d954,2026-01-09 23:16:47.000,pub_101
2b938563-cfd5-4946-b628-0806b2a3eae9,80b7708a-f34b-4cd7-9b3d-0594a66337d5,2026-01-09 23:21:15.000,pub_318
2e5f67c4-0241-44f1-a43f-6c6a5fdc2f60,83f9bde8-6044-446e-b665-aee0bb0e656e,2026-01-09 23:24:44.000,pub_445
ae2fe757-7129-480c-b5ad-1793f1d70cdd,80b7708a-f34b-4cd7-9b3d-0594a66337d5,2026-01-09 23:28:38.000,pub_318
8f76e9ab-0bb3-4cf3-a205-369a772339d8,3f1ed2cc-0767-4665-8370-36e46f39a07e,2026-01-09 23:41:13.000,pub_445
9e297aa5-f111-4974-9173-a21decbc0f09,749c9934-39ec-4687-9dbd-78378124d954,2026-01-09 23:53:42.000,pub_512
380ccbce-3d9a-4e92-8801-4867edac9045,80b7708a-f34b-4cd7-9b3d-0594a66337d5,2026-01-10 00:09:47.000,pub_101
8982b8b2-1d17-4f96-9b9c-82a257c58b75,fdede5e3-9dba-4ca5-a36e-82895c4618f8,2026-01-10 00:18:29.000,pub_318
0592467a-26a1-45fe-a299-c92c0fbe14ac,80b7708a-f34b-4cd7-9b3d-0594a66337d5,2026-01-10 00:24:00.000,pub_512
ec3461fe-415d-46f9-92fc-4050414ce247,80b7708a-f34b-4cd7-9b3d-0594a66337d5,2026-01-10 00:25:07.000,pub_445
0102aec1-2434-4cff-acc5-fb184a1ee66f,fdede5e3-9dba-4ca5-a36e-82895c4618f8,2026-01-10 00:30:06.000,pub_101
015572e1-d33e-4d6c-8aa2-83d479441ae1,8a176764-6f34-497d-ba92-8314ab2d7719,2026-01-10 00:36:59.000,pub_204
1cf3a728-e35c-4616-91d6-eb8f172fbe59,749c9934-39ec-4687-9dbd-78378124d954,2026-01-10 01:04:40.000,pub_318
f2a18b8a-377d-45b1-8eff-fe07e51ce13a,6ecad2b7-b646-4008-9939-e26a0ffdc290,2026-01-10 01:09:23.000,pub_445
541aee71-75b4-42b2-a5c4-2736c13a1330,749c9934-39ec-4687-9dbd-78378124d954,2026-01-10 01:23:05.000,pub_445
4f0a0c27-b276-4743-8001-7661577fe87b,393fc1c9-d322-4b8a-952e-5ad320900791,2026-01-10 01:30:43.000,pub_204
7b1b4102-bde1-4431-8c23-d3180fa47fb7,83f9bde8-6044-446e-b665-aee0bb0e656e,2026-01-10 01:49:26.000,pub_318
a7182a0a-d7fb-4b22-a762-c951b3ea8812,fdede5e3-9dba-4ca5-a36e-82895c4618f8,2026-01-10 01:50:36.000,pub_204
66c10d18-de96-4018-b739-b7447ad7bb85,8a176764-6f34-497d-ba92-8314ab2d7719,2026-01-10 01:54:19.000,pub_318
a043f99a-b8c3-4214-b338-b1d9c7f07a10,6b5edc02-f930-4de2-a691-c965ad171ac9,2026-01-10 01:55:36.000,pub_318
391f84a6-4c87-4ed5-980c-be33c9a04408,6ecad2b7-b646-4008-9939-e26a0ffdc290,2026-01-10 01:59:08.000,pub_318
5a3b8b26-99a0-4401-9925-38d4e93c4859,8a176764-6f34-497d-ba92-8314ab2d7719,2026-01-10 01:59:34.000,pub_445
9d7be46a-4b9a-4cde-a4df-4d64141e5aba,80b7708a-f34b-4cd7-9b3d-0594a66337d5,2026-01-10 02:18:44.000,pub_512
c3a4a709-3909-4e3c-a78a-fdf80c544b79,fdede5e3-9dba-4ca5-a36e-82895c4618f8,2026-01-10 02:19:38.000,pub_445
002863ad-0d9d-4a38-b544-2a33354cc2cb,6b5edc02-f930-4de2-a691-c965ad171ac9,2026-01-10 02:30:14.000,pub_101
55c6da3d-38e2-4039-82a3-7a07dde240df,393fc1c9-d322-4b8a-952e-5ad320900791,2026-01-10 02:32:58.000,pub_512
fa3ae791-8b29-4dc9-b970-fb42e98d2700,6b5edc02-f930-4de2-a691-c965ad171ac9,2026-01-10 02:38:10.000,pub_445
261c469c-3c75-4233-8837-af29b5740b1c,33c7942d-55ce-48ca-9169-a374b1f497df,2026-01-10 02:44:14.000,pub_512
8ccaf76a-612b-4208-a33b-c0a01b59bf8a,6ecad2b7-b646-4008-9939-e26a0ffdc290,2026-01-10 02:57:30.000,pub_101
7f5b346b-f2ea-4088-9346-a3c5adefdc99,80b7708a-f34b-4cd7-9b3d-0594a66337d5,2026-01-10 02:58:54.000,pub_101
284e318e-8d21-49d4-8b2e-8bc102ab78d8,80b7708a-f34b-4cd7-9b3d-0594a66337d5,2026-01-10 03:02:11.000,pub_101
b2b09083-c5fc-4822-b71c-9035f277ee37,8a176764-6f34-497d-ba92-8314ab2d7719,2026-01-10 03:07:46.000,pub_101
e3523d7f-391a-4c3e-92cb-c0995b21baa8,3f1ed2cc-0767-4665-8370-36e46f39a07e,2026-01-10 03:13:05.000,pub_101
04920c8e-08fa-40e7-86e6-766ea1f4d9d7,fdede5e3-9dba-4ca5-a36e-82895c4618f8,2026-01-10 03:13:34.000,pub_512
453c4d84-c1c8-49b6-a4f4-049a6d011c5b,6b5edc02-f930-4de2-a691-c965ad171ac9,2026-01-10 03:15:47.000,pub_512
e1d3f52e-f5c5-49a7-864f-1fb35aa90b6d,6ecad2b7-b646-4008-9939-e26a0ffdc290,2026-01-10 03:18:00.000,pub_512
2f8a8942-861a-494c-9f18-35148282b256,80b7708a-f34b-4cd7-9b3d-0594a66337d5,2026-01-10 03:18:51.000,pub_318
d49871e9-639c-42c0-a558-99b1825bdf6a,3f1ed2cc-0767-4665-8370-36e46f39a07e,2026-01-10 03:18:53.000,pub_318
8bd36235-083b-44f0-b371-32b86b7943c0,fdede5e3-9dba-4ca5-a36e-82895c4618f8,2026-01-10 03:26:52.000,pub_445
996b9ef8-9161-4c72-9b9e-8078b4c174e7,33c7942d-55ce-48ca-9169-a374b1f497df,2026-01-10 03:27:19.000,pub_204
6e81701f-c46f-4c6d-b613-a52404b89037,6b5edc02-f930-4de2-a691-c965ad171ac9,2026-01-10 03:31:17.000,pub_512
d63cc411-689c-48a1-b2ed-ee8b0287293b,33c7942d-55ce-48ca-9169-a374b1f497df,2026-01-10 03:35:44.000,pub_101
5d7b9a34-9579-443a-8524-f21e606090ee,749c9934-39ec-4687-9dbd-78378124d954,2026-01-10 03:47:45.000,pub_204
7a341fe3-f201-495d-a9ab-6e4fd5706d39,6b5edc02-f930-4de2-a691-c965ad171ac9,2026-01-10 03:48:46.000,pub_445
58ee87a0-d384-4260-876c-72ad5ff64a0f,6ecad2b7-b646-4008-9939-e26a0ffdc290,2026-01-10 04:02:15.000,pub_512
16139cbc-524f-4217-b162-cb688c5a0645,80b7708a-f34b-4cd7-9b3d-0594a66337d5,2026-01-10 04:03:18.000,pub_101
690dc4b9-59e8-461a-a290-5c2071e9e0be,33c7942d-55ce-48ca-9169-a374b1f497df,2026-01-10 04:13:31.000,pub_101
248fa27b-732a-4b2f-884e-c24076ba1c70,33c7942d-55ce-48ca-9169-a374b1f497df,2026-01-10 04:43:29.000,pub_445
5847ac0f-1171-4cd6-847f-4415851cfff6,8a176764-6f34-497d-ba92-8314ab2d7719,2026-01-10 05:06:17.000,pub_512
f6793dc7-e402-4dfe-9a9a-76c656db3687,33c7942d-55ce-48ca-9169-a374b1f497df,2026-01-10 05:08:34.000,pub_101
ed7bd903-c8a1-41b1-91b2-d9bf5fdbedb9,749c9934-39ec-4687-9dbd-78378124d954,2026-01-10 05:10:21.000,pub_204
e005b242-b92c-4367-919e-0526ead2f85f,393fc1c9-d322-4b8a-952e-5ad320900791,2026-01-10 05:11:30.000,pub_318
7e9974b3-cb06-4537-a978-e077b869ea8c,6ecad2b7-b646-4008-9939-e26a0ffdc290,2026-01-10 05:14:49.000,pub_318
50b4d856-c542-40b5-b016-1f02f37d0f9f,6b5edc02-f930-4de2-a691-c965ad171ac9,2026-01-10 05:18:11.000,pub_445
9921ba5a-8077-4df8-806a-6e8bff760cba,6b5edc02-f930-4de2-a691-c965ad171ac9,2026-01-10 05:20:51.000,pub_445
ebc85ece-e1e8-489c-9432-92f32f9c6a12,8a176764-6f34-497d-ba92-8314ab2d7719,2026-01-10 05:31:31.000,pub_204
c4910e91-a818-46ea-a57a-aca911ce22fc,3f1ed2cc-0767-4665-8370-36e46f39a07e,2026-01-10 05:34:49.000,pub_101
281bcb1b-957a-4d43-aac2-8c2ed76ee80d,393fc1c9-d322-4b8a-952e-5ad320900791,2026-01-10 05:35:18.000,pub_445
2bfe333b-cfe2-4f25-abb0-f24676ec82d3,6b5edc02-f930-4de2-a691-c965ad171ac9,2026-01-10 05:36:33.000,pub_512
dbda8022-d1a3-4eea-a564-80c25a6e5b1c,749c9934-39ec-4687-9dbd-78378124d954,2026-01-10 05:49:49.000,pub_512
00667f17-f2ad-4cbf-a235-914a110a7721,3f1ed2cc-0767-4665-8370-36e46f39a07e,2026-01-10 05:52:16.000,pub_204
4248fec3-a974-4c8b-b732-ce3c2cb88dc5,6b5edc02-f930-4de2-a691-c965ad171ac9,2026-01-10 06:00:00.000,pub_318
089ec4d3-01b1-4333-8784-6d4673bfc6c7,83f9bde8-6044-446e-b665-aee0bb0e656e,2026-01-10 06:02:16.000,pub_101
21fde6a1-140e-4782-a7eb-5c1f7247b9f2,80b7708a-f34b-4cd7-9b3d-0594a66337d5,2026-01-10 06:04:37.000,pub_512
63eb93b1-d730-4641-91b4-e7a61eb7f5d7,6b5edc02-f930-4de2-a691-c965ad171ac9,2026-01-10 06:29:25.000,pub_512
97c825c3-04ae-4e88-81f0-dd80e77f8b74,80b7708a-f34b-4cd7-9b3d-0594a66337d5,2026-01-10 06:30:32.000,pub_204
0fa2fddd-e34e-4764-abcc-58be88dfc0c5,83f9bde8-6044-446e-b665-aee0bb0e656e,2026-01-10 06:30:45.000,pub_445
7d6eb655-9cb4-499a-995b-ff01ddb68951,fdede5e3-9dba-4ca5-a36e-82895c4618f8,2026-01-10 06:32:19.000,pub_101
3872386e-275b-4638-acf5-d7f7e9cc24c5,6b5edc02-f930-4de2-a691-c965ad171ac9,2026-01-10 06:42:58.000,pub_512
9fd463a2-0f1e-4841-a59c-499d66169e92,fdede5e3-9dba-4ca5-a36e-82895c4618f8,2026-01-10 06:43:01.000,pub_318
b6ee7b04-69e0-4232-931b-2b992b822ef0,3f1ed2cc-0767-4665-8370-36e46f39a07e,2026-01-10 06:43:23.000,pub_318
45452230-9a13-456f-b3f3-38e6a45d8117,6ecad2b7-b646-4008-9939-e26a0ffdc290,2026-01-10 07:09:41.000,pub_204
fde8df0e-0d6a-495f-a1f0-a4f7389cfd60,6ecad2b7-b646-4008-9939-e26a0ffdc290,2026-01-10 07:21:16.000,pub_445
56fd3fd8-0e31-4659-89f6-b7b954a6e691,6ecad2b7-b646-4008-9939-e26a0ffdc290,2026-01-10 07:33:43.000,pub_318
9fc1c388-7412-4653-9860-b79715800c8d,6ecad2b7-b646-4008-9939-e26a0ffdc290,2026-01-10 07:35:03.000,pub_445
a9378eb5-df3a-426b-9d5d-d725bd1ff27c,8a176764-6f34-497d-ba92-8314ab2d7719,2026-01-10 07:42:08.000,pub_204
5f3d0d38-db2b-4494-8920-70b9b034f013,8a176764-6f34-497d-ba92-8314ab2d7719,2026-01-10 08:00:14.000,pub_204
6394d7ac-7ca5-4e42-828d-c0bfc83c607d,83f9bde8-6044-446e-b665-aee0bb0e656e,2026-01-10 08:02:27.000,pub_101
2d298cc5-21fc-4262-adf8-2bb62d2ec010,fdede5e3-9dba-4ca5-a36e-82895c4618f8,2026-01-10 08:11:36.000,pub_512
25dd5b6a-d04e-48a0-a6a2-c920df0cbb83,fdede5e3-9dba-4ca5-a36e-82895c4618f8,2026-01-10 08:14:18.000,pub_101
18f34b67-f500-421c-a851-97800649c3e4,83f9bde8-6044-446e-b665-aee0bb0e656e,2026-01-10 08:44:55.000,pub_445
64377d49-1587-461d-aadd-1691110eb3fb,83f9bde8-6044-446e-b665-aee0bb0e656e,2026-01-10 08:53:53.000,pub_204
c4443e6e-dc10-423c-a563-69d94eda5afc,6b5edc02-f930-4de2-a691-c965ad171ac9,2026-01-10 09:00:01.000,pub_512
9ae978c3-bf9e-4072-8d17-0062a2ff7611,3f1ed2cc-0767-4665-8370-36e46f39a07e,2026-01-10 09:02:57.000,pub_204
1f14908a-2782-486d-9936-ee29ddc89475,6ecad2b7-b646-4008-9939-e26a0ffdc290,2026-01-10 09:09:50.000,pub_204
2bf53593-dd74-4f10-b57f-6269f3a9f240,749c9934-39ec-4687-9dbd-78378124d954,2026-01-10 09:25:11.000,pub_318
c8e14c39-c77c-458e-ba2f-e45bb77ade29,fdede5e3-9dba-4ca5-a36e-82895c4618f8,2026-01-10 09:26:31.000,pub_318
3274ff74-f18e-418a-ac90-d334c52a4bad,6ecad2b7-b646-4008-9939-e26a0ffdc290,2026-01-10 09:33:18.000,pub_101
b36eb8d1-a423-43df-8c94-f85a1db8061e,749c9934-39ec-4687-9dbd-78378124d954,2026-01-10 09:36:48.000,pub_318
71446703-6792-4688-8a02-8180b69d97b3,33c7942d-55ce-48ca-9169-a374b1f497df,2026-01-10 09:49:37.000,pub_512
2a70d9fd-7281-47db-8d63-4088b46ccd1b,6ecad2b7-b646-4008-9939-e26a0ffdc290,2026-01-10 10:02:40.000,pub_318
446eb8d9-595b-46e2-8e57-8da28a2a7bba,fdede5e3-9dba-4ca5-a36e-82895c4618f8,2026-01-10 10:09:48.000,pub_318
1d2720ea-5e61-46f3-a3c5-6dc14868424c,33c7942d-55ce-48ca-9169-a374b1f497df,2026-01-10 10:14:19.000,pub_512
e8cd937b-eefe-4404-9fc9-59cd8b8927c8,33c7942d-55ce-48ca-9169-a374b1f497df,2026-01-10 10:24:23.000,pub_101
29957e3c-5c9c-4a35-846f-bfbb329791a8,3f1ed2cc-0767-4665-8370-36e46f39a07e,2026-01-10 10:32:00.000,pub_445
42d183c1-740e-4ada-be8e-b932250e88a8,6ecad2b7-b646-4008-9939-e26a0ffdc290,2026-01-10 10:44:51.000,pub_204
34b4e093-e1b4-4653-99c4-8d17e63858ef,33c7942d-55ce-48ca-9169-a374b1f497df,2026-01-10 10:53:46.000,pub_101
c6fe6a85-ff21-49c8-a435-33e10cc5e571,83f9bde8-6044-446e-b665-aee0bb0e656e,2026-01-10 11:03:42.000,pub_101
71be0d1f-26b4-4bc0-b45d-c69136dc7d8e,3f1ed2cc-0767-4665-8370-36e46f39a07e,2026-01-10 11:06:17.000,pub_512
32e6d8f4-38d5-4cc4-bf10-8cacad552282,393fc1c9-d322-4b8a-952e-5ad320900791,2026-01-10 11:07:30.000,pub_512
70a12e9c-cc0a-43f6-b699-b4bb9c041bbf,3f1ed2cc-0767-4665-8370-36e46f39a07e,2026-01-10 11:16:52.000,pub_204
9959f67d-5360-48c0-920c-e060684ca954,33c7942d-55ce-48ca-9169-a374b1f497df,2026-01-10 11:17:55.000,pub_512
67251f74-766b-4947-8f83-ba811b01a9cf,6ecad2b7-b646-4008-9939-e26a0ffdc290,2026-01-10 11:20:28.000,pub_445
2afae2f8-4a92-405b-869e-8e2aaa2bdf8c,83f9bde8-6044-446e-b665-aee0bb0e656e,2026-01-10 11:20:45.000,pub_101
831249a8-97cf-4bab-a4ee-4ff34805c30f,749c9934-39ec-4687-9dbd-78378124d954,2026-01-10 11:39:56.000,pub_204
1f24d807-bc4f-4dcc-ad23-d59ce17c81c5,33c7942d-55ce-48ca-9169-a374b1f497df,2026-01-10 12:01:31.000,pub_101
fb548f0c-1270-4e38-9b8b-ac2414dd4ecc,393fc1c9-d322-4b8a-952e-5ad320900791,2026-01-10 12:33:34.000,pub_512
2aa96710-ff43-462a-ab4a-48c06daaccd5,33c7942d-55ce-48ca-9169-a374b1f497df,2026-01-10 12:42:29.000,pub_512
ab9ac42c-cb2c-49ca-906c-52ea93d33660,393fc1c9-d322-4b8a-952e-5ad320900791,2026-01-10 12:45:55.000,pub_101
8f4a5579-847d-46f2-8f06-0785222dccac,3f1ed2cc-0767-4665-8370-36e46f39a07e,2026-01-10 12:54:11.000,pub_204
84849b8f-378e-42cb-99a9-af3ca72ea334,749c9934-39ec-4687-9dbd-78378124d954,2026-01-10 13:06:34.000,pub_318
4d40feed-10c8-478c-8ed6-c46307ab1204,6ecad2b7-b646-4008-9939-e26a0ffdc290,2026-01-10 13:12:14.000,pub_445
edf9d6a4-459d-40c5-9232-72d235a3e8c9,749c9934-39ec-4687-9dbd-78378124d954,2026-01-10 13:36:29.000,pub_445
69ecd17f-c60a-483d-9fd9-5ca0df44d1ab,6b5edc02-f930-4de2-a691-c965ad171ac9,2026-01-10 13:39:54.000,pub_101
e3b4451e-d879-4bd8-aa05-f0276e52eca3,fdede5e3-9dba-4ca5-a36e-82895c4618f8,2026-01-10 13:40:30.000,pub_318
4a44d785-2dad-4f22-b7c7-dc083d1c35bf,33c7942d-55ce-48ca-9169-a374b1f497df,2026-01-10 13:50:17.000,pub_204
43fdd116-6912-491c-8a63-65864655a316,33c7942d-55ce-48ca-9169-a374b1f497df,2026-01-10 14:14:09.000,pub_512
14a2915d-b209-468b-a01e-f93c175269c5,6ecad2b7-b646-4008-9939-e26a0ffdc290,2026-01-10 14:21:39.000,pub_318
e08e7084-3352-49e6-b4d0-989e6a4cf1ea,fdede5e3-9dba-4ca5-a36e-82895c4618f8,2026-01-10 14:23:45.000,pub_445
53625889-142c-43d5-a0e1-f0cdefee8713,749c9934-39ec-4687-9dbd-78378124d954,2026-01-10 14:24:10.000,pub_101
73fce66b-5434-4a3a-be5f-72835c58d514,6b5edc02-f930-4de2-a691-c965ad171ac9,2026-01-10 14:28:58.000,pub_318
ac986b32-495e-4809-8a70-0ecc753a0e74,6ecad2b7-b646-4008-9939-e26a0ffdc290,2026-01-10 14:42:38.000,pub_445
2eaeacb5-507d-4e7e-a5fb-b37bfc9de667,8a176764-6f34-497d-ba92-8314ab2d7719,2026-01-10 14:44:06.000,pub_318
11c421ce-d420-47d1-ae94-2323e3049b30,80b7708a-f34b-4cd7-9b3d-0594a66337d5,2026-01-10 15:04:15.000,pub_101
df949a84-3117-4239-b3b4-58823521d9ef,83f9bde8-6044-446e-b665-aee0bb0e656e,2026-01-10 15:11:56.000,pub_204
52325308-cdb8-4b7a-940e-1e9c1a1f8ebc,83f9bde8-6044-446e-b665-aee0bb0e656e,2026-01-10 15:13:30.000,pub_512
711141df-4828-4849-8a34-67457ccf0020,6ecad2b7-b646-4008-9939-e26a0ffdc290,2026-01-10 15:23:31.000,pub_318
f75d139f-54fc-4197-a695-dfc19d420494,33c7942d-55ce-48ca-9169-a374b1f497df,2026-01-10 15:27:36.000,pub_101
7a9db26c-6a3f-4ccb-b2f3-18420fc73bd2,3f1ed2cc-0767-4665-8370-36e46f39a07e,2026-01-10 15:28:58.000,pub_512
babda518-2905-42bb-8e50-c53fae53b878,8a176764-6f34-497d-ba92-8314ab2d7719,2026-01-10 15:30:20.000,pub_101
229673bd-76d7-4968-b304-9924257a7770,83f9bde8-6044-446e-b665-aee0bb0e656e,2026-01-10 15:39:45.000,pub_512
89253186-177e-4133-94f5-d77500cc4179,6ecad2b7-b646-4008-9939-e26a0ffdc290,2026-01-10 15:42:23.000,pub_512
1cccf413-9096-46d6-b4b5-374dfddfe203,749c9934-39ec-4687-9dbd-78378124d954,2026-01-10 15:50:04.000,pub_318
f3a83470-6559-4c4f-acca-d6186b5452cf,393fc1c9-d322-4b8a-952e-5ad320900791,2026-01-10 16:03:40.000,pub_445
3e5a5c28-b0e4-460f-ae6d-5077810e9ad2,33c7942d-55ce-48ca-9169-a374b1f497df,2026-01-10 16:06:16.000,pub_445
70a2d0b0-aa63-40fb-8ebc-41e528bba95a,393fc1c9-d322-4b8a-952e-5ad320900791,2026-01-10 16:19:45.000,pub_204
418d5059-7df5-492b-9326-1cdcdcc5ce67,8a176764-6f34-497d-ba92-8314ab2d7719,2026-01-10 16:22:58.000,pub_318
d1a97316-0e20-4b21-b571-26753c510959,393fc1c9-d322-4b8a-952e-5ad320900791,2026-01-10 16:23:57.000,pub_101
daa58172-05a7-4796-bdb5-d042180b8d98,6ecad2b7-b646-4008-9939-e26a0ffdc290,2026-01-10 16:26:31.000,pub_318
e07fb958-eaa2-41b1-8d6b-1f06e5b30ae0,8a176764-6f34-497d-ba92-8314ab2d7719,2026-01-10 16:37:42.000,pub_204
ec25d319-ee75-462f-ba63-df297e24df96,8a176764-6f34-497d-ba92-8314ab2d7719,2026-01-10 16:38:16.000,pub_101
4ba206ec-f7d9-44a6-af35-e03306c42ecf,3f1ed2cc-0767-4665-8370-36e46f39a07e,2026-01-10 16:43:29.000,pub_318
b0377f90-d933-4610-af2b-4bcadc63d99f,83f9bde8-6044-446e-b665-aee0bb0e656e,2026-01-10 16:52:00.000,pub_445
a305d9c5-4de9-47cc-b402-14a669847149,393fc1c9-d322-4b8a-952e-5ad320900791,2026-01-10 16:54:11.000,pub_318
aa0db120-ae0f-4eb6-8ec5-7e0950d1685c,3f1ed2cc-0767-4665-8370-36e46f39a07e,2026-01-10 17:02:43.000,pub_204
5f120039-1d76-4d49-b203-a3a27d897089,8a176764-6f34-497d-ba92-8314ab2d7719,2026-01-10 17:13:28.000,pub_101
10ad0ae3-7eef-4119-9aa1-a20d635fdddb,83f9bde8-6044-446e-b665-aee0bb0e656e,2026-01-10 17:18:59.000,pub_101
8d313768-0f3c-433b-9a0c-0d716686d73a,8a176764-6f34-497d-ba92-8314ab2d7719,2026-01-10 17:24:11.000,pub_512
a2e767dd-10a6-43aa-b8d9-8a38d1184c0c,83f9bde8-6044-446e-b665-aee0bb0e656e,2026-01-10 17:46:18.000,pub_318
d78d0110-a099-41d1-9b0e-53e452dce279,33c7942d-55ce-48ca-9169-a374b1f497df,2026-01-10 17:49:40.000,pub_512
29a28dac-492e-401c-9f42-74d4d69977cc,6b5edc02-f930-4de2-a691-c965ad171ac9,2026-01-10 17:51:49.000,pub_101
33ef9925-bc53-44f1-b225-362c56daf5d3,6ecad2b7-b646-4008-9939-e26a0ffdc290,2026-01-10 18:06:47.000,pub_101
d29d8965-67eb-46bc-ba30-679cf8c6518f,fdede5e3-9dba-4ca5-a36e-82895c4618f8,2026-01-10 18:09:32.000,pub_204
3c46d741-a428-49e6-8ac8-d023595970f5,393fc1c9-d322-4b8a-952e-5ad320900791,2026-01-10 18:24:00.000,pub_318
952c743c-80b5-42eb-b3ad-6b429d6d0de7,6ecad2b7-b646-4008-9939-e26a0ffdc290,2026-01-10 18:51:52.000,pub_512
35b05113-ebfa-42f0-a2d8-3de0ce63c758,83f9bde8-6044-446e-b665-aee0bb0e656e,2026-01-10 18:57:58.000,pub_318
76a6987e-8f4c-44f0-9d2e-b012388cbc4a,33c7942d-55ce-48ca-9169-a374b1f497df,2026-01-10 19:00:02.000,pub_101
153a7086-77af-416d-a367-fd7d745ba05c,393fc1c9-d322-4b8a-952e-5ad320900791,2026-01-10 19:00:21.000,pub_512
9e2a6c3b-ad8f-4aa6-a791-d257417bf540,80b7708a-f34b-4cd7-9b3d-0594a66337d5,2026-01-10 19:02:30.000,pub_204
c7ee5ba1-421c-4b7c-a729-ca201156e663,fdede5e3-9dba-4ca5-a36e-82895c4618f8,2026-01-10 19:13:09.000,pub_445
c6a0f8cc-20bf-42c3-bb5b-8e46c3f8c06e,8a176764-6f34-497d-ba92-8314ab2d7719,2026-01-10 19:16:03.000,pub_318
d79931eb-52de-460a-8eb4-3164eec87283,393fc1c9-d322-4b8a-952e-5ad320900791,2026-01-10 19:20:09.000,pub_204
90bf4374-ea78-4c39-b10e-91116af7b7d5,33c7942d-55ce-48ca-9169-a374b1f497df,2026-01-10 19:21:38.000,pub_204
0b7e8a31-4509-4e60-b225-a61ed6fecd37,393fc1c9-d322-4b8a-952e-5ad320900791,2026-01-10 19:27:42.000,pub_101
6fb5256f-2bde-48a0-b2fd-8a7738138c22,80b7708a-f34b-4cd7-9b3d-0594a66337d5,2026-01-10 19:29:38.000,pub_101
68725ac2-4f86-47b5-ac2f-c524666fcb7f,33c7942d-55ce-48ca-9169-a374b1f497df,2026-01-10 19:35:33.000,pub_318
22818ea5-da02-4cb5-944b-21df525710f1,80b7708a-f34b-4cd7-9b3d-0594a66337d5,2026-01-10 19:43:04.000,pub_204
0c8a17d2-b81d-4f83-854a-8ca8b113b575,6b5edc02-f930-4de2-a691-c965ad171ac9,2026-01-10 19:57:52.000,pub_318
0e440adf-2e9e-4882-a7cc-3620795907f9,393fc1c9-d322-4b8a-952e-5ad320900791,2026-01-10 19:59:55.000,pub_204
34214383-7e6a-46e0-8523-07226dc71eb1,6b5edc02-f930-4de2-a691-c965ad171ac9,2026-01-10 20:14:24.000,pub_204
4152745c-06dc-451e-be6e-1a60b45519f3,6b5edc02-f930-4de2-a691-c965ad171ac9,2026-01-10 20:30:45.000,pub_445
0e5a1b13-dbc2-40e5-a71f-a6d020dca07c,33c7942d-55ce-48ca-9169-a374b1f497df,2026-01-10 20:39:09.000,pub_204
9af26082-a24b-4394-8f0a-ac0bcb98c679,83f9bde8-6044-446e-b665-aee0bb0e656e,2026-01-10 20:44:32.000,pub_204
a00a35af-2cec-4763-af2e-301ef1eddc9a,33c7942d-55ce-48ca-9169-a374b1f497df,2026-01-10 20:54:16.000,pub_318
8ef6ff66-534d-44f3-ba1c-45dc1e62241c,6ecad2b7-b646-4008-9939-e26a0ffdc290,2026-01-10 21:10:57.000,pub_318
c6c1e226-fb34-46fe-8a5a-4eaf4cf72f31,fdede5e3-9dba-4ca5-a36e-82895c4618f8,2026-01-10 21:13:14.000,pub_445
dc4ae429-df60-44ba-9649-860979b484a3,80b7708a-f34b-4cd7-9b3d-0594a66337d5,2026-01-10 21:33:03.000,pub_445
1d6eab1c-4b83-461e-87fc-92dab46d3c4b,8a176764-6f34-497d-ba92-8314ab2d7719,2026-01-10 21:46:00.000,pub_318
5bd5e68b-b9b3-47bd-8ddd-4d702fac9c29,80b7708a-f34b-4cd7-9b3d-0594a66337d5,2026-01-10 21:54:56.000,pub_445
f5af7f6e-4eb2-42b3-a3cd-f4030ddfcbf4,6ecad2b7-b646-4008-9939-e26a0ffdc290,2026-01-10 21:56:00.000,pub_204
09799c1b-4c67-4895-9d88-9f06e55839eb,6ecad2b7-b646-4008-9939-e26a0ffdc290,2026-01-10 21:58:32.000,pub_512
5459cf6b-ba01-4865-9cff-c94541d96aeb,6b5edc02-f930-4de2-a691-c965ad171ac9,2026-01-10 22:01:09.000,pub_101
19644369-53dd-4804-95e4-961760003810,83f9bde8-6044-446e-b665-aee0bb0e656e,2026-01-10 22:06:43.000,pub_204
a87ac974-0ff1-4f08-b2ea-e06a8b88f5c6,80b7708a-f34b-4cd7-9b3d-0594a66337d5,2026-01-10 22:07:34.000,pub_101
cb49b18c-f287-4cd6-9e25-3f43591deda0,393fc1c9-d322-4b8a-952e-5ad320900791,2026-01-10 22:10:12.000,pub_318
fcb99995-3d85-4e46-9c0d-0938b733cd69,3f1ed2cc-0767-4665-8370-36e46f39a07e,2026-01-10 22:16:30.000,pub_445
e84e43d7-c1c7-44e8-b377-b36507179f58,6b5edc02-f930-4de2-a691-c965ad171ac9,2026-01-10 22:19:55.000,pub_101
60789769-3474-48d4-8718-1fffdd8df158,8a176764-6f34-497d-ba92-8314ab2d7719,2026-01-10 22:27:11.000,pub_101
4df24267-e837-47ef-8421-bdb5affab288,749c9934-39ec-4687-9dbd-78378124d954,2026-01-10 22:29:02.000,pub_445
ed74138c-5f81-4d38-a238-e4f46e095163,83f9bde8-6044-446e-b665-aee0bb0e656e,2026-01-10 22:30:26.000,pub_204
22826fc8-f0bb-4e1c-b26c-010ce260e0f4,80b7708a-f34b-4cd7-9b3d-0594a66337d5,2026-01-10 22:43:02.000,pub_101
912d6727-ed7a-4c32-89c7-67706ced05bd,393fc1c9-d322-4b8a-952e-5ad320900791,2026-01-10 22:55:02.000,pub_512
8c08d992-2598-463c-bff9-4f4cacfadbfa,6ecad2b7-b646-4008-9939-e26a0ffdc290,2026-01-10 23:01:23.000,pub_512
1bc097f1-8455-46a8-98eb-b811497e8839,6ecad2b7-b646-4008-9939-e26a0ffdc290,2026-01-10 23:03:37.000,pub_101
2141d15d-73d1-4ffa-9124-bee5066c47bb,3f1ed2cc-0767-4665-8370-36e46f39a07e,2026-01-10 23:04:54.000,pub_101
4385d8e8-80b5-40c0-a841-8a6045ad3495,80b7708a-f34b-4cd7-9b3d-0594a66337d5,2026-01-10 23:12:39.000,pub_445
891c7262-b887-4afe-85d0-fd6832e6c0a4,80b7708a-f34b-4cd7-9b3d-0594a66337d5,2026-01-10 23:19:48.000,pub_318
eaabc8ee-4d86-4832-b9b8-44a24936db3d,3f1ed2cc-0767-4665-8370-36e46f39a07e,2026-01-10 23:23:21.000,pub_318
a8179df4-aa81-4bde-a8a3-70be02bf5e9d,6ecad2b7-b646-4008-9939-e26a0ffdc290,2026-01-10 23:25:08.000,pub_101
47e8bb4d-6209-4318-82e2-e39791189f2e,6b5edc02-f930-4de2-a691-c965ad171ac9,2026-01-10 23:34:44.000,pub_445
b144aa84-23d8-4e9b-96eb-f0c02a8640c2,6b5edc02-f930-4de2-a691-c965ad171ac9,2026-01-10 23:36:47.000,pub_318
570ad2f7-c60a-40a6-99c4-15ddd580940b,6b5edc02-f930-4de2-a691-c965ad171ac9,2026-01-10 23:41:34.000,pub_445
cba272c4-98e5-46be-bac4-dec57ce1019d,6b5edc02-f930-4de2-a691-c965ad171ac9,2026-01-10 23:41:50.000,pub_512
09308b10-e5b7-45fa-bd52-037ab7dd0eab,6b5edc02-f930-4de2-a691-c965ad171ac9,2026-01-10 23:45:22.000,pub_318
2012a98e-3a01-47b9-bd1d-c371a908f470,6b5edc02-f930-4de2-a691-c965ad171ac9,2026-01-10 23:47:40.000,pub_512
5782a3be-10ec-4ea9-8d34-98f4b145a5a1,6b5edc02-f930-4de2-a691-c965ad171ac9,2026-01-10 23:52:50.000,pub_101
5b7aeaa4-7eb2-4ab0-9261-35e0a5e1699d,fdede5e3-9dba-4ca5-a36e-82895c4618f8,2026-01-10 23:54:02.000,pub_318
df6d6a83-a21b-4cb6-b16a-c2eed844d4ef,83f9bde8-6044-446e-b665-aee0bb0e656e,2026-01-10 23:54:30.000,pub_204
b503f356-2d11-44bf-ba48-82eabdf69eae,83f9bde8-6044-446e-b665-aee0bb0e656e,2026-01-11 00:11:33.000,pub_445
5ba371b5-6482-45d1-92a5-461fc52d6650,83f9bde8-6044-446e-b665-aee0bb0e656e,2026-01-11 00:14:28.000,pub_101
a31c0d45-7863-4cad-8a40-1205ff0b658c,749c9934-39ec-4687-9dbd-78378124d954,2026-01-11 00:21:56.000,pub_101
ce9ca4a1-73b1-42b9-9e24-d66cf5c04ca1,80b7708a-f34b-4cd7-9b3d-0594a66337d5,2026-01-11 00:33:58.000,pub_204
aa7ce65f-be3e-4107-8bd3-d2a8aa70a080,393fc1c9-d322-4b8a-952e-5ad320900791,2026-01-11 00:54:33.000,pub_512
f46b6125-66e1-45b6-ac0b-d6200669ecd7,393fc1c9-d322-4b8a-952e-5ad320900791,2026-01-11 00:58:46.000,pub_445
da766b98-020d-44df-a7e4-348d14b2463e,fdede5e3-9dba-4ca5-a36e-82895c4618f8,2026-01-11 00:59:22.000,pub_512
91eff994-cc3d-4973-9a60-83b0b8d7501b,393fc1c9-d322-4b8a-952e-5ad320900791,2026-01-11 01:02:52.000,pub_101
26270827-5192-46a5-986b-5012c601d567,33c7942d-55ce-48ca-9169-a374b1f497df,2026-01-11 01:05:04.000,pub_204
83357403-eba2-4f2e-bea1-e01119145fe6,6b5edc02-f930-4de2-a691-c965ad171ac9,2026-01-11 01:06:20.000,pub_101
b2b03726-c67a-4dbc-a244-0f2b58454af9,393fc1c9-d322-4b8a-952e-5ad320900791,2026-01-11 01:07:03.000,pub_204
8cff2e71-761c-4381-8078-e024df6fb95d,fdede5e3-9dba-4ca5-a36e-82895c4618f8,2026-01-11 01:16:27.000,pub_204
76e2e943-a592-49dd-bfb5-1fe611d9eb7e,3f1ed2cc-0767-4665-8370-36e46f39a07e,2026-01-11 01:18:41.000,pub_512
9ff0d64f-e79d-4378-ae9d-6fb80a206b7b,80b7708a-f34b-4cd7-9b3d-0594a66337d5,2026-01-11 01:19:52.000,pub_101
fc89720d-9d0e-4efb-b503-29d8d6f6a819,83f9bde8-6044-446e-b665-aee0bb0e656e,2026-01-11 01:21:20.000,pub_512
75b71fcd-925b-4aa6-9c54-8879bc417a12,33c7942d-55ce-48ca-9169-a374b1f497df,2026-01-11 01:36:21.000,pub_512
ea3668cf-8aa2-4e20-b15c-3c9c43b6bd00,33c7942d-55ce-48ca-9169-a374b1f497df,2026-01-11 01:41:35.000,pub_318
fada484b-e41d-4670-8f29-940ebc44b45e,749c9934-39ec-4687-9dbd-78378124d954,2026-01-11 01:54:49.000,pub_445
e6df3782-7bb7-4eb5-8179-d3e5d22d701f,83f9bde8-6044-446e-b665-aee0bb0e656e,2026-01-11 01:54:55.000,pub_101
b48f3320-0d88-425d-bb8d-ed81cf376eff,6ecad2b7-b646-4008-9939-e26a0ffdc290,2026-01-11 01:58:00.000,pub_445
32dcf47b-125f-42d4-83a5-bf677884c330,749c9934-39ec-4687-9dbd-78378124d954,2026-01-11 02:27:18.000,pub_445
720ac4c4-71bf-42e7-8982-b4d696efb51a,6b5edc02-f930-4de2-a691-c965ad171ac9,2026-01-11 03:17:37.000,pub_512
a97c4f7d-1391-4564-a3ca-68c09df1d3e3,6b5edc02-f930-4de2-a691-c965ad171ac9,2026-01-11 03:33:43.000,pub_512
cac909f6-f685-4e33-9faa-7884bdff49e2,8a176764-6f34-497d-ba92-8314ab2d7719,2026-01-11 03:46:45.000,pub_101
8be57364-13fc-44cd-a886-852b7a3dcb90,33c7942d-55ce-48ca-9169-a374b1f497df,2026-01-11 03:47:13.000,pub_512
6b18f3e9-0878-4a66-a094-f55a7f99ec68,8a176764-6f34-497d-ba92-8314ab2d7719,2026-01-11 03:51:35.000,pub_204
c4cbbd92-7a13-4626-959f-6d28a96026f1,33c7942d-55ce-48ca-9169-a374b1f497df,2026-01-11 04:11:23.000,pub_445
c05e2718-ee95-41a2-8969-ef159d80095d,8a176764-6f34-497d-ba92-8314ab2d7719,2026-01-11 04:15:29.000,pub_445
37b2588f-13cb-451a-b350-7e4485c8ece5,6b5edc02-f930-4de2-a691-c965ad171ac9,2026-01-11 04:19:58.000,pub_512
d4fb21a9-ba4e-45a0-9ba0-5dbca22a3934,83f9bde8-6044-446e-b665-aee0bb0e656e,2026-01-11 04:28:50.000,pub_101
8e729b56-4279-47d0-8877-da5e705aae3b,6b5edc02-f930-4de2-a691-c965ad171ac9,2026-01-11 04:31:19.000,pub_445
ea8b7e93-965a-4db5-9360-a991d5ac96e4,393fc1c9-d322-4b8a-952e-5ad320900791,2026-01-11 04:54:23.000,pub_101
316a4588-4de3-4f1a-a842-c5e6b10421bf,83f9bde8-6044-446e-b665-aee0bb0e656e,2026-01-11 05:12:27.000,pub_318
d7faf4cb-f9c6-400b-aa82-00e167096584,749c9934-39ec-4687-9dbd-78378124d954,2026-01-11 05:18:19.000,pub_204
2d678d19-86fc-4fb7-a242-d2e04b0d70eb,6ecad2b7-b646-4008-9939-e26a0ffdc290,2026-01-11 05:22:55.000,pub_204
5d8cacd7-f04c-4392-a88b-779c33fcd629,6b5edc02-f930-4de2-a691-c965ad171ac9,2026-01-11 05:31:36.000,pub_204
ac48cde9-acaa-4ec1-8aa9-6181432664c9,393fc1c9-d322-4b8a-952e-5ad320900791,2026-01-11 05:32:39.000,pub_445
f809e1d9-111d-41a4-bea9-f46022ec9374,83f9bde8-6044-446e-b665-aee0bb0e656e,2026-01-11 05:34:35.000,pub_318
e57c911e-686b-462c-8e88-ecfa076e2352,fdede5e3-9dba-4ca5-a36e-82895c4618f8,2026-01-11 05:34:41.000,pub_204
160d1f23-c306-4e08-a0a4-316a1fc7bc01,33c7942d-55ce-48ca-9169-a374b1f497df,2026-01-11 05:36:34.000,pub_512
a450f4e0-67a2-4a69-8de3-beff08701477,fdede5e3-9dba-4ca5-a36e-82895c4618f8,2026-01-11 05:48:46.000,pub_512
4c5b64ee-6167-4e9f-a008-ed24b38708c7,6ecad2b7-b646-4008-9939-e26a0ffdc290,2026-01-11 05:54:44.000,pub_204
919157d7-d92b-466e-bf83-d57265e597ab,6ecad2b7-b646-4008-9939-e26a0ffdc290,2026-01-11 06:03:16.000,pub_101
435c2352-c074-4f8d-b14b-cc9a3d7579b7,393fc1c9-d322-4b8a-952e-5ad320900791,2026-01-11 06:06:12.000,pub_318
bb925b8d-3695-4b75-8813-58cb21fec1d8,8a176764-6f34-497d-ba92-8314ab2d7719,2026-01-11 06:17:16.000,pub_445
0bfbb091-229f-4782-b6c1-74c5327cf0aa,6b5edc02-f930-4de2-a691-c965ad171ac9,2026-01-11 06:19:07.000,pub_512
4158c5f5-d545-42c8-ab55-1596cc62127d,3f1ed2cc-0767-4665-8370-36e46f39a07e,2026-01-11 06:23:29.000,pub_318
dc6fd695-f077-409a-9b1c-026b308cdb56,33c7942d-55ce-48ca-9169-a374b1f497df,2026-01-11 06:26:07.000,pub_204
7666a6b8-ecda-4d81-ab48-db2dcf0b99cc,749c9934-39ec-4687-9dbd-78378124d954,2026-01-11 06:36:07.000,pub_445
4844e1df-f092-4853-8b55-e1e0d3ecb60d,393fc1c9-d322-4b8a-952e-5ad320900791,2026-01-11 06:36:14.000,pub_512
ac49e41f-0138-40b8-8f76-85faec752b54,749c9934-39ec-4687-9dbd-78378124d954,2026-01-11 06:41:29.000,pub_445
851a79ed-4928-4126-a569-891721545020,80b7708a-f34b-4cd7-9b3d-0594a66337d5,2026-01-11 06:45:46.000,pub_512
71902aac-00c6-4ae7-b0cc-7638970df620,393fc1c9-d322-4b8a-952e-5ad320900791,2026-01-11 06:46:26.000,pub_204
5bc602da-d965-482c-954d-d7dd894a5ef1,83f9bde8-6044-446e-b665-aee0bb0e656e,2026-01-11 06:51:09.000,pub_204
80138f96-b1f3-4ecc-bf4d-b8d244f1c4b8,8a176764-6f34-497d-ba92-8314ab2d7719,2026-01-11 07:08:15.000,pub_318
06b5c54a-a076-4108-a8d6-aa658056ea1f,80b7708a-f34b-4cd7-9b3d-0594a66337d5,2026-01-11 07:25:02.000,pub_204
2a3e3e55-13d9-43ca-8273-044c9d3f0ef6,749c9934-39ec-4687-9dbd-78378124d954,2026-01-11 07:43:40.000,pub_445
7c019bb7-aa66-45a0-8229-40d852db0d8b,8a176764-6f34-497d-ba92-8314ab2d7719,2026-01-11 07:44:16.000,pub_445
8327a920-d48b-43c3-bd0e-ca240e5eb28f,fdede5e3-9dba-4ca5-a36e-82895c4618f8,2026-01-11 07:44:47.000,pub_445
0ab6d182-96cd-470e-8191-b3b12656abaa,6ecad2b7-b646-4008-9939-e26a0ffdc290,2026-01-11 08:10:36.000,pub_318
4780bf75-89ae-420e-a728-f980cb8c43aa,33c7942d-55ce-48ca-9169-a374b1f497df,2026-01-11 08:14:23.000,pub_101
fc27a122-2b82-4c1d-ba70-922e60f544c3,6b5edc02-f930-4de2-a691-c965ad171ac9,2026-01-11 08:24:54.000,pub_318
5fa5f801-3314-4f4c-b6fe-cf081c879bb9,749c9934-39ec-4687-9dbd-78378124d954,2026-01-11 08:25:59.000,pub_101
3416b244-65ad-4bfe-b921-e851a359ebd2,6b5edc02-f930-4de2-a691-c965ad171ac9,2026-01-11 08:34:30.000,pub_318
59daa2ac-f8fb-4dea-8671-ffa2d4554652,8a176764-6f34-497d-ba92-8314ab2d7719,2026-01-11 08:36:53.000,pub_204
a46fce2a-dcbb-4e00-a801-917b6d3fe8a4,8a176764-6f34-497d-ba92-8314ab2d7719,2026-01-11 08:58:48.000,pub_512
5a6547ca-4988-4c30-93bd-23fa6e825026,749c9934-39ec-4687-9dbd-78378124d954,2026-01-11 09:03:46.000,pub_445
1ad7b8a6-d321-459f-ba5a-edbc5f9aceba,6b5edc02-f930-4de2-a691-c965ad171ac9,2026-01-11 09:04:18.000,pub_101
2aa58ef6-1b9b-4959-bbe7-44f6c5c09c2f,80b7708a-f34b-4cd7-9b3d-0594a66337d5,2026-01-11 09:04:18.000,pub_512
b55ab034-c2e7-41e9-ad44-1d358d86c4fe,6ecad2b7-b646-4008-9939-e26a0ffdc290,2026-01-11 09:16:23.000,pub_101
920494b9-b2ce-4303-8982-0e6f057421d6,3f1ed2cc-0767-4665-8370-36e46f39a07e,2026-01-11 09:21:40.000,pub_445
33047961-0321-406e-9fe6-dea0a665b83f,83f9bde8-6044-446e-b665-aee0bb0e656e,2026-01-11 09:25:17.000,pub_318
4d9cbf42-3710-4ec0-baa5-3b8a7d6f1c8f,83f9bde8-6044-446e-b665-aee0bb0e656e,2026-01-11 09:27:01.000,pub_318
46bfbae9-e414-43bb-94c4-c232acaf1ca0,6ecad2b7-b646-4008-9939-e26a0ffdc290,2026-01-11 09:33:09.000,pub_318
d89e7ff4-de56-4423-ad27-9ac450440ec2,749c9934-39ec-4687-9dbd-78378124d954,2026-01-11 10:20:24.000,pub_445
a4ae84d2-89e0-4c64-9c0b-45375bee7169,3f1ed2cc-0767-4665-8370-36e46f39a07e,2026-01-11 10:29:09.000,pub_512
02bdd31b-9abf-465b-9bf9-ca2dbaaf1072,83f9bde8-6044-446e-b665-aee0bb0e656e,2026-01-11 10:37:00.000,pub_445
d03a9cca-9d27-4015-8fba-14a3832c2ba8,749c9934-39ec-4687-9dbd-78378124d954,2026-01-11 10:51:09.000,pub_204
bd57df95-173e-4baf-878e-57ec5aa397f7,393fc1c9-d322-4b8a-952e-5ad320900791,2026-01-11 11:02:15.000,pub_318
4c4e2d58-d363-4107-8898-b5ebddcadc53,3f1ed2cc-0767-4665-8370-36e46f39a07e,2026-01-11 11:09:11.000,pub_318
b3ebc2a4-1e55-485b-a2a1-2c1fd7b33314,33c7942d-55ce-48ca-9169-a374b1f497df,2026-01-11 11:10:14.000,pub_204
6508928a-1449-48c6-a222-54a002565cd2,80b7708a-f34b-4cd7-9b3d-0594a66337d5,2026-01-11 11:10:47.000,pub_445
ff805307-2aaa-4062-8e30-ae090b2c30b1,6b5edc02-f930-4de2-a691-c965ad171ac9,2026-01-11 11:14:49.000,pub_204
943ffc55-9982-4dee-8ef7-2f272e94d432,fdede5e3-9dba-4ca5-a36e-82895c4618f8,2026-01-11 11:18:11.000,pub_445
350c8158-1c19-485b-8005-b758979e9ff9,33c7942d-55ce-48ca-9169-a374b1f497df,2026-01-11 11:21:31.000,pub_101
d6f70d29-2f46-4873-9ef7-2f6de0debffa,393fc1c9-d322-4b8a-952e-5ad320900791,2026-01-11 11:42:15.000,pub_512
7591c679-0f38-4771-a77d-3a1cd8cfbf87,83f9bde8-6044-446e-b665-aee0bb0e656e,2026-01-11 11:42:17.000,pub_512
38112619-7e53-4e8f-acd2-53fe40b6ddf3,80b7708a-f34b-4cd7-9b3d-0594a66337d5,2026-01-11 11:49:05.000,pub_318
cc7f0ca9-9582-405f-8c4a-e12f1da20253,6ecad2b7-b646-4008-9939-e26a0ffdc290,2026-01-11 11:51:02.000,pub_512
c3c3f49c-3e93-4405-adf6-25de46f1ce6e,6ecad2b7-b646-4008-9939-e26a0ffdc290,2026-01-11 12:00:55.000,pub_318
1c3f06ee-b1d6-49d6-a9bc-de55ccc255cb,3f1ed2cc-0767-4665-8370-36e46f39a07e,2026-01-11 12:17:31.000,pub_101
e140bfb5-8d0b-4e2c-9784-726a32aa31c2,6b5edc02-f930-4de2-a691-c965ad171ac9,2026-01-11 12:40:34.000,pub_512
1614c1d6-787a-4c2b-843e-c1310ca43118,fdede5e3-9dba-4ca5-a36e-82895c4618f8,2026-01-11 12:46:26.000,pub_101
d06f89c4-ab67-4f4a-be03-db890e44b461,83f9bde8-6044-446e-b665-aee0bb0e656e,2026-01-11 12:49:15.000,pub_204
a9b77856-23d5-44db-baaf-ce0d7a4503a1,83f9bde8-6044-446e-b665-aee0bb0e656e,2026-01-11 12:50:33.000,pub_445
eb6d1dcb-087d-4e78-b174-cb8cbcb3f3ca,8a176764-6f34-497d-ba92-8314ab2d7719,2026-01-11 13:06:30.000,pub_101
ed378eb5-b198-417f-b12f-d129485ba220,83f9bde8-6044-446e-b665-aee0bb0e656e,2026-01-11 13:08:13.000,pub_101
78bed8bb-6565-4f74-b5ed-4764817306ce,749c9934-39ec-4687-9dbd-78378124d954,2026-01-11 13:08:15.000,pub_445
7ce0cc10-5838-4687-a8c9-f2888ac50caf,83f9bde8-6044-446e-b665-aee0bb0e656e,2026-01-11 13:21:47.000,pub_101
589d874d-f89e-4208-aae1-80e74788c26d,fdede5e3-9dba-4ca5-a36e-82895c4618f8,2026-01-11 13:32:09.000,pub_204
ce043edc-4a92-427f-bb41-3bbcf034b690,83f9bde8-6044-446e-b665-aee0bb0e656e,2026-01-11 13:48:17.000,pub_445
d3541275-fe80-4c12-975c-fb2bf5d5f407,6b5edc02-f930-4de2-a691-c965ad171ac9,2026-01-11 13:54:17.000,pub_318
3c7f8504-131f-4d28-a488-aa90e99151f4,80b7708a-f34b-4cd7-9b3d-0594a66337d5,2026-01-11 13:59:45.000,pub_204
b42c7d74-a509-429e-9fff-4e7792af71bf,6b5edc02-f930-4de2-a691-c965ad171ac9,2026-01-11 14:08:50.000,pub_204
7d5b0045-e408-4536-af41-f1715a684996,33c7942d-55ce-48ca-9169-a374b1f497df,2026-01-11 14:17:07.000,pub_445
dafa990d-4755-4f68-ad2d-99c7351b64d3,80b7708a-f34b-4cd7-9b3d-0594a66337d5,2026-01-11 14:20:39.000,pub_204
dfa7cfd3-a211-4bbc-9e02-c1c0eac2c478,83f9bde8-6044-446e-b665-aee0bb0e656e,2026-01-11 14:25:26.000,pub_318
5d85d6d1-47fb-4c46-8304-4a012d6b00ba,749c9934-39ec-4687-9dbd-78378124d954,2026-01-11 14:38:52.000,pub_512
3bbc4d44-8841-4679-a915-050b3a4e9550,fdede5e3-9dba-4ca5-a36e-82895c4618f8,2026-01-11 14:43:54.000,pub_204
546f0139-ebf3-449d-a188-b780fe50ff0d,83f9bde8-6044-446e-b665-aee0bb0e656e,2026-01-11 14:47:48.000,pub_512
974efbe0-0510-446d-9250-33a5509a1eda,3f1ed2cc-0767-4665-8370-36e46f39a07e,2026-01-11 14:55:51.000,pub_101
e9c233b5-8c30-4b9e-a4ec-0bc7399fe9ac,80b7708a-f34b-4cd7-9b3d-0594a66337d5,2026-01-11 14:58:06.000,pub_204
fc25151a-fb25-4c54-bbe3-27cf4ce5608a,6ecad2b7-b646-4008-9939-e26a0ffdc290,2026-01-11 15:05:22.000,pub_318
4bf93bb3-4e12-44cb-b744-8400e88ceb5f,6b5edc02-f930-4de2-a691-c965ad171ac9,2026-01-11 15:07:28.000,pub_204
ed15d8d8-82d4-4929-9c2b-1d28f2538d4e,6b5edc02-f930-4de2-a691-c965ad171ac9,2026-01-11 15:18:11.000,pub_204
06e4ae4f-d212-427a-bc81-3a2244295834,749c9934-39ec-4687-9dbd-78378124d954,2026-01-11 15:28:45.000,pub_318
90c68d9d-851c-41da-b055-f3fa23a2a6d9,6ecad2b7-b646-4008-9939-e26a0ffdc290,2026-01-11 15:30:57.000,pub_512
e70eb2c9-89b0-4d7a-ab7c-94fadb60b8db,8a176764-6f34-497d-ba92-8314ab2d7719,2026-01-11 15:38:41.000,pub_318
c65fd54e-4b8d-49b9-a6a0-a91eecb7d9ad,83f9bde8-6044-446e-b665-aee0bb0e656e,2026-01-11 15:52:12.000,pub_318
8414da4c-a80e-469c-81c5-b978d75e5131,83f9bde8-6044-446e-b665-aee0bb0e656e,2026-01-11 16:09:43.000,pub_204
1e3fcf07-7e19-4f90-a6b2-65255b065841,8a176764-6f34-497d-ba92-8314ab2d7719,2026-01-11 16:25:50.000,pub_101
473f8f0b-7900-45cc-b7d6-c2febaa9f658,80b7708a-f34b-4cd7-9b3d-0594a66337d5,2026-01-11 16:33:45.000,pub_204
a63aa7a6-9135-4107-9a4b-d42240af4a12,80b7708a-f34b-4cd7-9b3d-0594a66337d5,2026-01-11 16:36:58.000,pub_204
926db8bb-cd03-4de7-8c0a-d56af24369f6,3f1ed2cc-0767-4665-8370-36e46f39a07e,2026-01-11 16:44:36.000,pub_445
6a61e8bd-dea6-46a0-8e24-00245264a8c7,80b7708a-f34b-4cd7-9b3d-0594a66337d5,2026-01-11 16:49:54.000,pub_445
764f73eb-ecd0-4dad-a2d3-f2175926b680,3f1ed2cc-0767-4665-8370-36e46f39a07e,2026-01-11 16:59:08.000,pub_101
791fb057-4838-4ba6-9233-0be531410dac,6ecad2b7-b646-4008-9939-e26a0ffdc290,2026-01-11 17:14:11.000,pub_512
e47b543f-dc41-4137-9539-7509f3f89f37,83f9bde8-6044-446e-b665-aee0bb0e656e,2026-01-11 17:14:50.000,pub_204
43f2da62-48df-4475-86dc-51b27844947c,3f1ed2cc-0767-4665-8370-36e46f39a07e,2026-01-11 17:21:41.000,pub_512
d01d888e-fd18-424e-b6b5-97c6e57cd4d7,83f9bde8-6044-446e-b665-aee0bb0e656e,2026-01-11 17:32:00.000,pub_445
d8cfb10c-5f30-4511-a252-62f049666eee,33c7942d-55ce-48ca-9169-a374b1f497df,2026-01-11 17:39:20.000,pub_204
ff6ab41a-3a7b-4b20-ae81-10906764dccd,6b5edc02-f930-4de2-a691-c965ad171ac9,2026-01-11 17:53:33.000,pub_204
a465ede4-bf2b-4e0a-a6ed-e78251738497,6b5edc02-f930-4de2-a691-c965ad171ac9,2026-01-11 18:05:46.000,pub_445
dc796209-5268-481d-8210-ccb481503977,83f9bde8-6044-446e-b665-aee0bb0e656e,2026-01-11 18:07:27.000,pub_512
b8c37796-7d5e-4e37-a340-6964597af9cd,6ecad2b7-b646-4008-9939-e26a0ffdc290,2026-01-11 18:08:39.000,pub_318
4c1277e0-7d9a-4e80-91bc-ecbf52f3ac86,393fc1c9-d322-4b8a-952e-5ad320900791,2026-01-11 18:17:32.000,pub_512
d7ff5381-e145-447e-a872-ab958885f6f4,6b5edc02-f930-4de2-a691-c965ad171ac9,2026-01-11 18:23:12.000,pub_318
f1cbbbbb-e11b-49bb-b98f-5267109d0ea9,393fc1c9-d322-4b8a-952e-5ad320900791,2026-01-11 18:25:00.000,pub_445
bd6bf4d3-d953-4a42-857d-da7f6a04e51c,6ecad2b7-b646-4008-9939-e26a0ffdc290,2026-01-11 18:28:56.000,pub_101
2e1c9846-fcd3-4485-a404-a3257062ef54,fdede5e3-9dba-4ca5-a36e-82895c4618f8,2026-01-11 18:41:34.000,pub_445
22fce4f4-02fa-46ad-b25b-a19a993eab06,fdede5e3-9dba-4ca5-a36e-82895c4618f8,2026-01-11 18:44:54.000,pub_445
ab537b5b-11b2-43dc-8368-5b9a69502fe2,fdede5e3-9dba-4ca5-a36e-82895c4618f8,2026-01-11 18:56:38.000,pub_318
87270566-be36-43e4-8f4c-fdb686decf6c,393fc1c9-d322-4b8a-952e-5ad320900791,2026-01-11 18:59:04.000,pub_204
14986ec5-562b-4943-bd2d-75dca6f02319,749c9934-39ec-4687-9dbd-78378124d954,2026-01-11 19:04:18.000,pub_512
daaaa6c9-ae95-4097-b305-aa647dbafd12,8a176764-6f34-497d-ba92-8314ab2d7719,2026-01-11 19:09:14.000,pub_204
5895d0f0-61db-4562-9406-0dac02e5f4b1,6ecad2b7-b646-4008-9939-e26a0ffdc290,2026-01-11 19:27:10.000,pub_101
be8fb69c-4c51-439b-b447-7ae5db70b249,83f9bde8-6044-446e-b665-aee0bb0e656e,2026-01-11 19:28:18.000,pub_512
8383176a-589d-4096-829b-85b5e55f0a36,393fc1c9-d322-4b8a-952e-5ad320900791,2026-01-11 19:43:06.000,pub_445
10f48252-fdac-4c06-880d-98d9f54b2570,6b5edc02-f930-4de2-a691-c965ad171ac9,2026-01-11 19:43:29.000,pub_101
320dbfb2-341e-4651-8c1d-2ce1bf7f9940,393fc1c9-d322-4b8a-952e-5ad320900791,2026-01-11 19:50:35.000,pub_204
673a79f0-c83d-4ad0-b595-d76d09144891,6ecad2b7-b646-4008-9939-e26a0ffdc290,2026-01-11 20:18:22.000,pub_318
bbbe7196-2d63-40a2-99be-b97b199489a1,6ecad2b7-b646-4008-9939-e26a0ffdc290,2026-01-11 20:26:49.000,pub_204
750be2ab-b27f-4b43-83ae-2182b0e6dedd,6b5edc02-f930-4de2-a691-c965ad171ac9,2026-01-11 20:27:20.000,pub_318
5f90b20e-407c-413e-8f93-b19bc8eb438f,83f9bde8-6044-446e-b665-aee0bb0e656e,2026-01-11 20:32:32.000,pub_204
2916bbb2-fa74-430a-b524-14772220cd6b,6b5edc02-f930-4de2-a691-c965ad171ac9,2026-01-11 20:44:21.000,pub_204
ef005215-df90-4d74-a87d-042a202b50f0,83f9bde8-6044-446e-b665-aee0bb0e656e,2026-01-11 21:05:25.000,pub_445
095b8b68-2b42-4c19-9bb9-09c5bf8ca753,3f1ed2cc-0767-4665-8370-36e46f39a07e,2026-01-11 21:12:11.000,pub_204
ef58804d-1b47-4bc7-b7bf-6b79d23f502c,fdede5e3-9dba-4ca5-a36e-82895c4618f8,2026-01-11 21:35:15.000,pub_101
41f7cd54-a67c-4503-b4eb-9ca7aad651f6,33c7942d-55ce-48ca-9169-a374b1f497df,2026-01-11 21:43:31.000,pub_204
737ffe20-5d2e-4c2b-b95c-3e41519db604,83f9bde8-6044-446e-b665-aee0bb0e656e,2026-01-11 21:55:19.000,pub_204
04ecd599-8bec-4c8a-bc22-ea1d0c71ad91,33c7942d-55ce-48ca-9169-a374b1f497df,2026-01-11 21:57:41.000,pub_512
d1c6031b-c0c1-4ebe-868b-0ae641554974,80b7708a-f34b-4cd7-9b3d-0594a66337d5,2026-01-11 22:15:34.000,pub_445
54384b29-fc03-4109-b977-4f6b9e14347a,fdede5e3-9dba-4ca5-a36e-82895c4618f8,2026-01-11 22:25:06.000,pub_204
df507083-eb5f-4838-afe0-69a62667e6c7,83f9bde8-6044-446e-b665-aee0bb0e656e,2026-01-11 22:25:46.000,pub_318
da03c842-df0e-430b-bb5b-b11f293d24e4,6b5edc02-f930-4de2-a691-c965ad171ac9,2026-01-11 22:39:12.000,pub_318
c9e9bea1-a51d-4789-87f2-d6627e214b3a,749c9934-39ec-4687-9dbd-78378124d954,2026-01-11 22:41:30.000,pub_318
3c02fcdc-6c2c-4039-a774-cd966d594405,393fc1c9-d322-4b8a-952e-5ad320900791,2026-01-11 22:44:58.000,pub_445
2737d4db-3916-40be-b542-695350b7b46c,33c7942d-55ce-48ca-9169-a374b1f497df,2026-01-11 22:49:22.000,pub_204
aa8649d1-2fff-4108-a3c0-7a0c561ac4ac,393fc1c9-d322-4b8a-952e-5ad320900791,2026-01-11 22:52:32.000,pub_445
53d3d85c-2d9a-43d5-923c-50f81770a32a,83f9bde8-6044-446e-b665-aee0bb0e656e,2026-01-11 22:55:35.000,pub_204
71a5e7fa-57e2-4643-92cf-2e6bcf52e328,3f1ed2cc-0767-4665-8370-36e46f39a07e,2026-01-11 22:56:40.000,pub_512
b1b00af8-e25e-477d-b97e-df3dabfed822,6ecad2b7-b646-4008-9939-e26a0ffdc290,2026-01-11 23:02:09.000,pub_318
86e521d8-2b09-4fb6-8cdf-57b67d98915f,8a176764-6f34-497d-ba92-8314ab2d7719,2026-01-11 23:09:41.000,pub_512
1eced2b0-9675-4fd8-b4e2-9338f70f0088,33c7942d-55ce-48ca-9169-a374b1f497df,2026-01-11 23:10:27.000,pub_445
84ba80b3-8964-4ae5-8fa3-a0e9742ba06b,3f1ed2cc-0767-4665-8370-36e46f39a07e,2026-01-11 23:31:53.000,pub_512
882297cc-dc60-4055-9741-753030889bf7,6b5edc02-f930-4de2-a691-c965ad171ac9,2026-01-11 23:34:09.000,pub_318
9f4e9507-9991-4c93-b536-a261a782f7fb,fdede5e3-9dba-4ca5-a36e-82895c4618f8,2026-01-11 23:39:52.000,pub_318
014d8ad1-ee67-4c9f-8ae2-0819a3aa9c6c,80b7708a-f34b-4cd7-9b3d-0594a66337d5,2026-01-11 23:42:24.000,pub_204
87b6a1d2-d707-481d-afa3-26571ad6484a,393fc1c9-d322-4b8a-952e-5ad320900791,2026-01-12 00:05:44.000,pub_445
29710862-b7fa-4fb3-91c9-48416afcbe73,3f1ed2cc-0767-4665-8370-36e46f39a07e,2026-01-12 00:06:47.000,pub_101
b09551f0-d912-4924-922c-5a3e92f639c5,393fc1c9-d322-4b8a-952e-5ad320900791,2026-01-12 00:37:15.000,pub_445
5ae689a7-e02c-4995-8faf-918089fbf905,83f9bde8-6044-446e-b665-aee0bb0e656e,2026-01-12 00:37:25.000,pub_101
eef2dda0-7414-4ba3-81f1-da61645b868f,33c7942d-55ce-48ca-9169-a374b1f497df,2026-01-12 00:56:08.000,pub_204
2977730e-b9f4-4d31-a445-195947cd2cab,33c7942d-55ce-48ca-9169-a374b1f497df,2026-01-12 01:02:26.000,pub_101
3f91b166-9687-4c2c-be35-b940b9bfda14,3f1ed2cc-0767-4665-8370-36e46f39a07e,2026-01-12 01:04:17.000,pub_512
d33fde62-160c-46e3-8dc5-e8c8dc2682b6,83f9bde8-6044-446e-b665-aee0bb0e656e,2026-01-12 01:07:11.000,pub_445
92d0c469-034f-41d5-a888-0c253b43bf4d,3f1ed2cc-0767-4665-8370-36e46f39a07e,2026-01-12 01:13:34.000,pub_318
315757bb-447e-449a-a346-b15c71c7bd27,33c7942d-55ce-48ca-9169-a374b1f497df,2026-01-12 01:20:17.000,pub_101
9e1fc081-a642-4e14-bb26-20ea29ed1e04,83f9bde8-6044-446e-b665-aee0bb0e656e,2026-01-12 01:27:19.000,pub_318
4b93df1b-4818-4a48-a6ea-6ac8fd3d7f21,83f9bde8-6044-446e-b665-aee0bb0e656e,2026-01-12 01:35:01.000,pub_101
433437f5-f664-445e-ac3a-c8dbc0475e11,6b5edc02-f930-4de2-a691-c965ad171ac9,2026-01-12 01:46:09.000,pub_512
ccfa8158-fba0-4d1e-a541-c51fcf1e6112,393fc1c9-d322-4b8a-952e-5ad320900791,2026-01-12 02:07:35.000,pub_204
0f5d396d-9a20-432c-b618-25e94bd398ae,393fc1c9-d322-4b8a-952e-5ad320900791,2026-01-12 02:18:54.000,pub_101
3c6a929d-f0b9-4761-b12a-971c49a36245,fdede5e3-9dba-4ca5-a36e-82895c4618f8,2026-01-12 02:23:26.000,pub_101
b229ab04-0712-49a9-be03-3305dfd2c06e,33c7942d-55ce-48ca-9169-a374b1f497df,2026-01-12 02:28:56.000,pub_318
93e8d83d-c699-4f36-ab15-4b1e5afa5494,83f9bde8-6044-446e-b665-aee0bb0e656e,2026-01-12 02:31:46.000,pub_318
131cf272-40df-4e00-9596-caa88c195750,fdede5e3-9dba-4ca5-a36e-82895c4618f8,2026-01-12 02:42:58.000,pub_512
5f679515-6484-4bcb-8cbe-95a1202b166a,3f1ed2cc-0767-4665-8370-36e46f39a07e,2026-01-12 02:43:08.000,pub_512
daa29767-9461-4072-85eb-8c2393d566ce,393fc1c9-d322-4b8a-952e-5ad320900791,2026-01-12 02:51:37.000,pub_101
b72bcdfe-86e3-4532-9657-9be28616bcd6,6ecad2b7-b646-4008-9939-e26a0ffdc290,2026-01-12 02:54:27.000,pub_445
50a433e5-ccfc-48db-adeb-1b8858979c98,393fc1c9-d322-4b8a-952e-5ad320900791,2026-01-12 03:21:19.000,pub_512
1a67bec7-2393-4a74-aa5b-9e25247287ef,80b7708a-f34b-4cd7-9b3d-0594a66337d5,2026-01-12 03:22:15.000,pub_445
2c770b41-c2f4-4f0e-8c23-62377bf723ea,6b5edc02-f930-4de2-a691-c965ad171ac9,2026-01-12 03:23:37.000,pub_512
341a4d20-b99c-40a9-835b-366e419ee136,80b7708a-f34b-4cd7-9b3d-0594a66337d5,2026-01-12 03:34:40.000,pub_204
782bc02c-3656-4736-8181-2b136d8217fe,749c9934-39ec-4687-9dbd-78378124d954,2026-01-12 04:05:25.000,pub_204
476eb9eb-fb6c-45cd-b12a-3855e0183f12,83f9bde8-6044-446e-b665-aee0bb0e656e,2026-01-12 04:05:54.000,pub_512
46106ea6-a14d-48d1-ad76-9aaa3d3c7b69,6b5edc02-f930-4de2-a691-c965ad171ac9,2026-01-12 04:32:18.000,pub_204
e0e780a2-d5be-4c9c-9463-8ebe9d39b8ba,8a176764-6f34-497d-ba92-8314ab2d7719,2026-01-12 04:55:36.000,pub_204
4140b038-fee9-4175-91cc-1cf6fecac0b5,749c9934-39ec-4687-9dbd-78378124d954,2026-01-12 05:00:25.000,pub_445
2f8e45a8-8407-41cd-ac16-75e862b47d71,33c7942d-55ce-48ca-9169-a374b1f497df,2026-01-12 05:19:16.000,pub_445
bf702cab-2450-434a-a84f-6db2720562e1,6ecad2b7-b646-4008-9939-e26a0ffdc290,2026-01-12 05:26:20.000,pub_445
7deb5ff0-3372-44fc-aefe-157712332934,8a176764-6f34-497d-ba92-8314ab2d7719,2026-01-12 06:00:29.000,pub_101
7f62e6f5-6ab9-44b9-8ac6-455b83c7d7c0,fdede5e3-9dba-4ca5-a36e-82895c4618f8,2026-01-12 06:05:05.000,pub_101
ff8f5874-889c-49cb-82ee-973faf16b26e,393fc1c9-d322-4b8a-952e-5ad320900791,2026-01-12 06:06:09.000,pub_204
c11b24f9-2796-4813-8ec7-0773eceb4ed5,8a176764-6f34-497d-ba92-8314ab2d7719,2026-01-12 06:07:52.000,pub_445
2621e5a1-0ff3-43b0-b4f3-50b8c8abda76,33c7942d-55ce-48ca-9169-a374b1f497df,2026-01-12 06:10:31.000,pub_318
64de8ed8-3022-465e-8ce2-38809db6ac26,8a176764-6f34-497d-ba92-8314ab2d7719,2026-01-12 06:30:38.000,pub_445
7bdabb28-471d-42b3-968e-6e9a9d7e30d5,393fc1c9-d322-4b8a-952e-5ad320900791,2026-01-12 07:00:19.000,pub_101
8200bd61-38d0-4cf3-876c-fe2fb960768e,8a176764-6f34-497d-ba92-8314ab2d7719,2026-01-12 07:05:08.000,pub_318
d4684e3e-68ae-4b4d-8527-9666e91136e0,3f1ed2cc-0767-4665-8370-36e46f39a07e,2026-01-12 07:08:25.000,pub_318
e27684b8-4943-41c5-a4f5-566564b09a1d,3f1ed2cc-0767-4665-8370-36e46f39a07e,2026-01-12 07:11:15.000,pub_204
ade03430-8fe2-407d-a565-7948b9fa3827,393fc1c9-d322-4b8a-952e-5ad320900791,2026-01-12 07:14:38.000,pub_101
5afc4743-e434-4660-a431-43eef579cc5a,393fc1c9-d322-4b8a-952e-5ad320900791,2026-01-12 07:27:43.000,pub_512
10e1fa06-b633-4e66-9cc6-da3f3683327b,6b5edc02-f930-4de2-a691-c965ad171ac9,2026-01-12 07:27:47.000,pub_318
db64e91f-5da8-4e31-85fb-f7d2bffa2289,6b5edc02-f930-4de2-a691-c965ad171ac9,2026-01-12 07:30:38.000,pub_318
cf568876-96e5-4745-8197-ab2d96e1a810,80b7708a-f34b-4cd7-9b3d-0594a66337d5,2026-01-12 07:33:10.000,pub_204
269697d0-7a45-4844-bb41-e814809c8b47,749c9934-39ec-4687-9dbd-78378124d954,2026-01-12 07:58:31.000,pub_318
1c920a34-bffa-481c-8fa2-315fe8030e84,393fc1c9-d322-4b8a-952e-5ad320900791,2026-01-12 08:02:06.000,pub_204
6904ba1e-7255-4185-9fba-1540600caa6c,3f1ed2cc-0767-4665-8370-36e46f39a07e,2026-01-12 08:26:27.000,pub_318
6ba7aa79-dd30-4d9d-9527-4e791ca097fb,8a176764-6f34-497d-ba92-8314ab2d7719,2026-01-12 08:37:59.000,pub_512
01839844-09cd-4d4b-a973-3512c4a50ab5,3f1ed2cc-0767-4665-8370-36e46f39a07e,2026-01-12 09:26:29.000,pub_318
83ecb9bf-9d36-4c28-99d2-004fc01c1989,8a176764-6f34-497d-ba92-8314ab2d7719,2026-01-12 09:28:01.000,pub_445
c80366b5-50d9-4194-8a0b-c3cd074614f8,3f1ed2cc-0767-4665-8370-36e46f39a07e,2026-01-12 09:32:19.000,pub_445
e275ec4f-5832-4481-ab29-318839a17c67,fdede5e3-9dba-4ca5-a36e-82895c4618f8,2026-01-12 09:33:42.000,pub_512
e4115e7a-796c-4145-9a8b-f5487fb17f50,6b5edc02-f930-4de2-a691-c965ad171ac9,2026-01-12 09:35:00.000,pub_445
a13b781b-1ab7-4369-addb-9f0904389476,fdede5e3-9dba-4ca5-a36e-82895c4618f8,2026-01-12 09:36:02.000,pub_445
edd5a552-9f0d-4eb3-b032-bf50399499cb,6ecad2b7-b646-4008-9939-e26a0ffdc290,2026-01-12 09:48:38.000,pub_101
16aabf08-6fc8-4ba7-ba87-6bcb57fa27f9,393fc1c9-d322-4b8a-952e-5ad320900791,2026-01-12 09:55:02.000,pub_445
0b185c40-a194-47d7-b599-538059cfa3eb,80b7708a-f34b-4cd7-9b3d-0594a66337d5,2026-01-12 09:55:28.000,pub_318
87a6a823-8502-4f5d-a454-f582289f3154,80b7708a-f34b-4cd7-9b3d-0594a66337d5,2026-01-12 09:56:26.000,pub_318
74dbe527-bace-4b29-b79d-ebf262faca42,6ecad2b7-b646-4008-9939-e26a0ffdc290,2026-01-12 09:58:42.000,pub_318
00316186-318d-4aa8-a459-b956dd9b5403,80b7708a-f34b-4cd7-9b3d-0594a66337d5,2026-01-12 10:24:07.000,pub_445
8ed5da65-3bf0-4cad-8d2b-df8c218bfa9b,393fc1c9-d322-4b8a-952e-5ad320900791,2026-01-12 10:30:50.000,pub_445
e4b9b591-0f8f-464d-95a4-dc7762825b9a,3f1ed2cc-0767-4665-8370-36e46f39a07e,2026-01-12 10:32:34.000,pub_445
8e9fb2d1-10b9-4673-a05a-637565bde764,749c9934-39ec-4687-9dbd-78378124d954,2026-01-12 10:42:04.000,pub_445
ba2d55e1-f87c-4903-b87c-1332bcffea72,fdede5e3-9dba-4ca5-a36e-82895c4618f8,2026-01-12 10:57:16.000,pub_318
128d237a-c3a1-4481-ae77-be21043838b0,749c9934-39ec-4687-9dbd-78378124d954,2026-01-12 11:04:23.000,pub_512
9cbfc694-73c4-4f77-b7e8-fb72ba1ceb0b,8a176764-6f34-497d-ba92-8314ab2d7719,2026-01-12 11:05:28.000,pub_318
ef235f77-2dd5-4211-8945-0c0507365b47,3f1ed2cc-0767-4665-8370-36e46f39a07e,2026-01-12 11:06:40.000,pub_445
15d2e536-073e-4416-b912-cf73680c0f44,33c7942d-55ce-48ca-9169-a374b1f497df,2026-01-12 11:11:17.000,pub_445
ef89bc0b-7a19-40ba-af40-b92d2927cc74,33c7942d-55ce-48ca-9169-a374b1f497df,2026-01-12 11:11:54.000,pub_512
ccd03c7a-ab22-4672-929c-9c0a822652fb,83f9bde8-6044-446e-b665-aee0bb0e656e,2026-01-12 11:24:17.000,pub_445
41a6dd6f-6012-41cc-88f8-c165c35712d2,80b7708a-f34b-4cd7-9b3d-0594a66337d5,2026-01-12 11:27:05.000,pub_512
a450fab0-c559-499e-b9dc-158b413eb9f1,6b5edc02-f930-4de2-a691-c965ad171ac9,2026-01-12 11:40:44.000,pub_101
ef1660c0-18d5-4998-ac97-a1cb863ef827,6ecad2b7-b646-4008-9939-e26a0ffdc290,2026-01-12 11:49:08.000,pub_204
27f6d676-4a5b-4fc4-b1fe-8690895d27df,fdede5e3-9dba-4ca5-a36e-82895c4618f8,2026-01-12 12:06:00.000,pub_204
b1076840-3efe-4199-a598-af5b0b8cc000,3f1ed2cc-0767-4665-8370-36e46f39a07e,2026-01-12 12:08:45.000,pub_204
aabf8345-7dcf-4a57-b69f-81e920c403a0,393fc1c9-d322-4b8a-952e-5ad320900791,2026-01-12 12:14:30.000,pub_101
6d7a6f83-6cf1-4647-8859-e0896a5352e9,fdede5e3-9dba-4ca5-a36e-82895c4618f8,2026-01-12 12:15:46.000,pub_445
c0aff36d-8d2f-4458-b780-1a873016dd55,393fc1c9-d322-4b8a-952e-5ad320900791,2026-01-12 12:34:34.000,pub_512
969303e6-aaf6-4298-9c28-a1f571d56dfd,33c7942d-55ce-48ca-9169-a374b1f497df,2026-01-12 12:52:15.000,pub_318
0eabe263-4fba-4579-a4df-55c2addcbd3a,83f9bde8-6044-446e-b665-aee0bb0e656e,2026-01-12 13:29:07.000,pub_445
49d62866-33d7-44a7-a10e-3076d070c704,8a176764-6f34-497d-ba92-8314ab2d7719,2026-01-12 13:33:16.000,pub_204
07441000-c599-4a2d-bc1d-aef355be7708,749c9934-39ec-4687-9dbd-78378124d954,2026-01-12 13:35:02.000,pub_318
8ccc511e-6c9a-4174-af7c-87d72581cb16,8a176764-6f34-497d-ba92-8314ab2d7719,2026-01-12 13:42:30.000,pub_318
6b8fb7c2-c7e0-44dd-9722-39eb1af12044,749c9934-39ec-4687-9dbd-78378124d954,2026-01-12 13:55:10.000,pub_204
08281858-e1f8-4e06-8b22-6be1c70722ed,33c7942d-55ce-48ca-9169-a374b1f497df,2026-01-12 14:00:42.000,pub_204
655136c4-fe5e-44e9-8dc3-de502b43f92b,749c9934-39ec-4687-9dbd-78378124d954,2026-01-12 14:01:38.000,pub_512
fea658ec-200c-4386-a7cd-ed7f6b6a8366,393fc1c9-d322-4b8a-952e-5ad320900791,2026-01-12 14:51:09.000,pub_445
37c8664c-9a53-44b4-981b-6070eb6822fa,749c9934-39ec-4687-9dbd-78378124d954,2026-01-12 14:56:18.000,pub_512
c81ff26d-8053-4880-9541-6dd478bf9970,33c7942d-55ce-48ca-9169-a374b1f497df,2026-01-12 14:58:55.000,pub_101
37022c07-a625-4bea-b039-3ed44d281181,393fc1c9-d322-4b8a-952e-5ad320900791,2026-01-12 15:05:51.000,pub_101
ff8c3473-faa9-46f8-8f0c-c5ceffc06d2f,749c9934-39ec-4687-9dbd-78378124d954,2026-01-12 15:09:02.000,pub_318
f5512dbc-03c1-43da-b1ec-431cf01d87e4,393fc1c9-d322-4b8a-952e-5ad320900791,2026-01-12 15:15:54.000,pub_204
33b6e157-037a-4402-99eb-d91f455e45d4,6ecad2b7-b646-4008-9939-e26a0ffdc290,2026-01-12 15:17:46.000,pub_204
f10d19e8-63a5-41ae-a934-b6a85d214085,6ecad2b7-b646-4008-9939-e26a0ffdc290,2026-01-12 15:38:51.000,pub_512
18973ae8-f842-49e3-915d-8a40c9d72342,fdede5e3-9dba-4ca5-a36e-82895c4618f8,2026-01-12 15:39:47.000,pub_101
5f930de7-5c4b-43fd-81fa-bd88f1bf5cce,6ecad2b7-b646-4008-9939-e26a0ffdc290,2026-01-12 15:42:49.000,pub_445
a7a066ec-3aef-44a0-a2bf-1eaab75144de,83f9bde8-6044-446e-b665-aee0bb0e656e,2026-01-12 15:58:19.000,pub_101
de54df6a-0392-41aa-957d-7fb2538ba7b5,80b7708a-f34b-4cd7-9b3d-0594a66337d5,2026-01-12 16:02:26.000,pub_512
f2967384-2628-44aa-9359-9ad30f41a825,393fc1c9-d322-4b8a-952e-5ad320900791,2026-01-12 16:04:17.000,pub_318
428df5b9-ccfc-4def-86ec-e78e58f86012,3f1ed2cc-0767-4665-8370-36e46f39a07e,2026-01-12 16:10:13.000,pub_512
1910b066-d5e4-4ec6-b728-80f3773a5e06,83f9bde8-6044-446e-b665-aee0bb0e656e,2026-01-12 16:13:48.000,pub_512
690b9045-c035-4be9-81a1-524b9beed34b,fdede5e3-9dba-4ca5-a36e-82895c4618f8,2026-01-12 16:16:32.000,pub_101
7785d25e-4f5a-4e9c-ae4f-29b223263583,393fc1c9-d322-4b8a-952e-5ad320900791,2026-01-12 16:23:47.000,pub_204
7b59803a-ad30-4473-b040-7e6786a03100,749c9934-39ec-4687-9dbd-78378124d954,2026-01-12 16:31:05.000,pub_512
1a638b9d-69f5-40c1-8ce6-9bef6e047c12,fdede5e3-9dba-4ca5-a36e-82895c4618f8,2026-01-12 16:31:14.000,pub_512
608f53de-41bc-47a0-8aed-ec3f15657421,8a176764-6f34-497d-ba92-8314ab2d7719,2026-01-12 16:44:53.000,pub_204
d21101e0-1c69-4472-892b-03d16ee1cf1e,6ecad2b7-b646-4008-9939-e26a0ffdc290,2026-01-12 16:44:56.000,pub_204
11507d1c-fa2b-4f5f-8216-8af28413d904,fdede5e3-9dba-4ca5-a36e-82895c4618f8,2026-01-12 17:12:00.000,pub_445
7adbca6f-2d99-4e1d-9df3-04f1315029ed,83f9bde8-6044-446e-b665-aee0bb0e656e,2026-01-12 17:17:31.000,pub_318
fdd2b2b7-169c-4989-b1f8-074cba6cf6ce,749c9934-39ec-4687-9dbd-78378124d954,2026-01-12 17:38:42.000,pub_445
e779e7e0-c41a-428c-8798-d450efae3c8d,fdede5e3-9dba-4ca5-a36e-82895c4618f8,2026-01-12 17:39:40.000,pub_445
944495c6-3c7a-420d-b6f0-dabd960f53c9,33c7942d-55ce-48ca-9169-a374b1f497df,2026-01-12 17:45:22.000,pub_445
ff6b314c-556a-4bab-b2ff-64f3f6c363af,393fc1c9-d322-4b8a-952e-5ad320900791,2026-01-12 17:52:41.000,pub_318
3b471c75-17bc-4f7f-9d47-cc4087169022,83f9bde8-6044-446e-b665-aee0bb0e656e,2026-01-12 18:17:33.000,pub_445
05da25bd-af3d-4445-a167-c692a007eb15,6b5edc02-f930-4de2-a691-c965ad171ac9,2026-01-12 18:21:41.000,pub_445
2bc0cabd-ff4f-488f-a1e7-f63bf09a1ef4,3f1ed2cc-0767-4665-8370-36e46f39a07e,2026-01-12 18:26:41.000,pub_318
10840ed5-a466-46c2-ad44-25deaf909ac1,6b5edc02-f930-4de2-a691-c965ad171ac9,2026-01-12 18:29:02.000,pub_101
89bd2fe6-3ad5-466e-876c-71686cd4a834,3f1ed2cc-0767-4665-8370-36e46f39a07e,2026-01-12 18:37:51.000,pub_445
99b9e9d4-9882-45c5-b356-c361ec5cfd46,8a176764-6f34-497d-ba92-8314ab2d7719,2026-01-12 18:48:53.000,pub_101
0b33764a-af94-46d5-9369-d3b950a81ac3,fdede5e3-9dba-4ca5-a36e-82895c4618f8,2026-01-12 19:16:33.000,pub_204
a20fae02-a265-4b67-8cfb-2f80fe8a4474,83f9bde8-6044-446e-b665-aee0bb0e656e,2026-01-12 19:23:08.000,pub_204
f1549f25-c074-4bb6-b2e9-e41fe796b843,6b5edc02-f930-4de2-a691-c965ad171ac9,2026-01-12 19:31:49.000,pub_204
89665906-8341-4318-bc64-1d6c08b03970,749c9934-39ec-4687-9dbd-78378124d954,2026-01-12 19:46:41.000,pub_204
705cf1d7-5a36-48bb-9d45-68cf48364a8b,8a176764-6f34-497d-ba92-8314ab2d7719,2026-01-12 19:51:59.000,pub_512
1f72e636-4e12-4d02-9a61-e23b20df590f,749c9934-39ec-4687-9dbd-78378124d954,2026-01-12 19:54:11.000,pub_445
7bd7a01d-275e-4f42-9c1f-7275c8b910b1,3f1ed2cc-0767-4665-8370-36e46f39a07e,2026-01-12 19:55:14.000,pub_512
711b9c8e-8ad0-489b-b2a2-50e2131463dd,6ecad2b7-b646-4008-9939-e26a0ffdc290,2026-01-12 20:03:28.000,pub_101
9c95511e-688a-4e55-8e23-6a5a0f3c4b00,6ecad2b7-b646-4008-9939-e26a0ffdc290,2026-01-12 20:10:45.000,pub_512
ff714174-7529-43be-a150-d3f3deac4483,6b5edc02-f930-4de2-a691-c965ad171ac9,2026-01-12 20:12:41.000,pub_512
91382b43-918e-4167-b7bd-0d7cc60c59cb,3f1ed2cc-0767-4665-8370-36e46f39a07e,2026-01-12 20:33:55.000,pub_318
d6ddd527-bf28-4967-89a9-e3c6a7c1d6a6,393fc1c9-d322-4b8a-952e-5ad320900791,2026-01-12 20:50:22.000,pub_101
52ba014c-adcd-4e8a-8dfa-a611171091aa,393fc1c9-d322-4b8a-952e-5ad320900791,2026-01-12 20:55:23.000,pub_101
658693d8-841f-495a-9995-04abf7412317,6b5edc02-f930-4de2-a691-c965ad171ac9,2026-01-12 21:05:13.000,pub_318
b4f78ab4-00f1-4114-b27d-86e5b3eb7c97,393fc1c9-d322-4b8a-952e-5ad320900791,2026-01-12 21:08:09.000,pub_101
f5157039-a5f0-4489-877a-e95fdd186fdb,83f9bde8-6044-446e-b665-aee0bb0e656e,2026-01-12 21:13:31.000,pub_204
68ad5e27-6684-48fd-bbf8-d46bc88c0ff1,6b5edc02-f930-4de2-a691-c965ad171ac9,2026-01-12 21:21:29.000,pub_445
5e1dc3c9-6613-4e20-89b6-ba827708a8b7,6ecad2b7-b646-4008-9939-e26a0ffdc290,2026-01-12 21:32:49.000,pub_204
976f88e2-a5a6-4578-8c4e-1f8bf251f436,fdede5e3-9dba-4ca5-a36e-82895c4618f8,2026-01-12 21:42:54.000,pub_445
5d0e0e82-00f3-45b0-b265-511db4d0ccde,3f1ed2cc-0767-4665-8370-36e46f39a07e,2026-01-12 21:47:28.000,pub_204
ed0af175-a778-47ca-8351-bd784e091f05,749c9934-39ec-4687-9dbd-78378124d954,2026-01-12 21:48:58.000,pub_101
83494a40-aa2c-4930-b394-bc760469be9c,fdede5e3-9dba-4ca5-a36e-82895c4618f8,2026-01-12 21:53:58.000,pub_101
535a7d91-ed7b-4b45-827f-77c6a8c83956,749c9934-39ec-4687-9dbd-78378124d954,2026-01-12 22:01:21.000,pub_101
4f3765a3-9af9-4d47-83dc-68b67a335eac,749c9934-39ec-4687-9dbd-78378124d954,2026-01-12 22:11:02.000,pub_445
76451382-b6f7-4ce8-ab41-4f51ab544645,393fc1c9-d322-4b8a-952e-5ad320900791,2026-01-12 22:17:11.000,pub_512
6a4a4551-fe4c-4ee2-aad5-eb5e49bdf159,6ecad2b7-b646-4008-9939-e26a0ffdc290,2026-01-12 22:30:13.000,pub_445
c71393d0-314f-4e94-b2ae-f18db88b946e,80b7708a-f34b-4cd7-9b3d-0594a66337d5,2026-01-12 22:44:19.000,pub_204
ea64361c-8eb4-42e9-9a63-b9cbe9735d8c,fdede5e3-9dba-4ca5-a36e-82895c4618f8,2026-01-12 22:47:39.000,pub_445
fc1bb3d9-fd10-4fa7-ac51-7ff9f71872df,83f9bde8-6044-446e-b665-aee0bb0e656e,2026-01-12 22:53:49.000,pub_204
ff4a88b5-91af-4ada-8a46-ddd1a6ae10f6,33c7942d-55ce-48ca-9169-a374b1f497df,2026-01-12 23:08:05.000,pub_101
18d4c0b1-1c9a-405c-9f22-43ce8dba1e13,33c7942d-55ce-48ca-9169-a374b1f497df,2026-01-12 23:17:53.000,pub_445
a5cb2806-1ec5-4ffd-a92b-de2622b6e92a,80b7708a-f34b-4cd7-9b3d-0594a66337d5,2026-01-12 23:44:21.000,pub_318
d77c37d3-c03c-4c4c-b207-b2fd67af9511,33c7942d-55ce-48ca-9169-a374b1f497df,2026-01-12 23:57:17.000,pub_101
275f3e99-2007-4799-b6ae-b7e43e729429,393fc1c9-d322-4b8a-952e-5ad320900791,2026-01-13 00:06:21.000,pub_204
ead38cb3-f63f-4a14-ac9c-e0e697bef157,33c7942d-55ce-48ca-9169-a374b1f497df,2026-01-13 00:11:19.000,pub_445
fd3497ca-6329-4d46-8d4c-8b503ed5916f,393fc1c9-d322-4b8a-952e-5ad320900791,2026-01-13 00:13:57.000,pub_512
f0bbac47-3086-4f43-8a95-bb43af141bd2,6b5edc02-f930-4de2-a691-c965ad171ac9,2026-01-13 00:19:05.000,pub_512
081436b2-471c-48c7-86e3-66514c456f73,3f1ed2cc-0767-4665-8370-36e46f39a07e,2026-01-13 00:21:20.000,pub_101
318c042a-cbed-4d12-8012-b2cae0feb6f8,6b5edc02-f930-4de2-a691-c965ad171ac9,2026-01-13 00:29:28.000,pub_204
7ce9657f-16eb-4c3d-996f-19e8e7f352d6,80b7708a-f34b-4cd7-9b3d-0594a66337d5,2026-01-13 00:38:47.000,pub_512
8449d6b0-14b3-463a-acb3-dbd7d4cd3cac,6b5edc02-f930-4de2-a691-c965ad171ac9,2026-01-13 00:44:40.000,pub_318
5f31c1b7-2a5b-4087-bc2e-4b9d0666a977,fdede5e3-9dba-4ca5-a36e-82895c4618f8,2026-01-13 00:46:27.000,pub_204
ed1bc99a-77a9-4581-95d2-fcb4ed8df355,fdede5e3-9dba-4ca5-a36e-82895c4618f8,2026-01-13 01:11:45.000,pub_318
77c117bc-181e-47a8-a436-8edc375bc45a,fdede5e3-9dba-4ca5-a36e-82895c4618f8,2026-01-13 01:12:36.000,pub_318
3fb665ea-837a-4947-afb6-999278e674bb,3f1ed2cc-0767-4665-8370-36e46f39a07e,2026-01-13 01:13:08.000,pub_318
7b3ca450-d908-4856-8197-56b8bc5a8ad5,749c9934-39ec-4687-9dbd-78378124d954,2026-01-13 01:14:51.000,pub_445
aa46a810-0a0a-48ae-a232-2be6135491da,393fc1c9-d322-4b8a-952e-5ad320900791,2026-01-13 01:20:05.000,pub_204
dfcf2145-d864-4cfb-a2e5-6b0a9ceed38f,33c7942d-55ce-48ca-9169-a374b1f497df,2026-01-13 01:34:02.000,pub_318
f8f30e1e-44f8-4fb4-9eb4-55932d28c0d9,6b5edc02-f930-4de2-a691-c965ad171ac9,2026-01-13 01:36:31.000,pub_318
091784ba-e8b2-4aeb-a821-3e3ee468170b,83f9bde8-6044-446e-b665-aee0bb0e656e,2026-01-13 01:45:39.000,pub_101
3bcacf3a-0cda-451b-935b-e9c686f1b21f,749c9934-39ec-4687-9dbd-78378124d954,2026-01-13 01:47:22.000,pub_445
5eda5a28-de8c-4b82-ac32-9b7bf260c117,393fc1c9-d322-4b8a-952e-5ad320900791,2026-01-13 02:02:27.000,pub_101
66bdcfcb-98f0-44a4-be7b-bdb7bc3cc5c2,83f9bde8-6044-446e-b665-aee0bb0e656e,2026-01-13 02:20:13.000,pub_101
4a3aaf31-2a4a-4b3a-9836-fae022790e97,8a176764-6f34-497d-ba92-8314ab2d7719,2026-01-13 03:05:30.000,pub_318
a13e91d0-8a4f-499d-b17c-2a4bc80c3b58,3f1ed2cc-0767-4665-8370-36e46f39a07e,2026-01-13 03:06:15.000,pub_204
f1d50b30-dee0-486b-afb8-d0c8274ed9af,393fc1c9-d322-4b8a-952e-5ad320900791,2026-01-13 03:10:50.000,pub_101
becb1daf-8fa3-4ab0-a51a-17a15ed3ba7e,fdede5e3-9dba-4ca5-a36e-82895c4618f8,2026-01-13 03:11:33.000,pub_512
db5a2f0e-1db3-411a-a188-8b68b0154320,3f1ed2cc-0767-4665-8370-36e46f39a07e,2026-01-13 03:12:07.000,pub_204
86b1a794-5608-41ee-80af-1f7141787c9a,3f1ed2cc-0767-4665-8370-36e46f39a07e,2026-01-13 03:14:06.000,pub_101
9d9f10b9-44c3-4786-b585-5b66a5171695,fdede5e3-9dba-4ca5-a36e-82895c4618f8,2026-01-13 03:15:09.000,pub_204
f1e6e0d3-f1e8-4b5b-a6dc-c2d8954dfdaf,6b5edc02-f930-4de2-a691-c965ad171ac9,2026-01-13 03:21:49.000,pub_445
89e97d54-9fdb-439a-aab4-3a5ffb7d4853,6b5edc02-f930-4de2-a691-c965ad171ac9,2026-01-13 03:22:46.000,pub_204
9f3ec820-b023-4e1f-8d54-fc0385a16a22,80b7708a-f34b-4cd7-9b3d-0594a66337d5,2026-01-13 03:23:07.000,pub_445
e73e5701-0465-424d-841d-19a576f34ec6,6ecad2b7-b646-4008-9939-e26a0ffdc290,2026-01-13 03:25:41.000,pub_204
3217c9f7-13d7-4cbf-afa1-287614342e75,3f1ed2cc-0767-4665-8370-36e46f39a07e,2026-01-13 03:26:09.000,pub_445
5d34260a-3ef0-48b2-8882-48217166d7ab,fdede5e3-9dba-4ca5-a36e-82895c4618f8,2026-01-13 03:30:10.000,pub_512
d3aeabed-b702-4dcc-9206-c592fab2f71d,83f9bde8-6044-446e-b665-aee0bb0e656e,2026-01-13 03:35:33.000,pub_101
c1d5c5bc-6cb7-4b30-aaad-eff78ab6ff5a,3f1ed2cc-0767-4665-8370-36e46f39a07e,2026-01-13 03:41:59.000,pub_101
cdfb3f29-909e-4172-96d7-3acd260bba73,3f1ed2cc-0767-4665-8370-36e46f39a07e,2026-01-13 04:00:04.000,pub_204
a337e695-a16a-48c7-91f7-216a4698b53a,83f9bde8-6044-446e-b665-aee0bb0e656e,2026-01-13 04:01:59.000,pub_204
911cd16e-93aa-4bfd-88a6-5770d1a60acd,fdede5e3-9dba-4ca5-a36e-82895c4618f8,2026-01-13 04:04:29.000,pub_445
05c9bc51-2a52-4f63-b0ec-d089ba30c6a9,749c9934-39ec-4687-9dbd-78378124d954,2026-01-13 04:12:20.000,pub_204
4b14a5fc-0fea-43b3-b5ff-2049ea72d1d5,393fc1c9-d322-4b8a-952e-5ad320900791,2026-01-13 04:50:01.000,pub_204
f654c54f-f3f2-4b3c-8428-3a1be73dfd7e,6b5edc02-f930-4de2-a691-c965ad171ac9,2026-01-13 05:11:24.000,pub_101
0f99e41c-4457-4829-af60-f14e227a8629,393fc1c9-d322-4b8a-952e-5ad320900791,2026-01-13 05:12:52.000,pub_318
47c38671-8cb0-472c-bc88-d2e24ec5fece,33c7942d-55ce-48ca-9169-a374b1f497df,2026-01-13 05:28:48.000,pub_204
c39360b6-d615-4a8d-a65f-f2fa54f30f45,33c7942d-55ce-48ca-9169-a374b1f497df,2026-01-13 05:35:46.000,pub_512
cfddab4e-d294-4e23-8dae-d72d0c376d26,3f1ed2cc-0767-4665-8370-36e46f39a07e,2026-01-13 05:36:55.000,pub_101
4207fa98-1e43-4bae-bcd6-2bbadde42d31,393fc1c9-d322-4b8a-952e-5ad320900791,2026-01-13 05:48:47.000,pub_445
84277066-11de-4f11-8980-08ec4a36259c,393fc1c9-d322-4b8a-952e-5ad320900791,2026-01-13 06:09:31.000,pub_445
4f0a74c8-925b-4e14-aa25-369f0b8baa81,6b5edc02-f930-4de2-a691-c965ad171ac9,2026-01-13 06:10:40.000,pub_445
c6ca1e6a-a99a-4c2c-840f-82e5ecfae66b,83f9bde8-6044-446e-b665-aee0bb0e656e,2026-01-13 06:12:48.000,pub_512
eb8dd78a-91a6-43c5-b399-0a62adeaa21a,fdede5e3-9dba-4ca5-a36e-82895c4618f8,2026-01-13 06:13:31.000,pub_101
fdf1d23a-e4c7-42a3-bfbb-a4f279e68703,6b5edc02-f930-4de2-a691-c965ad171ac9,2026-01-13 06:16:15.000,pub_318
ba8bedd6-f663-41fa-a55e-9d5a4ab7ca69,6b5edc02-f930-4de2-a691-c965ad171ac9,2026-01-13 06:23:43.000,pub_204
d9a1ecde-b3cd-45e9-84eb-f8af4103fa50,83f9bde8-6044-446e-b665-aee0bb0e656e,2026-01-13 06:27:41.000,pub_445
ae3d4332-8457-4eaf-9b7f-023be0e664c2,80b7708a-f34b-4cd7-9b3d-0594a66337d5,2026-01-13 06:36:58.000,pub_318
e73ec4cd-70ac-43bb-90eb-950fa23d5b89,8a176764-6f34-497d-ba92-8314ab2d7719,2026-01-13 06:40:23.000,pub_445
00151dd6-32b7-479e-9663-198a1f7013e8,83f9bde8-6044-446e-b665-aee0bb0e656e,2026-01-13 06:50:25.000,pub_512
92566f37-98ce-483b-a1c3-42577cf1619f,3f1ed2cc-0767-4665-8370-36e46f39a07e,2026-01-13 06:59:59.000,pub_204
6f13f3a9-e457-427a-a1a7-23bc1b42bea5,3f1ed2cc-0767-4665-8370-36e46f39a07e,2026-01-13 07:12:34.000,pub_318
f2509a41-40f2-4b33-bb1a-c9a9321b3a4c,8a176764-6f34-497d-ba92-8314ab2d7719,2026-01-13 07:15:43.000,pub_512
49aaee9d-bf1b-4a8c-a84e-f902c6c3702f,749c9934-39ec-4687-9dbd-78378124d954,2026-01-13 07:31:26.000,pub_101
ff1411aa-d0ca-44a2-bb78-31644b97836c,8a176764-6f34-497d-ba92-8314ab2d7719,2026-01-13 07:40:20.000,pub_318
63dc627f-2e42-47b6-a8cd-57ac7917ef26,fdede5e3-9dba-4ca5-a36e-82895c4618f8,2026-01-13 08:16:06.000,pub_512
762ee159-95da-4079-a372-1888d8988d9b,80b7708a-f34b-4cd7-9b3d-0594a66337d5,2026-01-13 08:17:16.000,pub_512
3dd28426-39da-48b2-99e3-cb334ffe3d50,6ecad2b7-b646-4008-9939-e26a0ffdc290,2026-01-13 08:32:05.000,pub_445
e0b3a1ae-617c-4c1e-a757-e0bd9a0411ba,6ecad2b7-b646-4008-9939-e26a0ffdc290,2026-01-13 08:46:37.000,pub_512
39c18c96-13c5-4952-8132-549064a45435,83f9bde8-6044-446e-b665-aee0bb0e656e,2026-01-13 09:03:30.000,pub_318
c0c5a035-2b97-4aae-98b8-a8e41fab6a65,6ecad2b7-b646-4008-9939-e26a0ffdc290,2026-01-13 09:13:54.000,pub_101
d8a35a7d-b895-4fc9-9a36-4adce527377f,80b7708a-f34b-4cd7-9b3d-0594a66337d5,2026-01-13 09:23:51.000,pub_318
0c4bcf80-0f7f-49a4-ba4f-fead9f41d8b6,8a176764-6f34-497d-ba92-8314ab2d7719,2026-01-13 09:25:40.000,pub_512
7df5fc7d-856a-4811-bf09-47b5b8ef41af,8a176764-6f34-497d-ba92-8314ab2d7719,2026-01-13 09:28:37.000,pub_101
3facbe97-e3aa-453c-98ba-d1799833154e,fdede5e3-9dba-4ca5-a36e-82895c4618f8,2026-01-13 09:29:50.000,pub_512
0ae713d7-ef38-4bee-8897-7c07287e1afc,80b7708a-f34b-4cd7-9b3d-0594a66337d5,2026-01-13 10:00:57.000,pub_512
12ba9ba8-c174-4fd7-93bc-337e156748c8,393fc1c9-d322-4b8a-952e-5ad320900791,2026-01-13 10:10:22.000,pub_204
50aecffa-01a6-4427-9398-cbc91953e8d2,6b5edc02-f930-4de2-a691-c965ad171ac9,2026-01-13 10:10:45.000,pub_318
9cdc367a-a0bc-4684-95e4-445949d31875,6ecad2b7-b646-4008-9939-e26a0ffdc290,2026-01-13 10:14:48.000,pub_101
1931a368-10c7-428a-83be-b5dd24d184f8,3f1ed2cc-0767-4665-8370-36e46f39a07e,2026-01-13 10:31:28.000,pub_101
39c7cf73-0f50-40b4-9aa7-e15677a28679,8a176764-6f34-497d-ba92-8314ab2d7719,2026-01-13 10:32:43.000,pub_318
230dc914-136b-4824-88b1-1346c4c6eebc,83f9bde8-6044-446e-b665-aee0bb0e656e,2026-01-13 10:35:41.000,pub_318
07dc3794-31db-4786-b171-89c3cef3a16b,83f9bde8-6044-446e-b665-aee0bb0e656e,2026-01-13 11:08:51.000,pub_101
28da1fba-f40d-4a09-9594-ed08c2729d3f,6ecad2b7-b646-4008-9939-e26a0ffdc290,2026-01-13 11:15:40.000,pub_101
65ade064-f2e7-4078-b449-4d3910ad4afa,8a176764-6f34-497d-ba92-8314ab2d7719,2026-01-13 11:15:55.000,pub_204
52a76962-dcb9-44a9-8fbe-eb752f5b95c7,6ecad2b7-b646-4008-9939-e26a0ffdc290,2026-01-13 11:23:30.000,pub_445
fcaeb453-c0f3-46c3-a193-164827362b8a,80b7708a-f34b-4cd7-9b3d-0594a66337d5,2026-01-13 11:40:20.000,pub_204
7fe88960-2158-4ce1-ab95-b97ab43b79a5,8a176764-6f34-497d-ba92-8314ab2d7719,2026-01-13 11:44:07.000,pub_204
459ca99c-5e61-4c8a-8b2f-4208e12c7fc4,6ecad2b7-b646-4008-9939-e26a0ffdc290,2026-01-13 11:45:59.000,pub_445
bdde4b50-4461-4485-a9d0-33ceb1bb1a8c,83f9bde8-6044-446e-b665-aee0bb0e656e,2026-01-13 11:49:20.000,pub_445
772a3682-e5d5-48d7-81fc-d7480256f5c1,80b7708a-f34b-4cd7-9b3d-0594a66337d5,2026-01-13 11:49:43.000,pub_512
ca6a9e3f-0419-4828-8ceb-12cfc5aca54f,33c7942d-55ce-48ca-9169-a374b1f497df,2026-01-13 11:56:42.000,pub_101
e4bc1480-1da7-4552-845b-71bf6fb8dc24,6b5edc02-f930-4de2-a691-c965ad171ac9,2026-01-13 12:09:32.000,pub_445
2915840d-4c37-4c63-8b1d-515b57d6dee9,83f9bde8-6044-446e-b665-aee0bb0e656e,2026-01-13 12:14:04.000,pub_512
956205bd-7197-4baf-9441-08c8a7ff503e,83f9bde8-6044-446e-b665-aee0bb0e656e,2026-01-13 12:15:34.000,pub_318
12766a97-ef95-4ff2-bef6-81371fbe97d2,83f9bde8-6044-446e-b665-aee0bb0e656e,2026-01-13 12:19:16.000,pub_101
0d898c03-35ec-46f1-9730-b6d5e70d8dc3,3f1ed2cc-0767-4665-8370-36e46f39a07e,2026-01-13 12:27:33.000,pub_318
e6283076-c1a8-4e48-88ee-c42dd81a9aac,8a176764-6f34-497d-ba92-8314ab2d7719,2026-01-13 12:30:02.000,pub_512
3691abf7-9eff-4d70-9876-20a33fc452d4,8a176764-6f34-497d-ba92-8314ab2d7719,2026-01-13 12:31:35.000,pub_445
0d0e3de0-ad03-4ad4-b93d-70c207c9f397,6ecad2b7-b646-4008-9939-e26a0ffdc290,2026-01-13 12:35:59.000,pub_318
8b5a98e0-09c7-4381-92da-76d98363be13,3f1ed2cc-0767-4665-8370-36e46f39a07e,2026-01-13 12:39:11.000,pub_318
53e950e8-9307-478d-9e7b-cdcf27fc22c6,8a176764-6f34-497d-ba92-8314ab2d7719,2026-01-13 12:41:20.000,pub_512
0aae7e70-82a2-491f-b15a-10433e728fbb,6ecad2b7-b646-4008-9939-e26a0ffdc290,2026-01-13 12:55:10.000,pub_445
5fe28bd4-87f7-444e-b252-e759669f0e01,6ecad2b7-b646-4008-9939-e26a0ffdc290,2026-01-13 13:21:38.000,pub_101
2c34b6b4-5706-49f8-adbe-61e6c6f0c940,fdede5e3-9dba-4ca5-a36e-82895c4618f8,2026-01-13 13:27:07.000,pub_204
f3e59716-55b9-4247-a097-c15a55569491,83f9bde8-6044-446e-b665-aee0bb0e656e,2026-01-13 13:33:51.000,pub_318
ef1c60f3-e10d-4ae7-96fd-c79f55e1b12b,6ecad2b7-b646-4008-9939-e26a0ffdc290,2026-01-13 13:35:07.000,pub_204
d746caf5-df9a-4af7-a272-7b5bd693ddcf,6ecad2b7-b646-4008-9939-e26a0ffdc290,2026-01-13 13:49:40.000,pub_101
cdc735ab-6b39-4701-92fb-339ff15ede79,8a176764-6f34-497d-ba92-8314ab2d7719,2026-01-13 13:58:48.000,pub_204
fd79574a-7230-41c1-83be-5c9dfa3a3346,393fc1c9-d322-4b8a-952e-5ad320900791,2026-01-13 14:14:51.000,pub_318
d6963c5b-ce66-4e05-9ec8-ad0c3e2258c8,33c7942d-55ce-48ca-9169-a374b1f497df,2026-01-13 14:15:12.000,pub_445
f6d58f60-bfcd-4363-9566-0efbf2ba9a4d,749c9934-39ec-4687-9dbd-78378124d954,2026-01-13 14:38:17.000,pub_512
b926d171-13a3-47c4-9813-d69696930bd6,80b7708a-f34b-4cd7-9b3d-0594a66337d5,2026-01-13 14:41:49.000,pub_204
22e7e4ff-f699-4c1e-8712-28656e11c64d,6b5edc02-f930-4de2-a691-c965ad171ac9,2026-01-13 14:55:17.000,pub_318
d30c4d0a-8368-42a7-8b1f-97946479a706,80b7708a-f34b-4cd7-9b3d-0594a66337d5,2026-01-13 14:57:21.000,pub_512
e1d3fee8-e387-487b-8743-354073ca1e7f,393fc1c9-d322-4b8a-952e-5ad320900791,2026-01-13 15:06:14.000,pub_445
5004e680-fcf4-4fca-a904-0c958291b7c3,3f1ed2cc-0767-4665-8370-36e46f39a07e,2026-01-13 15:06:20.000,pub_204
2390012d-7913-417a-8d2f-702fd6a4073f,33c7942d-55ce-48ca-9169-a374b1f497df,2026-01-13 15:06:58.000,pub_204
2e1923b7-0e96-4822-b26a-2870eda8506e,83f9bde8-6044-446e-b665-aee0bb0e656e,2026-01-13 15:14:17.000,pub_512
c8658d16-3859-4b1f-9d75-0a25c4fe7837,33c7942d-55ce-48ca-9169-a374b1f497df,2026-01-13 15:15:34.000,pub_445
77be333b-5a68-4a98-9594-09439518ca04,749c9934-39ec-4687-9dbd-78378124d954,2026-01-13 15:19:12.000,pub_445
5eed7826-efdd-4e2e-8ed5-cde18eafea12,8a176764-6f34-497d-ba92-8314ab2d7719,2026-01-13 15:23:46.000,pub_318
01d7b32d-eb02-486a-9946-aae182cb715c,3f1ed2cc-0767-4665-8370-36e46f39a07e,2026-01-13 15:26:17.000,pub_101
90dc2f8c-46e9-4792-9d86-2f95855b21d7,80b7708a-f34b-4cd7-9b3d-0594a66337d5,2026-01-13 15:44:12.000,pub_101
097d2854-6499-4f93-b10f-3c6bd4cf6b97,83f9bde8-6044-446e-b665-aee0bb0e656e,2026-01-13 15:45:35.000,pub_512
3ee4e75d-7784-410a-af77-1a653347db5a,80b7708a-f34b-4cd7-9b3d-0594a66337d5,2026-01-13 15:56:54.000,pub_204
01f2ae8e-ee30-46cd-8080-e101bfe50b5f,3f1ed2cc-0767-4665-8370-36e46f39a07e,2026-01-13 16:03:31.000,pub_318
4cebc99f-aa17-461d-a1dd-c0928750470d,33c7942d-55ce-48ca-9169-a374b1f497df,2026-01-13 16:04:22.000,pub_204
d5ebf428-0b3c-4af7-b0c0-89ed316d1844,393fc1c9-d322-4b8a-952e-5ad320900791,2026-01-13 16:12:44.000,pub_204
d79a88c3-5098-408a-baba-e601588644fa,749c9934-39ec-4687-9dbd-78378124d954,2026-01-13 16:14:08.000,pub_101
4d162354-a76c-47d8-abdf-d804d578f519,83f9bde8-6044-446e-b665-aee0bb0e656e,2026-01-13 16:14:41.000,pub_101
4ddf3d24-4d35-453c-a3c9-50156da5a42e,fdede5e3-9dba-4ca5-a36e-82895c4618f8,2026-01-13 16:20:15.000,pub_204
4f127579-4fbe-4a47-a92d-0dba15fdd539,33c7942d-55ce-48ca-9169-a374b1f497df,2026-01-13 16:26:23.000,pub_512
1e644cdb-bb2d-4bad-b5fc-2a422a34f876,6ecad2b7-b646-4008-9939-e26a0ffdc290,2026-01-13 16:28:20.000,pub_512
28ff6807-95f6-47f7-ad28-14f9b6c23f65,33c7942d-55ce-48ca-9169-a374b1f497df,2026-01-13 17:01:06.000,pub_204
ce078f04-3039-40ac-bdfd-baf65ac5aa41,fdede5e3-9dba-4ca5-a36e-82895c4618f8,2026-01-13 17:39:49.000,pub_445
7348e142-62e7-4984-94d3-16b02e675486,3f1ed2cc-0767-4665-8370-36e46f39a07e,2026-01-13 17:45:41.000,pub_318
39fd2f33-33db-4b53-bd78-f396165b63ff,6b5edc02-f930-4de2-a691-c965ad171ac9,2026-01-13 17:47:52.000,pub_445
1baa3c34-ed3d-4678-ac52-918ad290e24f,6ecad2b7-b646-4008-9939-e26a0ffdc290,2026-01-13 17:50:01.000,pub_512
bff0692b-2080-477c-9200-10156a49b9d6,6ecad2b7-b646-4008-9939-e26a0ffdc290,2026-01-13 18:02:27.000,pub_318
ddb19f0b-244a-4855-a609-350f1bead821,83f9bde8-6044-446e-b665-aee0bb0e656e,2026-01-13 18:15:28.000,pub_101
80256733-428f-4563-8755-70b7ddaf391a,6b5edc02-f930-4de2-a691-c965ad171ac9,2026-01-13 18:23:39.000,pub_101
f7f982f2-fc99-4c4e-bcfc-064574e42fdc,80b7708a-f34b-4cd7-9b3d-0594a66337d5,2026-01-13 18:30:11.000,pub_512
b0584472-0cdf-4beb-b51a-69f9b7976967,33c7942d-55ce-48ca-9169-a374b1f497df,2026-01-13 18:40:09.000,pub_512
1acc8394-6ef3-48ca-bcbb-a27843e749d2,6b5edc02-f930-4de2-a691-c965ad171ac9,2026-01-13 18:41:26.000,pub_101
7ef2f324-e3fe-445c-a3c1-7df042f70454,393fc1c9-d322-4b8a-952e-5ad320900791,2026-01-13 18:45:43.000,pub_445
7dbe1478-9dad-40d6-b526-9e204daca86a,33c7942d-55ce-48ca-9169-a374b1f497df,2026-01-13 18:47:07.000,pub_512
a5044939-c15c-48f8-a6ee-85b0f04f7936,393fc1c9-d322-4b8a-952e-5ad320900791,2026-01-13 18:49:28.000,pub_204
f62a4546-740a-4cb8-ab51-fc7076698d96,80b7708a-f34b-4cd7-9b3d-0594a66337d5,2026-01-13 18:50:54.000,pub_204
527b891e-797d-49c6-951f-c88f90f1be76,80b7708a-f34b-4cd7-9b3d-0594a66337d5,2026-01-13 18:52:21.000,pub_445
3c4a3318-73be-437c-b6d5-a285323e8aae,8a176764-6f34-497d-ba92-8314ab2d7719,2026-01-13 18:53:03.000,pub_204
aab650f0-335b-448c-9a56-16a4d4ef0603,749c9934-39ec-4687-9dbd-78378124d954,2026-01-13 19:03:59.000,pub_445
e4fc92b1-bb0f-40e2-8078-dbd7ea5eb777,80b7708a-f34b-4cd7-9b3d-0594a66337d5,2026-01-13 19:13:31.000,pub_512
4ab55908-7c32-4a47-a3f0-e47413d8bbf5,fdede5e3-9dba-4ca5-a36e-82895c4618f8,2026-01-13 19:21:47.000,pub_318
6ca26f32-d434-491a-b0ae-481e4dd7525b,6ecad2b7-b646-4008-9939-e26a0ffdc290,2026-01-13 19:23:12.000,pub_101
fec34e44-de0a-4d10-bf39-7a094028dade,83f9bde8-6044-446e-b665-aee0bb0e656e,2026-01-13 19:37:36.000,pub_204
2f2b2093-bc4d-4a85-8f07-072a5f55083e,33c7942d-55ce-48ca-9169-a374b1f497df,2026-01-13 19:43:40.000,pub_445
7ec415dc-6dde-4a80-88a5-23ac15f66150,83f9bde8-6044-446e-b665-aee0bb0e656e,2026-01-13 19:51:41.000,pub_204
237530ae-8f1b-4d85-bde1-f06ff8cbbd40,fdede5e3-9dba-4ca5-a36e-82895c4618f8,2026-01-13 19:54:40.000,pub_204
7e5cdfb6-4b83-4d1d-ae08-1edc23f6eeec,749c9934-39ec-4687-9dbd-78378124d954,2026-01-13 20:00:15.000,pub_512
d8df6a25-7edf-4ff9-86aa-78f2c6040dbf,393fc1c9-d322-4b8a-952e-5ad320900791,2026-01-13 20:02:35.000,pub_101
ad20b5b0-d1d5-4046-bbab-81dac312a71e,393fc1c9-d322-4b8a-952e-5ad320900791,2026-01-13 20:06:59.000,pub_512
6222f7e3-066d-4bae-92b6-1d9155d9e2b4,6ecad2b7-b646-4008-9939-e26a0ffdc290,2026-01-13 20:07:30.000,pub_101
47acc73b-df04-4fbd-89ee-4365ac37fbd8,749c9934-39ec-4687-9dbd-78378124d954,2026-01-13 20:11:06.000,pub_204
cf57f731-79cc-45e9-bb39-46547fa303f2,8a176764-6f34-497d-ba92-8314ab2d7719,2026-01-13 20:13:02.000,pub_101
b1983898-1c88-46e6-8ae1-d71ade8cf75a,8a176764-6f34-497d-ba92-8314ab2d7719,2026-01-13 20:23:54.000,pub_318
b1ed047c-5792-4c85-bd5a-951532a0f119,6ecad2b7-b646-4008-9939-e26a0ffdc290,2026-01-13 20:44:00.000,pub_318
dd4dc3c7-f7f6-4bf9-bf45-d712ace92b9f,3f1ed2cc-0767-4665-8370-36e46f39a07e,2026-01-13 20:50:02.000,pub_318
38c160c9-2dbf-43f0-bb3c-f528cb2d0191,83f9bde8-6044-446e-b665-aee0bb0e656e,2026-01-13 20:58:51.000,pub_204
cd7e0505-9a9d-4fe2-bff1-1318aff5a47d,393fc1c9-d322-4b8a-952e-5ad320900791,2026-01-13 20:59:41.000,pub_204
461b5f3a-254e-4330-bef0-4b96c07db5c0,6ecad2b7-b646-4008-9939-e26a0ffdc290,2026-01-13 21:10:32.000,pub_101
f90105c0-3188-4d57-beef-e32a4c71fa57,6b5edc02-f930-4de2-a691-c965ad171ac9,2026-01-13 21:13:10.000,pub_204
f5550704-8c04-4aae-8342-12622d8fc519,3f1ed2cc-0767-4665-8370-36e46f39a07e,2026-01-13 21:17:26.000,pub_101
1327481a-16d8-4437-b92b-1afd7ceeb4e4,33c7942d-55ce-48ca-9169-a374b1f497df,2026-01-13 21:30:03.000,pub_512
8cb505fb-2cd3-4673-a094-d9913b2e1568,6b5edc02-f930-4de2-a691-c965ad171ac9,2026-01-13 21:33:51.000,pub_101
d2bb6c78-4cd8-4355-ba60-6af029330367,3f1ed2cc-0767-4665-8370-36e46f39a07e,2026-01-13 21:38:12.000,pub_512
80821674-97f8-4988-adc7-0c6df33a83ea,8a176764-6f34-497d-ba92-8314ab2d7719,2026-01-13 21:40:44.000,pub_101
71eba64b-b774-4a56-9fcd-3bf35eda5827,3f1ed2cc-0767-4665-8370-36e46f39a07e,2026-01-13 21:55:15.000,pub_101
69fb1ddd-9db5-48dc-b8c1-1724d4ed71d3,393fc1c9-d322-4b8a-952e-5ad320900791,2026-01-13 22:00:23.000,pub_101
fef42f87-6772-43e3-8305-1a7369d53d1a,fdede5e3-9dba-4ca5-a36e-82895c4618f8,2026-01-13 22:12:43.000,pub_445
3257a304-4b8f-4df9-b7e4-db63d3afde7a,33c7942d-55ce-48ca-9169-a374b1f497df,2026-01-13 22:41:45.000,pub_101
c07ebb20-f15a-4acb-8636-86c44cbd2c54,6b5edc02-f930-4de2-a691-c965ad171ac9,2026-01-13 22:51:04.000,pub_204
52f9a1bc-54cc-4931-9a99-9d0bccbd8959,83f9bde8-6044-446e-b665-aee0bb0e656e,2026-01-13 22:52:25.000,pub_318
514ee052-d433-4d3a-859c-0c6ebedc61b8,6b5edc02-f930-4de2-a691-c965ad171ac9,2026-01-13 23:03:06.000,pub_101
467eb058-7a29-434a-9208-d6ac0353dba2,83f9bde8-6044-446e-b665-aee0bb0e656e,2026-01-13 23:16:43.000,pub_101
6de9a43a-9a43-4612-a04e-d155e83d7d15,749c9934-39ec-4687-9dbd-78378124d954,2026-01-13 23:27:21.000,pub_445
7437198b-3f6d-4eb2-bce8-4c54a05270f9,749c9934-39ec-4687-9dbd-78378124d954,2026-01-13 23:29:40.000,pub_512
85db9c9f-c597-45b5-a8e2-d1d4513d5d7f,3f1ed2cc-0767-4665-8370-36e46f39a07e,2026-01-13 23:35:57.000,pub_101
19ccbecc-8c19-478d-a564-2e40bd11406f,83f9bde8-6044-446e-b665-aee0bb0e656e,2026-01-13 23:36:34.000,pub_512
ba346385-e0a2-43a9-a60a-1b4204713844,fdede5e3-9dba-4ca5-a36e-82895c4618f8,2026-01-13 23:37:37.000,pub_445
7deda305-d129-45d4-b6f6-5c03f6814e9c,33c7942d-55ce-48ca-9169-a374b1f497df,2026-01-13 23:37:40.000,pub_512
4d8dd128-e8b5-47e2-9120-6d358aabbc6d,fdede5e3-9dba-4ca5-a36e-82895c4618f8,2026-01-14 00:06:47.000,pub_512
b90eec54-1027-49bb-a029-b1ede0192739,fdede5e3-9dba-4ca5-a36e-82895c4618f8,2026-01-14 00:12:36.000,pub_204
bb97290c-9159-48f8-8863-e5ec4bf8b8ff,393fc1c9-d322-4b8a-952e-5ad320900791,2026-01-14 00:46:49.000,pub_445
fb40eef5-dd46-4a29-ac6a-e5bfc2e1117a,8a176764-6f34-497d-ba92-8314ab2d7719,2026-01-14 00:52:05.000,pub_318
6ef1396f-f2ea-4a4c-96bf-35b10a9320a0,6ecad2b7-b646-4008-9939-e26a0ffdc290,2026-01-14 01:18:47.000,pub_318
106c79a3-b694-4e8e-a960-7837372d63ca,fdede5e3-9dba-4ca5-a36e-82895c4618f8,2026-01-14 01:27:32.000,pub_204
d365e066-8483-4485-83be-57c66c8a2893,749c9934-39ec-4687-9dbd-78378124d954,2026-01-14 01:27:49.000,pub_101
a3171b5e-9cd6-4670-8d30-4b9c3528e8c6,6b5edc02-f930-4de2-a691-c965ad171ac9,2026-01-14 01:30:18.000,pub_445
b5897cca-a6a6-4711-9cd6-e8a0980b76b9,8a176764-6f34-497d-ba92-8314ab2d7719,2026-01-14 01:33:47.000,pub_512
2a7b8d4a-2d11-4ea3-adc6-ebddbf65dba9,6b5edc02-f930-4de2-a691-c965ad171ac9,2026-01-14 01:36:12.000,pub_101
22e78bab-f0d1-4713-bfe9-fedbfdc86862,33c7942d-55ce-48ca-9169-a374b1f497df,2026-01-14 01:49:38.000,pub_204
94bdc88e-7aae-4ecc-ad56-aedd04fb88db,6b5edc02-f930-4de2-a691-c965ad171ac9,2026-01-14 01:53:00.000,pub_445
8465e114-b238-474d-a930-f8bebd8cabb1,749c9934-39ec-4687-9dbd-78378124d954,2026-01-14 01:53:49.000,pub_445
6e9562de-d132-4f7b-8e7e-d5372ffeadbd,80b7708a-f34b-4cd7-9b3d-0594a66337d5,2026-01-14 02:19:38.000,pub_512
d186adbe-fc3e-48dd-8a3b-429694151967,80b7708a-f34b-4cd7-9b3d-0594a66337d5,2026-01-14 02:28:13.000,pub_204
edcbcb04-b360-4bab-8084-fe40fde6b2f4,6b5edc02-f930-4de2-a691-c965ad171ac9,2026-01-14 02:28:44.000,pub_101
71f051a6-1679-4135-8cf5-000753fe8f9e,fdede5e3-9dba-4ca5-a36e-82895c4618f8,2026-01-14 02:30:48.000,pub_204
6168c11b-7d8e-49c9-9f2c-e7cbc2364985,83f9bde8-6044-446e-b665-aee0bb0e656e,2026-01-14 02:32:46.000,pub_512
6dba0b6e-fe20-477a-9654-411ec740b835,83f9bde8-6044-446e-b665-aee0bb0e656e,2026-01-14 02:40:07.000,pub_512
ec46c860-74b9-49d2-88a7-cf1ae541f11e,393fc1c9-d322-4b8a-952e-5ad320900791,2026-01-14 02:54:11.000,pub_445
0e701f48-461c-40b5-b056-faedf98f3554,749c9934-39ec-4687-9dbd-78378124d954,2026-01-14 02:57:09.000,pub_318
b704ec2c-5403-4718-9bcf-795923cab49f,6ecad2b7-b646-4008-9939-e26a0ffdc290,2026-01-14 03:09:54.000,pub_101
b2edaec0-b047-48a3-93ac-a2bc31de2a07,8a176764-6f34-497d-ba92-8314ab2d7719,2026-01-14 03:26:07.000,pub_512
9d71d7c7-6f4f-404d-9354-2985c6dab943,749c9934-39ec-4687-9dbd-78378124d954,2026-01-14 03:47:54.000,pub_204
33498425-5d25-4cf8-8341-c37989258b3a,80b7708a-f34b-4cd7-9b3d-0594a66337d5,2026-01-14 03:49:43.000,pub_204
003ace7f-88e8-49cd-89ae-674782a0a402,8a176764-6f34-497d-ba92-8314ab2d7719,2026-01-14 03:50:55.000,pub_101
f970e3a9-f15c-4043-a748-40b14bf9151a,80b7708a-f34b-4cd7-9b3d-0594a66337d5,2026-01-14 04:01:36.000,pub_445
dcea3ca8-e0b3-4815-a24f-1e5fbf61e43d,749c9934-39ec-4687-9dbd-78378124d954,2026-01-14 04:02:18.000,pub_101
021aa9b1-0973-4c20-9a2c-c79125c313b4,33c7942d-55ce-48ca-9169-a374b1f497df,2026-01-14 04:16:21.000,pub_318
1cc81420-6bdb-4b40-b941-1ff753906a16,393fc1c9-d322-4b8a-952e-5ad320900791,2026-01-14 04:19:02.000,pub_445
d93b79b2-7430-442c-8f77-d699e94891fa,83f9bde8-6044-446e-b665-aee0bb0e656e,2026-01-14 04:27:43.000,pub_204
b395c4a1-3add-4994-baf9-05aa334ef1ed,6ecad2b7-b646-4008-9939-e26a0ffdc290,2026-01-14 05:17:46.000,pub_512
f9b52d85-d5e7-41de-ab7d-b3dc6995bbd7,393fc1c9-d322-4b8a-952e-5ad320900791,2026-01-14 05:26:12.000,pub_101
68bc8c6d-0cb7-4ac7-8d02-e25231ed693e,6b5edc02-f930-4de2-a691-c965ad171ac9,2026-01-14 05:37:09.000,pub_445
f4be5b5e-921e-4022-a86a-a16ccd83ada0,fdede5e3-9dba-4ca5-a36e-82895c4618f8,2026-01-14 05:39:54.000,pub_204
7eb758b8-966d-4b49-a42b-f10604c947ce,393fc1c9-d322-4b8a-952e-5ad320900791,2026-01-14 05:41:02.000,pub_318
a0ac225d-ffa3-423d-8372-7a8bfe5e089e,33c7942d-55ce-48ca-9169-a374b1f497df,2026-01-14 05:41:40.000,pub_101
04383ecf-c3df-41e8-b3c1-7a5756afa600,6ecad2b7-b646-4008-9939-e26a0ffdc290,2026-01-14 05:49:29.000,pub_445
d240deb3-5491-4bed-8b7b-bc0340cc0fc7,6b5edc02-f930-4de2-a691-c965ad171ac9,2026-01-14 05:50:03.000,pub_204
5fd9aba0-c866-45b8-a4af-b3b558d41e05,393fc1c9-d322-4b8a-952e-5ad320900791,2026-01-14 05:52:39.000,pub_445
a50fa6a2-4ee7-4568-b943-2a5067890ef3,8a176764-6f34-497d-ba92-8314ab2d7719,2026-01-14 05:52:41.000,pub_204
ec70117e-68a9-401c-b427-2ae236775cbf,8a176764-6f34-497d-ba92-8314ab2d7719,2026-01-14 06:05:00.000,pub_204
67bb262c-09d3-4015-a183-cf570b2f8f04,83f9bde8-6044-446e-b665-aee0bb0e656e,2026-01-14 06:13:29.000,pub_318
76cf0206-a07d-4980-9659-fe67f0884743,80b7708a-f34b-4cd7-9b3d-0594a66337d5,2026-01-14 06:15:44.000,pub_204
46d98d07-e09b-4ff4-9505-7ddd7ab51cdc,749c9934-39ec-4687-9dbd-78378124d954,2026-01-14 06:19:13.000,pub_101
d94de60e-2dc9-4bfd-86f2-880dbd89414f,393fc1c9-d322-4b8a-952e-5ad320900791,2026-01-14 06:21:43.000,pub_204
be3de8f1-02a6-4fbd-a499-b1f8d7ac21e0,6ecad2b7-b646-4008-9939-e26a0ffdc290,2026-01-14 06:22:59.000,pub_318
2ff7b0fb-d0b7-49f9-9b1b-c5e15a370283,8a176764-6f34-497d-ba92-8314ab2d7719,2026-01-14 06:25:15.000,pub_512
0e868822-c9a4-4afe-8910-3e1cb6ba2ecf,83f9bde8-6044-446e-b665-aee0bb0e656e,2026-01-14 06:26:03.000,pub_512
38532fbb-6ef2-434b-8d81-9b60b5aa9dd2,6ecad2b7-b646-4008-9939-e26a0ffdc290,2026-01-14 06:26:27.000,pub_512
7999a662-f804-414b-9abe-8459f56383a1,80b7708a-f34b-4cd7-9b3d-0594a66337d5,2026-01-14 06:27:04.000,pub_445
cc2dec04-04d1-466c-959e-c032824f527b,83f9bde8-6044-446e-b665-aee0bb0e656e,2026-01-14 06:33:47.000,pub_445
9334c936-64ed-4c1f-aabe-4621986f430f,83f9bde8-6044-446e-b665-aee0bb0e656e,2026-01-14 06:35:15.000,pub_512
ed12aee1-2928-451d-9673-f6b2de39acb6,6ecad2b7-b646-4008-9939-e26a0ffdc290,2026-01-14 06:48:36.000,pub_101
ef82db12-7719-42ea-9f17-af5f7d2a121b,33c7942d-55ce-48ca-9169-a374b1f497df,2026-01-14 06:57:25.000,pub_512
8a096e7a-c809-4bc4-96fd-d9fd16044c1b,8a176764-6f34-497d-ba92-8314ab2d7719,2026-01-14 07:11:24.000,pub_101
058e5f70-2360-4e61-acf6-c42346c8fabf,33c7942d-55ce-48ca-9169-a374b1f497df,2026-01-14 07:17:27.000,pub_445
6d11939f-fa70-4864-9d13-75afe46fbf47,3f1ed2cc-0767-4665-8370-36e46f39a07e,2026-01-14 07:24:22.000,pub_204
57fb3588-e513-45b2-a3e9-ec72302f27a4,33c7942d-55ce-48ca-9169-a374b1f497df,2026-01-14 07:26:08.000,pub_101
57e82c86-652c-4d78-a725-89c86b4c06b4,6ecad2b7-b646-4008-9939-e26a0ffdc290,2026-01-14 07:35:45.000,pub_101
03af26f4-d32f-46eb-9a11-f76d05ef4b2e,83f9bde8-6044-446e-b665-aee0bb0e656e,2026-01-14 07:36:54.000,pub_204
9df00515-f0f7-4511-9820-ee7ab8dad4ac,fdede5e3-9dba-4ca5-a36e-82895c4618f8,2026-01-14 07:43:14.000,pub_318
2b07b397-f8ac-4317-9a4e-cb9eb5fdfef2,6b5edc02-f930-4de2-a691-c965ad171ac9,2026-01-14 07:52:14.000,pub_445
9a23f799-6b25-45e1-bdb6-287eaa88b952,80b7708a-f34b-4cd7-9b3d-0594a66337d5,2026-01-14 07:52:48.000,pub_101
9c096c3e-9dba-4a56-b657-9ffad7a27443,6b5edc02-f930-4de2-a691-c965ad171ac9,2026-01-14 07:54:34.000,pub_318
6e576419-a427-4c3e-87ab-1dbf526893aa,6b5edc02-f930-4de2-a691-c965ad171ac9,2026-01-14 07:55:45.000,pub_445
5fd1b01b-fdc7-49b9-a7ba-4e366e9e7c47,80b7708a-f34b-4cd7-9b3d-0594a66337d5,2026-01-14 08:02:39.000,pub_318
ff22f133-b886-4ea7-8cfe-c036cbd9a2b5,393fc1c9-d322-4b8a-952e-5ad320900791,2026-01-14 08:04:02.000,pub_318
45dbfe97-e467-4fea-a444-6321733909df,8a176764-6f34-497d-ba92-8314ab2d7719,2026-01-14 08:05:47.000,pub_512
04788a55-619e-40ab-8bad-9774c3039c67,80b7708a-f34b-4cd7-9b3d-0594a66337d5,2026-01-14 08:08:59.000,pub_204
0971e30f-a852-4338-862e-8a047a9665f7,393fc1c9-d322-4b8a-952e-5ad320900791,2026-01-14 08:21:16.000,pub_204
03987e1d-8228-47f9-ad36-3b94676c173d,393fc1c9-d322-4b8a-952e-5ad320900791,2026-01-14 08:21:26.000,pub_101
23270c1c-0ace-402f-8ac7-ef97847f9db8,6ecad2b7-b646-4008-9939-e26a0ffdc290,2026-01-14 08:22:37.000,pub_318
63517546-af3e-4e41-9858-e1e1f1a7153c,6ecad2b7-b646-4008-9939-e26a0ffdc290,2026-01-14 08:25:00.000,pub_512
dfc3bf19-11de-41ad-a2bf-3d26d2ffc6ef,33c7942d-55ce-48ca-9169-a374b1f497df,2026-01-14 08:34:39.000,pub_101
e4f50ce9-41d5-481e-b563-8ca5f38e2e57,80b7708a-f34b-4cd7-9b3d-0594a66337d5,2026-01-14 08:38:59.000,pub_445
59a5ccbd-1deb-4dd1-83b4-ceeead7f095e,33c7942d-55ce-48ca-9169-a374b1f497df,2026-01-14 08:39:04.000,pub_318
8ac2dbf7-da48-4499-8677-36a01ee7e8bb,749c9934-39ec-4687-9dbd-78378124d954,2026-01-14 08:44:03.000,pub_512
833f569d-84b4-4785-ae4b-80286ea65b09,fdede5e3-9dba-4ca5-a36e-82895c4618f8,2026-01-14 08:56:00.000,pub_204
9dfdd3f7-1a3d-4984-af67-651bb3cedfa0,3f1ed2cc-0767-4665-8370-36e46f39a07e,2026-01-14 09:03:04.000,pub_445
a4e29364-4b09-4869-b706-328fefe9dbeb,33c7942d-55ce-48ca-9169-a374b1f497df,2026-01-14 09:21:25.000,pub_445
87b86ceb-743d-4a1a-bf5e-c1cd96212067,33c7942d-55ce-48ca-9169-a374b1f497df,2026-01-14 09:24:24.000,pub_318
f31d00b4-0b33-4752-964e-3c30e13e9287,749c9934-39ec-4687-9dbd-78378124d954,2026-01-14 09:37:01.000,pub_512
a75e5835-5a5c-48aa-b873-918d7d37eca7,6ecad2b7-b646-4008-9939-e26a0ffdc290,2026-01-14 09:40:47.000,pub_512
11f618d3-ccfa-4ceb-89d5-6c62e9164870,749c9934-39ec-4687-9dbd-78378124d954,2026-01-14 09:47:50.000,pub_512
577d814f-7acf-4165-916f-b3a5396589d5,3f1ed2cc-0767-4665-8370-36e46f39a07e,2026-01-14 09:52:34.000,pub_512
ce394c7a-a1e5-424d-afe9-bc9fbed29a7e,8a176764-6f34-497d-ba92-8314ab2d7719,2026-01-14 10:08:43.000,pub_512
ab6f21c1-588e-485d-be98-168060613cb0,393fc1c9-d322-4b8a-952e-5ad320900791,2026-01-14 10:09:47.000,pub_318
5d18e5ff-8d7b-4a59-9b64-1a6b9a72df59,6b5edc02-f930-4de2-a691-c965ad171ac9,2026-01-14 10:18:00.000,pub_445
251d2f3b-6512-49ad-ae2a-dffa907af288,80b7708a-f34b-4cd7-9b3d-0594a66337d5,2026-01-14 10:21:20.000,pub_101
9df4241b-e7a7-46e1-aec2-75186b761952,749c9934-39ec-4687-9dbd-78378124d954,2026-01-14 10:35:39.000,pub_318
9d289499-c383-4c4d-ab3d-ee7b79c9609e,8a176764-6f34-497d-ba92-8314ab2d7719,2026-01-14 10:36:59.000,pub_101
9f4b0110-1eff-47c8-94f1-5e8fcd652db3,6b5edc02-f930-4de2-a691-c965ad171ac9,2026-01-14 10:41:26.000,pub_101
277632f6-9fee-4f1f-b35d-5ecd9396699b,80b7708a-f34b-4cd7-9b3d-0594a66337d5,2026-01-14 10:53:51.000,pub_101
e4650c8e-0160-452e-b924-14d6bc55630f,3f1ed2cc-0767-4665-8370-36e46f39a07e,2026-01-14 11:00:18.000,pub_512
3f01e91f-7ae9-49e3-abb1-54783a145891,6ecad2b7-b646-4008-9939-e26a0ffdc290,2026-01-14 11:09:57.000,pub_512
cec4a2d8-e0f7-410d-a1aa-6dbf47321a95,749c9934-39ec-4687-9dbd-78378124d954,2026-01-14 11:10:55.000,pub_445
7f079019-feab-4371-a4db-bf6ef46748d1,749c9934-39ec-4687-9dbd-78378124d954,2026-01-14 11:11:21.000,pub_204
a73e75d0-b145-4957-ab42-2ac2b81c8171,6b5edc02-f930-4de2-a691-c965ad171ac9,2026-01-14 11:34:59.000,pub_204
53432fe0-135f-4439-b77c-5dc663ed3d45,6ecad2b7-b646-4008-9939-e26a0ffdc290,2026-01-14 11:36:35.000,pub_204
5abd9a8d-6825-45b6-8f0b-be574d013147,33c7942d-55ce-48ca-9169-a374b1f497df,2026-01-14 11:37:40.000,pub_512
975b122a-58d8-4bed-8850-7497e3fdb401,393fc1c9-d322-4b8a-952e-5ad320900791,2026-01-14 11:48:55.000,pub_445
c4db85bf-f6f0-442a-bc70-3a9e0db7f6f7,83f9bde8-6044-446e-b665-aee0bb0e656e,2026-01-14 11:56:59.000,pub_512
a42171a1-b868-49e1-adfa-098c7e2630d6,80b7708a-f34b-4cd7-9b3d-0594a66337d5,2026-01-14 11:59:40.000,pub_204
0963e2c6-4254-4ec7-b367-b232853527e9,83f9bde8-6044-446e-b665-aee0bb0e656e,2026-01-14 12:01:30.000,pub_512
361693fc-2150-4bdf-8443-35c29cdb7a68,749c9934-39ec-4687-9dbd-78378124d954,2026-01-14 12:04:35.000,pub_101
b684ed26-ad9b-4206-bf97-bcfae1b14944,3f1ed2cc-0767-4665-8370-36e46f39a07e,2026-01-14 12:06:56.000,pub_101
78679dc1-aaa8-47f2-b1a1-6695e265a402,3f1ed2cc-0767-4665-8370-36e46f39a07e,2026-01-14 12:14:37.000,pub_101
39cbb30c-5f57-4131-8381-2653b17329b4,fdede5e3-9dba-4ca5-a36e-82895c4618f8,2026-01-14 12:19:49.000,pub_445
927bf587-0280-4017-af53-de237ae155a8,6b5edc02-f930-4de2-a691-c965ad171ac9,2026-01-14 12:26:58.000,pub_445
90026793-c47d-4271-bdb2-bf4f0ab2fd02,80b7708a-f34b-4cd7-9b3d-0594a66337d5,2026-01-14 12:30:06.000,pub_318
b9971318-ccdd-4814-b60b-a75f7c5b63e2,6ecad2b7-b646-4008-9939-e26a0ffdc290,2026-01-14 12:31:43.000,pub_445
ac3ba3e3-62b1-4d5c-abdd-a5b1efc79091,6b5edc02-f930-4de2-a691-c965ad171ac9,2026-01-14 12:37:33.000,pub_204
72daa07f-a30e-47a2-a8cd-db09fcda85de,393fc1c9-d322-4b8a-952e-5ad320900791,2026-01-14 12:56:40.000,pub_445
ea03547d-7521-464f-8721-7ed0b2c6cc24,80b7708a-f34b-4cd7-9b3d-0594a66337d5,2026-01-14 13:55:15.000,pub_101
55d0bfd4-95ce-4572-b744-db68e0884a00,80b7708a-f34b-4cd7-9b3d-0594a66337d5,2026-01-14 14:34:24.000,pub_445
c4abfbba-f404-42d4-a0bd-dba62867d712,fdede5e3-9dba-4ca5-a36e-82895c4618f8,2026-01-14 14:39:29.000,pub_512
5d32ec3d-da2e-404e-95c5-15bff6d5cedf,8a176764-6f34-497d-ba92-8314ab2d7719,2026-01-14 14:50:33.000,pub_512
a83af4e6-f4e7-459f-9dc3-2959ab8380a1,749c9934-39ec-4687-9dbd-78378124d954,2026-01-14 14:52:16.000,pub_318
4518e381-064f-4423-8c79-ee60f656550e,393fc1c9-d322-4b8a-952e-5ad320900791,2026-01-14 14:55:39.000,pub_204
27219160-0e40-4898-8099-187dbfc342df,6ecad2b7-b646-4008-9939-e26a0ffdc290,2026-01-14 15:00:07.000,pub_318
e7f5af5d-c4e2-47a9-8f12-1ec9e7bdb9f9,393fc1c9-d322-4b8a-952e-5ad320900791,2026-01-14 15:02:21.000,pub_318
c49ffecc-15ef-431a-b1ce-8f236d015e40,393fc1c9-d322-4b8a-952e-5ad320900791,2026-01-14 15:18:37.000,pub_101
918f0bd1-9239-4309-be79-dd4f36ca6f86,6b5edc02-f930-4de2-a691-c965ad171ac9,2026-01-14 15:29:06.000,pub_445
83563322-a323-4efd-b74c-9cb1a26a0c98,393fc1c9-d322-4b8a-952e-5ad320900791,2026-01-14 15:32:43.000,pub_318
1b27b748-04ca-4c93-a494-6f2e59b8d902,6b5edc02-f930-4de2-a691-c965ad171ac9,2026-01-14 15:33:01.000,pub_101
ab661563-ba17-4ee3-a8c4-10be6604b2b0,8a176764-6f34-497d-ba92-8314ab2d7719,2026-01-14 15:39:43.000,pub_204
ba08fae9-1650-4533-a9be-1ed60b81ccab,33c7942d-55ce-48ca-9169-a374b1f497df,2026-01-14 16:16:11.000,pub_512
cccc5094-e221-4e42-8644-6c4564872c4f,6b5edc02-f930-4de2-a691-c965ad171ac9,2026-01-14 16:21:52.000,pub_512
e1f9067f-6e6e-4af5-81f6-bf5448619ed1,33c7942d-55ce-48ca-9169-a374b1f497df,2026-01-14 16:22:24.000,pub_318
1bcc0d88-787d-456a-8f81-c3a1b1f573f2,83f9bde8-6044-446e-b665-aee0bb0e656e,2026-01-14 16:26:02.000,pub_318
60b1be01-a6cb-4d41-b68b-071d36295d11,3f1ed2cc-0767-4665-8370-36e46f39a07e,2026-01-14 16:32:59.000,pub_512
d76254bb-9116-451a-a2c9-ab851a6db7c6,6b5edc02-f930-4de2-a691-c965ad171ac9,2026-01-14 16:47:41.000,pub_204
74fc53e4-1d4b-42f3-bea7-35461774af02,83f9bde8-6044-446e-b665-aee0bb0e656e,2026-01-14 17:05:07.000,pub_204
0d7f4fea-6c4f-4b1e-8d47-ff554feaecaa,6b5edc02-f930-4de2-a691-c965ad171ac9,2026-01-14 17:05:11.000,pub_101
3020b13a-329e-47b7-a5ca-37bbffc57d47,8a176764-6f34-497d-ba92-8314ab2d7719,2026-01-14 17:18:25.000,pub_512
3eb56b98-721a-4606-8466-3418f99e5556,fdede5e3-9dba-4ca5-a36e-82895c4618f8,2026-01-14 17:22:38.000,pub_101
7600bc45-a8ec-46b6-aca9-ec9dcaa91b77,6b5edc02-f930-4de2-a691-c965ad171ac9,2026-01-14 17:44:20.000,pub_512
d69581c9-f990-4b95-bcca-d70d6855aff6,3f1ed2cc-0767-4665-8370-36e46f39a07e,2026-01-14 18:10:35.000,pub_204
03f73436-d840-4de4-81f2-2b7dc476b98e,393fc1c9-d322-4b8a-952e-5ad320900791,2026-01-14 18:14:54.000,pub_101
1dd643fc-eedd-4971-b055-4091c4a1699e,83f9bde8-6044-446e-b665-aee0bb0e656e,2026-01-14 18:25:23.000,pub_318
255d53af-01af-4cbd-bfd2-3c5ea2e81bd6,83f9bde8-6044-446e-b665-aee0bb0e656e,2026-01-14 18:35:57.000,pub_318
80891b67-e4aa-4dc7-9dab-4bffc04f622e,393fc1c9-d322-4b8a-952e-5ad320900791,2026-01-14 18:45:11.000,pub_512
29a57fe5-dc1e-4d4e-b2c0-4fd6a5385b8c,83f9bde8-6044-446e-b665-aee0bb0e656e,2026-01-14 18:47:59.000,pub_204
a89ed408-4833-4c94-ad34-593359bfb778,83f9bde8-6044-446e-b665-aee0bb0e656e,2026-01-14 18:56:24.000,pub_101
0d0f2a76-a776-4f83-b3e3-e47b0205d2aa,6b5edc02-f930-4de2-a691-c965ad171ac9,2026-01-14 19:01:10.000,pub_204
49553b8d-73b0-48a4-9607-04129dfc148c,6b5edc02-f930-4de2-a691-c965ad171ac9,2026-01-14 19:05:17.000,pub_445
76d02c69-141f-4585-b263-5bf2686b603e,33c7942d-55ce-48ca-9169-a374b1f497df,2026-01-14 19:06:11.000,pub_445
79f9a227-c362-4469-8e04-80497a895e78,749c9934-39ec-4687-9dbd-78378124d954,2026-01-14 19:19:44.000,pub_445
154a9117-26d0-4dea-896e-ba21a006247a,749c9934-39ec-4687-9dbd-78378124d954,2026-01-14 19:23:37.000,pub_318
35801d2b-2a19-40d4-869f-1f771dbd410c,33c7942d-55ce-48ca-9169-a374b1f497df,2026-01-14 19:30:28.000,pub_512
082804cd-f741-4acb-81c6-f6721efb554f,6ecad2b7-b646-4008-9939-e26a0ffdc290,2026-01-14 19:35:35.000,pub_318
12d27022-d4e5-41d7-bc31-2bd3db52a1c2,33c7942d-55ce-48ca-9169-a374b1f497df,2026-01-14 19:42:18.000,pub_512
3d54361d-8bac-45ad-8960-1a3a94a16fdc,80b7708a-f34b-4cd7-9b3d-0594a66337d5,2026-01-14 19:49:26.000,pub_512
0ce0c545-5670-4c86-adc2-0823ce48c7aa,749c9934-39ec-4687-9dbd-78378124d954,2026-01-14 19:57:51.000,pub_318
72e43333-a984-4dd4-9197-522eb437f64b,6ecad2b7-b646-4008-9939-e26a0ffdc290,2026-01-14 20:00:26.000,pub_318
64abab53-645d-4946-8fd2-2fa2ddd53e1b,749c9934-39ec-4687-9dbd-78378124d954,2026-01-14 20:02:03.000,pub_204
8414f995-441c-4c86-9771-b993372f3b78,393fc1c9-d322-4b8a-952e-5ad320900791,2026-01-14 20:05:31.000,pub_101
e8c1d5ac-a64d-4768-bda1-a8391510885b,fdede5e3-9dba-4ca5-a36e-82895c4618f8,2026-01-14 20:07:20.000,pub_101
8a967144-dd0b-40fe-aff4-7a186150a7e6,fdede5e3-9dba-4ca5-a36e-82895c4618f8,2026-01-14 20:12:31.000,pub_512
76d048e3-a62f-4352-a016-ba87ec66f0b7,83f9bde8-6044-446e-b665-aee0bb0e656e,2026-01-14 20:20:10.000,pub_204
c56a6903-e9ba-407e-a64c-ceca90417515,80b7708a-f34b-4cd7-9b3d-0594a66337d5,2026-01-14 20:20:55.000,pub_318
7cb50602-1ecc-45ad-8adb-1fdadd6987ba,6b5edc02-f930-4de2-a691-c965ad171ac9,2026-01-14 20:25:06.000,pub_445
8d48bb63-73c7-44c1-99a9-f195d7093540,33c7942d-55ce-48ca-9169-a374b1f497df,2026-01-14 20:27:36.000,pub_512
bd478f4c-d312-409e-a5af-3470d8456853,fdede5e3-9dba-4ca5-a36e-82895c4618f8,2026-01-14 20:29:37.000,pub_445
edcdc8c9-ce60-4fe4-a451-152798721ea6,749c9934-39ec-4687-9dbd-78378124d954,2026-01-14 20:31:58.000,pub_101
31d01256-6881-4050-86f7-c493cdb46789,fdede5e3-9dba-4ca5-a36e-82895c4618f8,2026-01-14 20:53:50.000,pub_204
7a107a39-3f5c-41e9-bcbb-92ffea3c1319,fdede5e3-9dba-4ca5-a36e-82895c4618f8,2026-01-14 21:02:25.000,pub_512
d41286f0-eb39-42d0-aa02-e588a37676fe,8a176764-6f34-497d-ba92-8314ab2d7719,2026-01-14 21:19:05.000,pub_204
1c0b06f1-bca6-47db-b990-e2bf720fa409,3f1ed2cc-0767-4665-8370-36e46f39a07e,2026-01-14 21:49:26.000,pub_445
0492c4b3-884d-4cc1-a69a-b4cc8d3f58c3,6b5edc02-f930-4de2-a691-c965ad171ac9,2026-01-14 21:52:30.000,pub_318
608b0c04-88aa-40d5-9077-7ac3974c54d1,6ecad2b7-b646-4008-9939-e26a0ffdc290,2026-01-14 21:55:52.000,pub_318
b75bfae7-390c-45a3-b416-5884d98b3877,83f9bde8-6044-446e-b665-aee0bb0e656e,2026-01-14 22:00:58.000,pub_101
16fb1bc3-bc95-4754-bab8-21a3302bb595,6ecad2b7-b646-4008-9939-e26a0ffdc290,2026-01-14 22:13:12.000,pub_204
35d873a4-bc22-444d-917e-3e37e3578613,393fc1c9-d322-4b8a-952e-5ad320900791,2026-01-14 22:14:19.000,pub_445
0196611c-5080-4067-a373-414b16032cb4,33c7942d-55ce-48ca-9169-a374b1f497df,2026-01-14 22:16:43.000,pub_204
21716270-1144-4c86-8144-a3c57fa160fb,80b7708a-f34b-4cd7-9b3d-0594a66337d5,2026-01-14 22:28:06.000,pub_204
6e17588b-1498-440b-8bed-0644732e79de,3f1ed2cc-0767-4665-8370-36e46f39a07e,2026-01-14 22:35:50.000,pub_445
ecf4dc3a-b9d5-4607-97ed-8549965d85bc,8a176764-6f34-497d-ba92-8314ab2d7719,2026-01-14 22:36:18.000,pub_101
0cbe7aff-c5ce-42bf-9099-b64ac10ee055,8a176764-6f34-497d-ba92-8314ab2d7719,2026-01-14 23:06:54.000,pub_512
94f10f4f-1423-437e-aa5b-99e6fe87f6bb,83f9bde8-6044-446e-b665-aee0bb0e656e,2026-01-14 23:07:23.000,pub_101
0e2dab7c-479e-4ffe-b5e2-4c22f5ab34be,33c7942d-55ce-48ca-9169-a374b1f497df,2026-01-14 23:17:56.000,pub_101
66c62fa0-4eab-4ba6-baa9-c57abf6c1846,6ecad2b7-b646-4008-9939-e26a0ffdc290,2026-01-14 23:33:24.000,pub_204
657c6291-d673-42a9-994d-abe377096b90,8a176764-6f34-497d-ba92-8314ab2d7719,2026-01-14 23:37:05.000,pub_512
cd9c0a61-e991-4343-a202-a3fa1bda9eb9,6ecad2b7-b646-4008-9939-e26a0ffdc290,2026-01-14 23:37:28.000,pub_101
0904ac48-63dd-4f4f-94d2-9d03be19a32d,6b5edc02-f930-4de2-a691-c965ad171ac9,2026-01-14 23:39:59.000,pub_318
8b8bc3dc-037b-4626-92dd-55897a0aabd9,6ecad2b7-b646-4008-9939-e26a0ffdc290,2026-01-14 23:49:38.000,pub_512
6e15293d-553f-4be5-bd33-6883c6497f79,6ecad2b7-b646-4008-9939-e26a0ffdc290,2026-01-14 23:58:42.000,pub_101
ada562de-fc05-4780-bd38-66d04dd6f6e8,80b7708a-f34b-4cd7-9b3d-0594a66337d5,2026-01-15 00:01:10.000,pub_101
8b707e12-412a-496d-9644-af867ee024fd,749c9934-39ec-4687-9dbd-78378124d954,2026-01-15 00:01:13.000,pub_101
f1d19e51-e184-445a-a6e0-474408e118ce,80b7708a-f34b-4cd7-9b3d-0594a66337d5,2026-01-15 00:04:28.000,pub_101
4179818a-2953-4893-b2f5-eecfadf0059e,6ecad2b7-b646-4008-9939-e26a0ffdc290,2026-01-15 00:05:34.000,pub_204
89c99430-40ec-4290-b36a-d005e3be7926,fdede5e3-9dba-4ca5-a36e-82895c4618f8,2026-01-15 00:27:04.000,pub_318
883fed07-b84b-46bd-ae91-c23d813eeb27,33c7942d-55ce-48ca-9169-a374b1f497df,2026-01-15 00:38:51.000,pub_512
aa190ee7-c459-40b3-ad2c-f606d2deeea3,33c7942d-55ce-48ca-9169-a374b1f497df,2026-01-15 00:57:08.000,pub_204
3c4f506e-7e6c-47bc-881b-ce2ea63b5e58,3f1ed2cc-0767-4665-8370-36e46f39a07e,2026-01-15 01:05:03.000,pub_204
7dd1b56c-4761-41c2-af64-608ca8566cc3,33c7942d-55ce-48ca-9169-a374b1f497df,2026-01-15 01:13:57.000,pub_101
557dc88c-0f5c-475a-b27b-119b2a9349da,fdede5e3-9dba-4ca5-a36e-82895c4618f8,2026-01-15 01:41:02.000,pub_318
6ab69f5f-49a9-4d93-afc4-ccdd253af369,393fc1c9-d322-4b8a-952e-5ad320900791,2026-01-15 01:42:25.000,pub_318
90d548c6-0ab3-44c9-ae62-9eace767c482,6b5edc02-f930-4de2-a691-c965ad171ac9,2026-01-15 01:45:13.000,pub_318
69e1262a-4bc5-4af2-a524-41801055b68c,6ecad2b7-b646-4008-9939-e26a0ffdc290,2026-01-15 02:06:13.000,pub_512
7f227cf7-482f-45cc-8616-58f0f4ccf3be,393fc1c9-d322-4b8a-952e-5ad320900791,2026-01-15 02:07:17.000,pub_445
be69830d-2ffa-47d8-8a39-631c88462655,393fc1c9-d322-4b8a-952e-5ad320900791,2026-01-15 02:12:30.000,pub_512
23956f1d-e690-431d-93f7-55137476faaf,393fc1c9-d322-4b8a-952e-5ad320900791,2026-01-15 02:32:07.000,pub_318
b36fdf69-54e1-48bb-9933-b7875f169a2a,6ecad2b7-b646-4008-9939-e26a0ffdc290,2026-01-15 02:32:44.000,pub_445
f45ab182-42ad-4f4f-8b3c-1e685659152e,fdede5e3-9dba-4ca5-a36e-82895c4618f8,2026-01-15 02:32:47.000,pub_512
b634e8cc-2a12-437e-8cad-d6e8f7159ffd,80b7708a-f34b-4cd7-9b3d-0594a66337d5,2026-01-15 02:33:39.000,pub_445
f62f9499-6f21-435f-a607-348748b66a15,fdede5e3-9dba-4ca5-a36e-82895c4618f8,2026-01-15 02:38:05.000,pub_101
b2e1e4a7-f1ad-4f0c-8604-4f8e40755d25,6b5edc02-f930-4de2-a691-c965ad171ac9,2026-01-15 02:39:55.000,pub_204
d7c16e52-eef7-4da5-9654-71e5343e2edb,33c7942d-55ce-48ca-9169-a374b1f497df,2026-01-15 02:50:20.000,pub_445
9e8e21d5-bb2d-4ad3-a4ce-3d651edb94e2,393fc1c9-d322-4b8a-952e-5ad320900791,2026-01-15 02:53:28.000,pub_204
9681f701-8325-4a15-9b8b-cf654afc08df,393fc1c9-d322-4b8a-952e-5ad320900791,2026-01-15 02:57:29.000,pub_318
93ca11e5-3bc1-4766-af76-e3f93f677c28,fdede5e3-9dba-4ca5-a36e-82895c4618f8,2026-01-15 03:00:43.000,pub_101
aa785db0-f88d-4dbd-a66b-385d040c212c,8a176764-6f34-497d-ba92-8314ab2d7719,2026-01-15 03:08:04.000,pub_204
ce2cff83-7a54-4c01-8999-93006d301b93,8a176764-6f34-497d-ba92-8314ab2d7719,2026-01-15 03:09:50.000,pub_204
ee997caf-de65-47a7-9746-2dc5b4926fd9,8a176764-6f34-497d-ba92-8314ab2d7719,2026-01-15 03:20:30.000,pub_101
643b9102-326e-47e4-8ec8-1500e65f2471,6ecad2b7-b646-4008-9939-e26a0ffdc290,2026-01-15 03:21:23.000,pub_445
548139ff-850f-47ac-bba1-77f0677565ed,83f9bde8-6044-446e-b665-aee0bb0e656e,2026-01-15 03:31:41.000,pub_101
9869eedc-3594-4039-ba22-0936a5f82a59,3f1ed2cc-0767-4665-8370-36e46f39a07e,2026-01-15 03:32:19.000,pub_512
f01aa877-91e7-4570-9a76-98ba93d13fac,83f9bde8-6044-446e-b665-aee0bb0e656e,2026-01-15 03:37:33.000,pub_445
71064976-e2f5-42cf-807c-1ab982934779,393fc1c9-d322-4b8a-952e-5ad320900791,2026-01-15 03:38:30.000,pub_204
634eb730-61fd-40ec-8280-bdb4325411ad,6b5edc02-f930-4de2-a691-c965ad171ac9,2026-01-15 03:49:37.000,pub_318
608b7dee-fe11-4ee5-a8f3-7457b6daea5c,6ecad2b7-b646-4008-9939-e26a0ffdc290,2026-01-15 03:58:41.000,pub_512
c52be5cf-af92-4fef-94d2-f0bff9bcb064,33c7942d-55ce-48ca-9169-a374b1f497df,2026-01-15 03:59:54.000,pub_318
4298f4be-d710-49d8-b9b8-79124a4a0231,6b5edc02-f930-4de2-a691-c965ad171ac9,2026-01-15 04:01:19.000,pub_101
d1b0dd5f-de90-4408-bb4c-f00fa317d3ae,393fc1c9-d322-4b8a-952e-5ad320900791,2026-01-15 04:01:36.000,pub_445
8c70fe05-2493-4aed-80d9-94c987ae2a32,6b5edc02-f930-4de2-a691-c965ad171ac9,2026-01-15 04:18:33.000,pub_101
4c39bb4f-b837-47a4-8adf-f3ec6c3aa4fa,fdede5e3-9dba-4ca5-a36e-82895c4618f8,2026-01-15 04:31:37.000,pub_445
773ff791-d2a7-4c21-9010-a2911e104258,6ecad2b7-b646-4008-9939-e26a0ffdc290,2026-01-15 04:34:24.000,pub_318
c8dbf6ec-5135-4d66-a6c5-a92b0c545f35,3f1ed2cc-0767-4665-8370-36e46f39a07e,2026-01-15 04:35:32.000,pub_445
199ded40-4aac-4b96-9fc4-e13985e175b8,749c9934-39ec-4687-9dbd-78378124d954,2026-01-15 04:43:42.000,pub_204
746e2cf1-8125-482b-a5e4-fcce3e184a94,393fc1c9-d322-4b8a-952e-5ad320900791,2026-01-15 04:46:55.000,pub_445
31daa7e3-6578-4abf-ba08-dce9c791549a,393fc1c9-d322-4b8a-952e-5ad320900791,2026-01-15 05:19:36.000,pub_445
84b7a5bd-3da3-4441-be94-42b7262fe194,fdede5e3-9dba-4ca5-a36e-82895c4618f8,2026-01-15 05:30:57.000,pub_101
bb967d72-d06d-49df-8b2c-9165b2dc7129,393fc1c9-d322-4b8a-952e-5ad320900791,2026-01-15 05:34:01.000,pub_445
2e711bfa-243c-4b6f-8d3b-775a08d835d5,83f9bde8-6044-446e-b665-aee0bb0e656e,2026-01-15 05:34:38.000,pub_512
500521df-cc85-46ed-a03a-fd3a8129851e,6ecad2b7-b646-4008-9939-e26a0ffdc290,2026-01-15 05:38:56.000,pub_318
d972a7a8-2bce-40d2-810d-b746990f6675,393fc1c9-d322-4b8a-952e-5ad320900791,2026-01-15 05:47:53.000,pub_318
f307c3b1-d88e-4095-ba84-b2dd2676dae9,8a176764-6f34-497d-ba92-8314ab2d7719,2026-01-15 05:49:24.000,pub_204
253ba993-b89a-4fa0-b338-8cf3aec91a39,83f9bde8-6044-446e-b665-aee0bb0e656e,2026-01-15 05:49:55.000,pub_512
33d37361-2c05-4d12-9fd0-b69c5feef60e,393fc1c9-d322-4b8a-952e-5ad320900791,2026-01-15 05:53:07.000,pub_204
945d2a91-334d-48e8-b81c-1bec72752c9e,80b7708a-f34b-4cd7-9b3d-0594a66337d5,2026-01-15 05:53:44.000,pub_101
8bcf1ea6-5839-4bd2-86f8-7056f33f0fe0,80b7708a-f34b-4cd7-9b3d-0594a66337d5,2026-01-15 05:55:17.000,pub_512
f8e7380a-6656-40fe-9043-b0eee3ae6fc0,fdede5e3-9dba-4ca5-a36e-82895c4618f8,2026-01-15 05:57:08.000,pub_445
c701fb63-ae9e-4437-a1e7-821f41379669,33c7942d-55ce-48ca-9169-a374b1f497df,2026-01-15 06:07:51.000,pub_445
ba9187f5-431c-4e0e-b350-338798c72e01,83f9bde8-6044-446e-b665-aee0bb0e656e,2026-01-15 06:15:45.000,pub_318
f540469c-7bbd-4fe5-8fcf-40d027eebb57,6ecad2b7-b646-4008-9939-e26a0ffdc290,2026-01-15 06:16:59.000,pub_101
4cb5cbc9-5709-4767-8a74-2d4c1b99d954,fdede5e3-9dba-4ca5-a36e-82895c4618f8,2026-01-15 06:25:57.000,pub_512
8951ab1d-1b2a-432e-b623-dfc913500191,3f1ed2cc-0767-4665-8370-36e46f39a07e,2026-01-15 06:35:39.000,pub_445
940fdc13-edf9-466d-adb4-2be4e12ffd2f,8a176764-6f34-497d-ba92-8314ab2d7719,2026-01-15 06:36:29.000,pub_512
988ad21c-c07c-4ff0-9833-6f0b99d9c1f7,80b7708a-f34b-4cd7-9b3d-0594a66337d5,2026-01-15 06:47:43.000,pub_318
3a2bf0a6-300a-4015-af89-3be92a21afe1,80b7708a-f34b-4cd7-9b3d-0594a66337d5,2026-01-15 07:01:25.000,pub_512
c589e150-aaaf-4de0-8272-bf95183eaa64,33c7942d-55ce-48ca-9169-a374b1f497df,2026-01-15 07:08:14.000,pub_204
e062e949-09a2-4649-8ab7-775eceda2fa6,fdede5e3-9dba-4ca5-a36e-82895c4618f8,2026-01-15 07:08:17.000,pub_512
740be9b7-2cd0-41ab-9e83-390dda685c6e,33c7942d-55ce-48ca-9169-a374b1f497df,2026-01-15 07:11:50.000,pub_445
b72d8e31-5224-4178-9e2d-80d10f25b9aa,6ecad2b7-b646-4008-9939-e26a0ffdc290,2026-01-15 07:20:50.000,pub_445
cc7f05d3-53f1-4e88-9fc4-7397b69a6815,83f9bde8-6044-446e-b665-aee0bb0e656e,2026-01-15 07:22:02.000,pub_512
797d08ca-e0ba-49f3-a8d9-b8ead033dbda,6b5edc02-f930-4de2-a691-c965ad171ac9,2026-01-15 07:30:12.000,pub_512
30f16372-5cea-4c07-b8a0-b89fd2ebb341,393fc1c9-d322-4b8a-952e-5ad320900791,2026-01-15 07:35:36.000,pub_101
1c075a63-acc0-40b7-80b0-dd180dbd115a,6ecad2b7-b646-4008-9939-e26a0ffdc290,2026-01-15 07:37:15.000,pub_318
164d8b4b-5436-4634-96b9-47ac9e374958,6b5edc02-f930-4de2-a691-c965ad171ac9,2026-01-15 07:49:20.000,pub_445
434df2ab-4c70-449e-a2b9-874ae5cdd91e,fdede5e3-9dba-4ca5-a36e-82895c4618f8,2026-01-15 07:49:42.000,pub_318
85527e99-49f5-4785-8102-438e68450dae,6b5edc02-f930-4de2-a691-c965ad171ac9,2026-01-15 07:53:17.000,pub_512
9c76b4ba-bb04-4285-8ffa-5cbdf66e19ca,80b7708a-f34b-4cd7-9b3d-0594a66337d5,2026-01-15 07:55:26.000,pub_204
07351526-9ffe-4a9c-b1ae-0d373a61740e,80b7708a-f34b-4cd7-9b3d-0594a66337d5,2026-01-15 08:06:32.000,pub_204
139b3ced-a825-4683-adaf-f3eb1259b6b1,8a176764-6f34-497d-ba92-8314ab2d7719,2026-01-15 08:11:09.000,pub_101
fef9f5c6-b5b9-4c96-a908-fc5d080bb703,749c9934-39ec-4687-9dbd-78378124d954,2026-01-15 08:20:55.000,pub_445
455d27d2-2e0b-48c9-b229-4d91c5e2b9e2,8a176764-6f34-497d-ba92-8314ab2d7719,2026-01-15 08:29:01.000,pub_318
24c352de-1b12-4005-91e6-fa38c5fdd2db,749c9934-39ec-4687-9dbd-78378124d954,2026-01-15 08:37:14.000,pub_204
b7c24ca0-4a99-4146-8029-8e6e77cbe0fb,3f1ed2cc-0767-4665-8370-36e46f39a07e,2026-01-15 08:42:58.000,pub_318
a90ccae2-b394-4c73-a4ae-e73d0c1711ff,6ecad2b7-b646-4008-9939-e26a0ffdc290,2026-01-15 08:59:07.000,pub_101
10ff795b-3e0b-4dc8-a583-b8795d176edf,83f9bde8-6044-446e-b665-aee0bb0e656e,2026-01-15 09:06:08.000,pub_512
bae91ed5-ad5a-4a0d-b1c4-558e00f4f4b9,6b5edc02-f930-4de2-a691-c965ad171ac9,2026-01-15 09:17:19.000,pub_318
b1afe4c4-c045-483e-a34c-6fe1817b4c12,3f1ed2cc-0767-4665-8370-36e46f39a07e,2026-01-15 09:42:11.000,pub_512
f5d34937-ebcb-450c-b117-3b6d0d3ed986,393fc1c9-d322-4b8a-952e-5ad320900791,2026-01-15 09:44:24.000,pub_101
66fa2244-ac61-4ecb-a554-359da2257671,6ecad2b7-b646-4008-9939-e26a0ffdc290,2026-01-15 09:49:28.000,pub_204
7ed6ca07-c54e-4f68-946a-b50cadf554ad,fdede5e3-9dba-4ca5-a36e-82895c4618f8,2026-01-15 10:25:09.000,pub_512
ebefa932-79e1-422f-8212-33dfbd748192,33c7942d-55ce-48ca-9169-a374b1f497df,2026-01-15 10:29:48.000,pub_204
8f6445db-fc88-4721-beb1-5cee5f6203e6,6b5edc02-f930-4de2-a691-c965ad171ac9,2026-01-15 10:31:22.000,pub_204
0cbf648c-8686-455c-9a34-fd678d5c27da,6ecad2b7-b646-4008-9939-e26a0ffdc290,2026-01-15 10:32:54.000,pub_512
6ad919bb-3100-47c0-bc26-8e9043586792,6b5edc02-f930-4de2-a691-c965ad171ac9,2026-01-15 10:44:45.000,pub_318
fca94ec0-284d-4a82-9627-aa46bb84b50b,80b7708a-f34b-4cd7-9b3d-0594a66337d5,2026-01-15 10:47:04.000,pub_318
560d09b7-171b-4a50-a579-52cdec7d5cca,749c9934-39ec-4687-9dbd-78378124d954,2026-01-15 10:49:34.000,pub_101
a6594cb5-b3a4-4d21-bb8d-9e6b6dea7f73,6ecad2b7-b646-4008-9939-e26a0ffdc290,2026-01-15 11:15:39.000,pub_318
7ff36919-8c31-4fdb-802a-93e64faefd60,83f9bde8-6044-446e-b665-aee0bb0e656e,2026-01-15 11:36:34.000,pub_445
77a06a7d-4aa2-4d13-8a20-7bdb9c8a7ab7,393fc1c9-d322-4b8a-952e-5ad320900791,2026-01-15 11:37:05.000,pub_445
ad9e825c-7ebe-413a-804f-668deaa9c79a,80b7708a-f34b-4cd7-9b3d-0594a66337d5,2026-01-15 11:42:44.000,pub_445
cb1ee94f-af59-4708-bc09-3735936c8162,33c7942d-55ce-48ca-9169-a374b1f497df,2026-01-15 11:50:33.000,pub_512
e1581d53-3dbd-4dd2-8449-03c96ff520f6,6b5edc02-f930-4de2-a691-c965ad171ac9,2026-01-15 12:12:33.000,pub_445
c1585d3a-ad86-49ae-9759-b6174cb5abe5,80b7708a-f34b-4cd7-9b3d-0594a66337d5,2026-01-15 12:28:43.000,pub_204
4e8fa5f6-466d-468c-ba7c-d940d962d335,749c9934-39ec-4687-9dbd-78378124d954,2026-01-15 12:39:27.000,pub_204
9d5a1913-0d4f-457d-a9cf-ebc21a5eeae7,fdede5e3-9dba-4ca5-a36e-82895c4618f8,2026-01-15 12:40:58.000,pub_204
dd5f61b5-3ec7-4c6e-bcf1-c7b60ec49aa6,fdede5e3-9dba-4ca5-a36e-82895c4618f8,2026-01-15 12:42:12.000,pub_318
f6fd1204-48d3-4740-9204-a099bffd381d,83f9bde8-6044-446e-b665-aee0bb0e656e,2026-01-15 12:48:05.000,pub_101
4b33b5db-8c92-4f46-9a35-8d5fefa6350e,83f9bde8-6044-446e-b665-aee0bb0e656e,2026-01-15 13:06:09.000,pub_318
42971045-4097-4372-886a-1c86d404f20d,3f1ed2cc-0767-4665-8370-36e46f39a07e,2026-01-15 13:16:52.000,pub_445
51f4b295-c494-4672-b6df-820f77bef523,33c7942d-55ce-48ca-9169-a374b1f497df,2026-01-15 13:18:56.000,pub_445
e422690c-ed5a-48e5-9fbf-812ec9fe7fae,fdede5e3-9dba-4ca5-a36e-82895c4618f8,2026-01-15 13:26:11.000,pub_445
5e13da7f-10f2-43ef-8c6e-554dbf8eb9f6,8a176764-6f34-497d-ba92-8314ab2d7719,2026-01-15 13:28:47.000,pub_512
cd76e283-7116-40bf-b875-17bbde84e789,6b5edc02-f930-4de2-a691-c965ad171ac9,2026-01-15 13:29:44.000,pub_101
b89705e8-5222-4935-b164-39311028db69,8a176764-6f34-497d-ba92-8314ab2d7719,2026-01-15 13:33:54.000,pub_318
e2770ebf-e463-4b3e-8ac3-a28933d6dafd,80b7708a-f34b-4cd7-9b3d-0594a66337d5,2026-01-15 13:43:38.000,pub_101
db0d2600-ff16-4d74-8756-8a9d6f6cd15c,3f1ed2cc-0767-4665-8370-36e46f39a07e,2026-01-15 13:46:34.000,pub_318
bbb3bd47-5ad3-42f5-a1c7-b5e77bd02bfb,fdede5e3-9dba-4ca5-a36e-82895c4618f8,2026-01-15 13:47:42.000,pub_512
cf2df953-ee4a-400c-b744-7ebbd3aa35d1,6ecad2b7-b646-4008-9939-e26a0ffdc290,2026-01-15 13:50:47.000,pub_445
5106a57a-c951-4834-85b7-9835c2198e30,33c7942d-55ce-48ca-9169-a374b1f497df,2026-01-15 13:52:39.000,pub_101
2da43048-d835-46d1-b9e8-0cf612b04cda,393fc1c9-d322-4b8a-952e-5ad320900791,2026-01-15 13:54:51.000,pub_204
ac580278-f1c8-4957-a279-01c24a733289,8a176764-6f34-497d-ba92-8314ab2d7719,2026-01-15 13:59:00.000,pub_204
0bc14b7f-f74c-43ab-957d-f9e1be43996d,6ecad2b7-b646-4008-9939-e26a0ffdc290,2026-01-15 14:00:05.000,pub_204
78532ae0-5120-4309-8a05-e9813dad6d28,6ecad2b7-b646-4008-9939-e26a0ffdc290,2026-01-15 14:05:06.000,pub_445
adfd95d8-d478-44b3-b793-9ab368dfca5d,6ecad2b7-b646-4008-9939-e26a0ffdc290,2026-01-15 14:12:15.000,pub_512
03d3d42a-0df1-4ac8-a45e-85668ed2527b,6b5edc02-f930-4de2-a691-c965ad171ac9,2026-01-15 14:13:27.000,pub_101
4903e00e-8e88-47a8-93d6-1cc90582f39b,80b7708a-f34b-4cd7-9b3d-0594a66337d5,2026-01-15 14:20:03.000,pub_204
a4798736-0bf2-42bc-bec9-898f28750468,33c7942d-55ce-48ca-9169-a374b1f497df,2026-01-15 14:33:36.000,pub_101
1c79acf0-af1e-4c9f-9357-7cb8b147ab12,80b7708a-f34b-4cd7-9b3d-0594a66337d5,2026-01-15 14:41:18.000,pub_318
e371b491-36bf-4f81-bdae-f24dc362a47e,6b5edc02-f930-4de2-a691-c965ad171ac9,2026-01-15 14:45:46.000,pub_318
fc622290-5db3-473a-8e70-4ba11502f68a,6ecad2b7-b646-4008-9939-e26a0ffdc290,2026-01-15 14:48:59.000,pub_318
33a180b7-8812-45d4-a9d4-211939681c0e,3f1ed2cc-0767-4665-8370-36e46f39a07e,2026-01-15 14:52:14.000,pub_445
d32bbb80-a3dc-49f1-a275-3c95e5caae80,6ecad2b7-b646-4008-9939-e26a0ffdc290,2026-01-15 15:01:09.000,pub_318
294b3846-34e5-451a-864d-c282817ca6b0,fdede5e3-9dba-4ca5-a36e-82895c4618f8,2026-01-15 15:05:46.000,pub_512
ea4c3494-2328-4ae9-92d5-3a4399078cf1,33c7942d-55ce-48ca-9169-a374b1f497df,2026-01-15 15:14:01.000,pub_101
a528c286-27c1-4255-8b1d-43a0cd68aa37,393fc1c9-d322-4b8a-952e-5ad320900791,2026-01-15 15:14:21.000,pub_512
43dbc34d-5e7a-4da7-b5ac-1bd1b00831c4,6b5edc02-f930-4de2-a691-c965ad171ac9,2026-01-15 15:18:34.000,pub_101
6c22fbb3-87b8-4d08-a7d1-c38dcddd2e06,80b7708a-f34b-4cd7-9b3d-0594a66337d5,2026-01-15 15:18:46.000,pub_512
7df3e16a-941e-48b3-a05f-51ad60b7b151,6ecad2b7-b646-4008-9939-e26a0ffdc290,2026-01-15 15:20:50.000,pub_512
0cfb9fa9-076e-4259-a05e-22215812dff8,fdede5e3-9dba-4ca5-a36e-82895c4618f8,2026-01-15 15:22:09.000,pub_512
20e32ece-3cd6-4633-8cab-66131849c21a,393fc1c9-d322-4b8a-952e-5ad320900791,2026-01-15 15:26:49.000,pub_204
d751dbe9-fe1d-4635-b381-24381ed589dd,6b5edc02-f930-4de2-a691-c965ad171ac9,2026-01-15 15:34:51.000,pub_204
1a6a8db9-1c11-4d7c-8d75-69067413ef43,393fc1c9-d322-4b8a-952e-5ad320900791,2026-01-15 15:47:26.000,pub_318
6bc9e9ae-a3c4-4253-9b24-74d9e9c74f26,33c7942d-55ce-48ca-9169-a374b1f497df,2026-01-15 15:52:54.000,pub_512
6612869e-9a75-4e80-8a00-59f2800a5407,33c7942d-55ce-48ca-9169-a374b1f497df,2026-01-15 15:57:54.000,pub_445
46fd5cb6-efd3-49b1-be39-4fa7a878399e,80b7708a-f34b-4cd7-9b3d-0594a66337d5,2026-01-15 16:26:47.000,pub_445
1ee047ba-e2bf-4516-8f89-52ae43fcc443,3f1ed2cc-0767-4665-8370-36e46f39a07e,2026-01-15 16:29:29.000,pub_204
42228dd7-73e1-442e-b887-e15a97bd10ea,749c9934-39ec-4687-9dbd-78378124d954,2026-01-15 16:30:21.000,pub_512
730ccc88-227c-4dbd-992c-1db8eba6492a,80b7708a-f34b-4cd7-9b3d-0594a66337d5,2026-01-15 16:37:14.000,pub_101
59f49cbc-0b8c-4faf-9a60-473dd30722ca,33c7942d-55ce-48ca-9169-a374b1f497df,2026-01-15 16:41:21.000,pub_318
4f1c180e-bbd8-4a3b-ad5b-d04c0620b709,3f1ed2cc-0767-4665-8370-36e46f39a07e,2026-01-15 16:44:34.000,pub_101
4b06f490-42de-46ac-bf38-e50ae3db56bc,6b5edc02-f930-4de2-a691-c965ad171ac9,2026-01-15 16:56:18.000,pub_204
b6115aef-07ca-4862-9b1c-42f84960ee67,393fc1c9-d322-4b8a-952e-5ad320900791,2026-01-15 16:58:03.000,pub_445
baa8b569-55ec-4678-8785-009acd42c7a6,83f9bde8-6044-446e-b665-aee0bb0e656e,2026-01-15 17:04:21.000,pub_204
2cfb051e-bfb7-42c5-9ca1-118ec1ba9957,33c7942d-55ce-48ca-9169-a374b1f497df,2026-01-15 17:18:02.000,pub_101
90667df5-052e-4163-a22f-4297c01de4fa,393fc1c9-d322-4b8a-952e-5ad320900791,2026-01-15 17:25:17.000,pub_204
bc3c2a3b-f4d6-4c20-8806-edcb55fbd27d,8a176764-6f34-497d-ba92-8314ab2d7719,2026-01-15 17:44:26.000,pub_318
7dff81bf-0c0a-445e-a5dc-51a753dbca30,6ecad2b7-b646-4008-9939-e26a0ffdc290,2026-01-15 17:46:21.000,pub_445
99f22767-cae4-4531-970e-6cffc8709447,8a176764-6f34-497d-ba92-8314ab2d7719,2026-01-15 17:46:48.000,pub_204
bfefc87b-0229-48ed-9853-11caf06a2769,3f1ed2cc-0767-4665-8370-36e46f39a07e,2026-01-15 17:59:38.000,pub_101
fd3e8c2f-ab3d-4831-a3f7-b2cc37e267c7,6b5edc02-f930-4de2-a691-c965ad171ac9,2026-01-15 18:07:05.000,pub_445
72f6492c-e0dc-4fb4-abde-60c298ded4d2,393fc1c9-d322-4b8a-952e-5ad320900791,2026-01-15 18:31:25.000,pub_101
acb6e39c-3907-4bf0-9b5e-94b15c45ca33,83f9bde8-6044-446e-b665-aee0bb0e656e,2026-01-15 18:33:43.000,pub_318
7f776bcd-e5f3-43a9-8db8-938a9793c569,fdede5e3-9dba-4ca5-a36e-82895c4618f8,2026-01-15 18:53:14.000,pub_318
1d2fd753-88fc-4266-9de6-d40a41f953f1,fdede5e3-9dba-4ca5-a36e-82895c4618f8,2026-01-15 18:59:27.000,pub_204
81033f62-6234-471f-afab-11ac94a57f88,393fc1c9-d322-4b8a-952e-5ad320900791,2026-01-15 19:05:54.000,pub_512
e8d6d5fe-735b-4200-b494-e2d4417633f0,393fc1c9-d322-4b8a-952e-5ad320900791,2026-01-15 19:08:22.000,pub_204
223ce236-b6c5-4f4a-b8c8-5277742c92e7,fdede5e3-9dba-4ca5-a36e-82895c4618f8,2026-01-15 19:14:55.000,pub_101
c961f0eb-ba10-4029-b5a6-3b0d437888aa,6b5edc02-f930-4de2-a691-c965ad171ac9,2026-01-15 19:26:06.000,pub_445
a9b85e2d-30c9-4423-812e-d017ada1e872,393fc1c9-d322-4b8a-952e-5ad320900791,2026-01-15 19:31:23.000,pub_101
1da7f860-7b87-412c-8123-1411b7a66ad4,83f9bde8-6044-446e-b665-aee0bb0e656e,2026-01-15 19:47:52.000,pub_318
af6007de-9b0d-4cea-8c74-e3c9bfd39f4b,fdede5e3-9dba-4ca5-a36e-82895c4618f8,2026-01-15 20:07:17.000,pub_445
373209ea-2abd-42d5-bc5c-851ee6a08bed,3f1ed2cc-0767-4665-8370-36e46f39a07e,2026-01-15 20:08:15.000,pub_512
481928d4-3fc1-4b54-8d21-6d20bd6bf443,8a176764-6f34-497d-ba92-8314ab2d7719,2026-01-15 20:20:16.000,pub_445
17a1d511-d515-4b75-a1e6-232a1a01658b,6ecad2b7-b646-4008-9939-e26a0ffdc290,2026-01-15 20:47:11.000,pub_318
6067b28a-bbc5-4fad-901a-f5f4f1354f72,80b7708a-f34b-4cd7-9b3d-0594a66337d5,2026-01-15 20:49:23.000,pub_101
ffe5cf29-d37f-4ad2-8f07-33d3318d7f1f,749c9934-39ec-4687-9dbd-78378124d954,2026-01-15 20:50:13.000,pub_204
51a886d8-2bb5-41a5-bc49-33efee09d164,33c7942d-55ce-48ca-9169-a374b1f497df,2026-01-15 21:05:36.000,pub_445
d8ec0932-78e8-4bf1-b25a-6e19fad11db1,33c7942d-55ce-48ca-9169-a374b1f497df,2026-01-15 21:14:30.000,pub_318
12a539ea-1532-432c-84dd-7d9cbff7377c,6b5edc02-f930-4de2-a691-c965ad171ac9,2026-01-15 21:15:25.000,pub_318
d4f5120a-ea08-498f-b2c1-e7228e2aa119,33c7942d-55ce-48ca-9169-a374b1f497df,2026-01-15 21:17:16.000,pub_204
1e609a17-f1c4-4c17-870e-d4b66586e13e,fdede5e3-9dba-4ca5-a36e-82895c4618f8,2026-01-15 21:33:31.000,pub_512
65592aa1-f18e-46f5-8f54-3f377a60e39c,749c9934-39ec-4687-9dbd-78378124d954,2026-01-15 21:33:47.000,pub_204
69b484de-bb72-4b32-befb-aa1d8170bc93,6b5edc02-f930-4de2-a691-c965ad171ac9,2026-01-15 21:46:48.000,pub_445
8c3a6781-1e0f-4cd0-b487-b6b0061ae5f0,fdede5e3-9dba-4ca5-a36e-82895c4618f8,2026-01-15 21:49:13.000,pub_512
6836c0d0-2ef5-4491-8743-1dc678d7a69a,393fc1c9-d322-4b8a-952e-5ad320900791,2026-01-15 22:04:26.000,pub_101
32f806ff-a572-4efa-b1e2-eb03585b71b5,33c7942d-55ce-48ca-9169-a374b1f497df,2026-01-15 22:08:35.000,pub_445
95971ef8-c57d-496d-8e1d-4f86fa0693f4,6b5edc02-f930-4de2-a691-c965ad171ac9,2026-01-15 22:10:47.000,pub_204
dc00e8fd-c620-472e-bc81-117c5205c2cf,6b5edc02-f930-4de2-a691-c965ad171ac9,2026-01-15 22:35:32.000,pub_204
bdb6b339-86ca-47d7-b5c3-80e008fb72e7,8a176764-6f34-497d-ba92-8314ab2d7719,2026-01-15 22:41:32.000,pub_318
c3741926-9773-4e32-98f5-9ef546d05f52,3f1ed2cc-0767-4665-8370-36e46f39a07e,2026-01-15 22:49:16.000,pub_445
97c881eb-9dbe-427e-a468-ed8dfb1e976b,fdede5e3-9dba-4ca5-a36e-82895c4618f8,2026-01-15 22:51:16.000,pub_204
e9341fc3-79d9-4490-a1c0-173c3ffc21ee,393fc1c9-d322-4b8a-952e-5ad320900791,2026-01-15 22:51:17.000,pub_204
8cb681f5-7332-4c95-b935-6c8837b3929e,749c9934-39ec-4687-9dbd-78378124d954,2026-01-15 23:00:40.000,pub_445
46492f26-0960-4205-ab11-5e5141022db4,393fc1c9-d322-4b8a-952e-5ad320900791,2026-01-15 23:08:49.000,pub_318
33e58c1f-2e76-40e5-afcc-19ca8cf3dc08,fdede5e3-9dba-4ca5-a36e-82895c4618f8,2026-01-15 23:10:25.000,pub_318
de50cac2-05db-4722-85d1-49fa621a114a,fdede5e3-9dba-4ca5-a36e-82895c4618f8,2026-01-15 23:15:27.000,pub_445
c434fb82-fdc5-4a99-99ea-b25e6f44cbff,6b5edc02-f930-4de2-a691-c965ad171ac9,2026-01-15 23:25:18.000,pub_445
c92547d3-145a-46f6-ac74-a64505fb1e51,8a176764-6f34-497d-ba92-8314ab2d7719,2026-01-15 23:28:32.000,pub_445
e0e35125-53a8-4829-bb63-7e87be581706,83f9bde8-6044-446e-b665-aee0bb0e656e,2026-01-15 23:46:57.000,pub_445
26cc0539-7cb2-4cbc-8808-88e26b596e99,83f9bde8-6044-446e-b665-aee0bb0e656e,2026-01-16 00:20:33.000,pub_445
ee249e1e-3cf9-43f3-94e1-8e365a601a4c,fdede5e3-9dba-4ca5-a36e-82895c4618f8,2026-01-16 00:20:59.000,pub_445
e0623c3b-ee96-4323-bfaa-dd9ff236cdee,6b5edc02-f930-4de2-a691-c965ad171ac9,2026-01-16 00:22:12.000,pub_204
65830f01-53c5-4d35-90b3-67ed6db8971d,33c7942d-55ce-48ca-9169-a374b1f497df,2026-01-16 00:23:15.000,pub_204
f6630d57-2e4a-432e-a388-d8e1fdbecb2c,80b7708a-f34b-4cd7-9b3d-0594a66337d5,2026-01-16 00:26:34.000,pub_204
f015dbb0-088b-42dc-88a0-0e19829c653e,6b5edc02-f930-4de2-a691-c965ad171ac9,2026-01-16 00:33:22.000,pub_445
b207dd3b-3d35-4bb9-a0f0-a693373b6848,3f1ed2cc-0767-4665-8370-36e46f39a07e,2026-01-16 00:49:43.000,pub_512
4a034324-27ef-41a5-b436-afbfa80bbca4,6b5edc02-f930-4de2-a691-c965ad171ac9,2026-01-16 00:53:35.000,pub_445
523050e5-0790-4733-81a9-d1d18ee8d66d,8a176764-6f34-497d-ba92-8314ab2d7719,2026-01-16 00:58:21.000,pub_512
4833692e-5d40-401c-bada-a78837b3ef74,fdede5e3-9dba-4ca5-a36e-82895c4618f8,2026-01-16 01:04:03.000,pub_101
783753cf-cac1-4b61-935d-cd90aaa17a72,749c9934-39ec-4687-9dbd-78378124d954,2026-01-16 01:09:17.000,pub_101
bf77219c-5e00-44cf-9d81-7d6cefa2ad72,749c9934-39ec-4687-9dbd-78378124d954,2026-01-16 01:15:52.000,pub_512
cb80ae3c-43b5-426d-8866-4c604f4574ac,393fc1c9-d322-4b8a-952e-5ad320900791,2026-01-16 01:21:46.000,pub_204
f797eaaa-d5e9-4cc6-99e3-f0c5a6572768,80b7708a-f34b-4cd7-9b3d-0594a66337d5,2026-01-16 01:29:45.000,pub_318
faf1244f-ee14-4424-957e-cbb98df89b3e,3f1ed2cc-0767-4665-8370-36e46f39a07e,2026-01-16 01:32:30.000,pub_512
288950e0-b0cf-4ab0-8207-3e7eb9b874e4,83f9bde8-6044-446e-b665-aee0bb0e656e,2026-01-16 01:35:38.000,pub_318
e214aef0-6ca1-420a-a9e4-2655bf881e43,3f1ed2cc-0767-4665-8370-36e46f39a07e,2026-01-16 01:37:52.000,pub_318
93080a5c-6231-499d-94c0-ee72b254ed34,6ecad2b7-b646-4008-9939-e26a0ffdc290,2026-01-16 01:44:37.000,pub_101
6614ef60-ec24-4c6b-b82e-cb372d8f75d4,3f1ed2cc-0767-4665-8370-36e46f39a07e,2026-01-16 01:47:27.000,pub_512
c725e53d-0172-4395-95f9-d25b415e5ca3,33c7942d-55ce-48ca-9169-a374b1f497df,2026-01-16 01:59:20.000,pub_318
77682153-7a50-4316-b7d1-fa2d9ecffb07,393fc1c9-d322-4b8a-952e-5ad320900791,2026-01-16 02:06:25.000,pub_101
a2876406-1fb0-4d9f-82c6-63366123d18e,33c7942d-55ce-48ca-9169-a374b1f497df,2026-01-16 02:16:55.000,pub_318
9a456aef-d611-4772-af7e-96563dc9ef5a,83f9bde8-6044-446e-b665-aee0bb0e656e,2026-01-16 02:18:56.000,pub_101
79cd8a79-27de-4da9-8415-94caf66771b3,fdede5e3-9dba-4ca5-a36e-82895c4618f8,2026-01-16 02:29:04.000,pub_512
3cd11116-4491-417a-b3ac-a16e44f08edf,83f9bde8-6044-446e-b665-aee0bb0e656e,2026-01-16 02:31:42.000,pub_512
469b22d0-7613-43ba-bd53-7dc20777e12a,fdede5e3-9dba-4ca5-a36e-82895c4618f8,2026-01-16 02:34:08.000,pub_318
c78c320d-c603-4f71-b0d5-6b222ed17088,393fc1c9-d322-4b8a-952e-5ad320900791,2026-01-16 02:50:35.000,pub_445
4b57b713-32ad-4668-8e9d-a71b779237aa,8a176764-6f34-497d-ba92-8314ab2d7719,2026-01-16 02:52:50.000,pub_204
17f52975-f5c3-4608-a29e-23240abdc525,749c9934-39ec-4687-9dbd-78378124d954,2026-01-16 03:00:33.000,pub_318
270f9349-9d5d-4494-9f1a-3fed1d80ad9d,83f9bde8-6044-446e-b665-aee0bb0e656e,2026-01-16 03:02:47.000,pub_204
4829f7fc-fb57-43ff-bf7e-2b184a8c5468,749c9934-39ec-4687-9dbd-78378124d954,2026-01-16 03:05:01.000,pub_318
cdbda2f3-09bc-47e5-81f6-0ba091737e6b,fdede5e3-9dba-4ca5-a36e-82895c4618f8,2026-01-16 03:06:59.000,pub_318
3cefbc3f-1988-4da0-af87-d8fd68d92f05,6ecad2b7-b646-4008-9939-e26a0ffdc290,2026-01-16 03:07:05.000,pub_512
4a49faec-6086-4a20-b864-b213f99f2996,6b5edc02-f930-4de2-a691-c965ad171ac9,2026-01-16 03:10:32.000,pub_445
aaf39cf8-6dc1-4d00-a922-65609631ea0f,393fc1c9-d322-4b8a-952e-5ad320900791,2026-01-16 03:19:13.000,pub_204
5477531b-06b4-4112-8de2-e3e42da46eeb,6b5edc02-f930-4de2-a691-c965ad171ac9,2026-01-16 03:34:26.000,pub_512
e8b417ae-4332-44bf-9caf-b5758dbfb1b8,3f1ed2cc-0767-4665-8370-36e46f39a07e,2026-01-16 03:43:38.000,pub_318
19d02bb0-b78f-448b-8564-f0b3d2be025f,3f1ed2cc-0767-4665-8370-36e46f39a07e,2026-01-16 04:01:45.000,pub_318
b4c05171-cde8-4cdd-a992-759bec503553,3f1ed2cc-0767-4665-8370-36e46f39a07e,2026-01-16 04:05:18.000,pub_512
f837127e-9ff9-444e-b362-c4507b89dfb9,749c9934-39ec-4687-9dbd-78378124d954,2026-01-16 04:34:50.000,pub_445
2d5a2255-1838-4241-a14b-96b63c4b33a8,8a176764-6f34-497d-ba92-8314ab2d7719,2026-01-16 04:35:48.000,pub_512
341ec25b-c6e1-4d6c-9c02-5bfd63cafc7b,80b7708a-f34b-4cd7-9b3d-0594a66337d5,2026-01-16 04:59:49.000,pub_101
86b9acfd-5602-4ebe-8557-0eb22c79d152,83f9bde8-6044-446e-b665-aee0bb0e656e,2026-01-16 05:05:23.000,pub_318
951a6792-ec05-490e-95c0-b1ad97ed4c83,83f9bde8-6044-446e-b665-aee0bb0e656e,2026-01-16 05:08:32.000,pub_512
5ab8f4b8-304e-4c65-95db-6991a3dbab13,393fc1c9-d322-4b8a-952e-5ad320900791,2026-01-16 05:12:26.000,pub_512
9c1d226d-87fb-4a71-9e0f-9534017e6919,8a176764-6f34-497d-ba92-8314ab2d7719,2026-01-16 05:13:28.000,pub_512
c129a7f6-ed6a-42eb-9309-1ae67f2d1590,6b5edc02-f930-4de2-a691-c965ad171ac9,2026-01-16 05:13:59.000,pub_318
1a147743-5509-4e42-a5e6-e544d46be89a,749c9934-39ec-4687-9dbd-78378124d954,2026-01-16 05:27:38.000,pub_445
ddcff15f-b052-4135-a610-f944d76b5ccf,fdede5e3-9dba-4ca5-a36e-82895c4618f8,2026-01-16 05:47:11.000,pub_101
e7a721c9-5555-492b-88ca-d805fc74c531,8a176764-6f34-497d-ba92-8314ab2d7719,2026-01-16 05:56:16.000,pub_101
6d84bcf2-1d34-43d0-92ba-c198cf1b4d07,393fc1c9-d322-4b8a-952e-5ad320900791,2026-01-16 05:58:59.000,pub_318
3c968d2c-cac3-4505-a35e-e7e5d36f434b,6b5edc02-f930-4de2-a691-c965ad171ac9,2026-01-16 06:03:02.000,pub_204
fac3fac2-705e-483c-8dbb-17086c552ced,fdede5e3-9dba-4ca5-a36e-82895c4618f8,2026-01-16 06:09:47.000,pub_101
4f89674b-c46e-405b-afc0-c56ea0ea966b,8a176764-6f34-497d-ba92-8314ab2d7719,2026-01-16 06:10:53.000,pub_101
58b326b6-a482-46f8-ab35-00b942ff6ee6,83f9bde8-6044-446e-b665-aee0bb0e656e,2026-01-16 06:10:53.000,pub_512
1e4653e8-0894-4ed2-8ee7-b62942ca7675,80b7708a-f34b-4cd7-9b3d-0594a66337d5,2026-01-16 06:17:08.000,pub_318
bda3fc23-2cff-497f-b7a5-443af257bcda,6ecad2b7-b646-4008-9939-e26a0ffdc290,2026-01-16 06:21:51.000,pub_101
50368f62-1e52-45e7-9ecb-c04ccb25a233,6b5edc02-f930-4de2-a691-c965ad171ac9,2026-01-16 06:23:13.000,pub_445
8c1e10c5-1f3f-4aeb-8f40-443ae382644e,80b7708a-f34b-4cd7-9b3d-0594a66337d5,2026-01-16 06:25:23.000,pub_204
428b2a06-226c-46ec-b63f-cd160f2c9669,393fc1c9-d322-4b8a-952e-5ad320900791,2026-01-16 06:30:45.000,pub_101
5993962d-4d64-44a8-ac1e-50ce569c34e2,749c9934-39ec-4687-9dbd-78378124d954,2026-01-16 06:46:26.000,pub_445
15440396-87b1-4347-b0b6-a6f08108a56b,fdede5e3-9dba-4ca5-a36e-82895c4618f8,2026-01-16 06:46:48.000,pub_101
068aed13-f7ef-4909-838d-8288a786d861,6b5edc02-f930-4de2-a691-c965ad171ac9,2026-01-16 06:53:25.000,pub_101
f063037f-3148-4a43-b606-228631eefe7a,393fc1c9-d322-4b8a-952e-5ad320900791,2026-01-16 07:11:59.000,pub_445
8b2fec51-349e-4246-b446-d58b70f5e7f0,6ecad2b7-b646-4008-9939-e26a0ffdc290,2026-01-16 07:18:52.000,pub_445
ef2e6132-98b2-4879-8ae0-bfabe6c7eeff,749c9934-39ec-4687-9dbd-78378124d954,2026-01-16 07:24:19.000,pub_445
56a4d2bb-dfc6-4640-a220-dbd500ce7cd5,fdede5e3-9dba-4ca5-a36e-82895c4618f8,2026-01-16 07:31:58.000,pub_445
7955e84c-3d49-47c0-9081-5f4b6817fedf,8a176764-6f34-497d-ba92-8314ab2d7719,2026-01-16 07:45:37.000,pub_101
7858b730-056a-494e-8efc-1fe9e66f2f6b,6b5edc02-f930-4de2-a691-c965ad171ac9,2026-01-16 07:51:10.000,pub_445
65655935-9c06-4fd5-988e-59cba90149ec,749c9934-39ec-4687-9dbd-78378124d954,2026-01-16 08:33:17.000,pub_445
42119537-7ab6-40fc-a7ea-12ae6b13fa42,83f9bde8-6044-446e-b665-aee0bb0e656e,2026-01-16 08:35:51.000,pub_318
975485d5-addb-4591-b90b-3ae307d8d449,749c9934-39ec-4687-9dbd-78378124d954,2026-01-16 08:43:02.000,pub_204
c0c9a9eb-ab30-4258-91ba-d3c577ce932d,3f1ed2cc-0767-4665-8370-36e46f39a07e,2026-01-16 08:44:09.000,pub_318
e3b2f6ac-9954-445a-ad18-6ffa66e657a9,393fc1c9-d322-4b8a-952e-5ad320900791,2026-01-16 08:45:57.000,pub_445
c9df5044-cc17-460d-9f0e-7525e467d2e3,6b5edc02-f930-4de2-a691-c965ad171ac9,2026-01-16 08:47:20.000,pub_318
1771387c-0c70-4fa1-8844-61894d7030e4,80b7708a-f34b-4cd7-9b3d-0594a66337d5,2026-01-16 08:57:24.000,pub_318
bfc6875a-5d10-4737-a715-e53cd7c4dfd1,8a176764-6f34-497d-ba92-8314ab2d7719,2026-01-16 09:15:40.000,pub_318
12ac4852-629b-4c32-a691-444c221adc58,393fc1c9-d322-4b8a-952e-5ad320900791,2026-01-16 09:15:58.000,pub_318
a24de2ed-99a3-4199-a681-88888e292612,83f9bde8-6044-446e-b665-aee0bb0e656e,2026-01-16 09:17:56.000,pub_512
48b173f1-11ce-4023-89b9-115237bbd9e9,6ecad2b7-b646-4008-9939-e26a0ffdc290,2026-01-16 09:21:50.000,pub_101
1b57ce89-4d61-4499-b15e-b10e1eecc573,3f1ed2cc-0767-4665-8370-36e46f39a07e,2026-01-16 09:43:17.000,pub_101
b52e1682-4eba-443d-8255-7cbed3b8557c,3f1ed2cc-0767-4665-8370-36e46f39a07e,2026-01-16 09:52:49.000,pub_318
ebc02fbc-dc25-4dce-aa75-964908c33dbc,33c7942d-55ce-48ca-9169-a374b1f497df,2026-01-16 10:03:07.000,pub_445
2f53e336-add0-48d1-bcf5-dc34c736a62d,80b7708a-f34b-4cd7-9b3d-0594a66337d5,2026-01-16 10:14:39.000,pub_318
734e2a57-ec9b-4fbb-858b-adae2809c4d4,fdede5e3-9dba-4ca5-a36e-82895c4618f8,2026-01-16 10:19:57.000,pub_512
ade862f9-2986-4b51-be72-892a909b7388,6b5edc02-f930-4de2-a691-c965ad171ac9,2026-01-16 10:24:18.000,pub_101
eff35c29-e208-45e8-b43d-ccb2114b3cea,749c9934-39ec-4687-9dbd-78378124d954,2026-01-16 10:26:25.000,pub_512
e3496b72-0640-4b89-977a-b7d470d64d7d,749c9934-39ec-4687-9dbd-78378124d954,2026-01-16 10:51:36.000,pub_101
33f6e1a5-ea90-40ca-a30f-4328e03287e1,393fc1c9-d322-4b8a-952e-5ad320900791,2026-01-16 10:53:19.000,pub_445
79840397-7413-4f8d-b82c-6fc328a4404f,fdede5e3-9dba-4ca5-a36e-82895c4618f8,2026-01-16 10:57:38.000,pub_512
438a3a9c-af11-434d-b299-bc2fcbc59c44,3f1ed2cc-0767-4665-8370-36e46f39a07e,2026-01-16 11:06:51.000,pub_204
96f3f7a1-4fc3-4d6c-9f22-c90d46706755,80b7708a-f34b-4cd7-9b3d-0594a66337d5,2026-01-16 11:10:14.000,pub_204
3455e47f-bfb4-4f9d-b748-1f8118e4e19d,393fc1c9-d322-4b8a-952e-5ad320900791,2026-01-16 11:10:59.000,pub_101
1d692d4b-c16e-4ea8-9e7f-d363eb8a7668,80b7708a-f34b-4cd7-9b3d-0594a66337d5,2026-01-16 11:15:28.000,pub_101
8a6203ac-512d-4ea1-8fb6-d3d7d9c5e5dc,393fc1c9-d322-4b8a-952e-5ad320900791,2026-01-16 11:17:41.000,pub_101
9af95f89-74b5-47b5-8111-9ab6a767c65c,83f9bde8-6044-446e-b665-aee0bb0e656e,2026-01-16 11:21:09.000,pub_445
ea7e900d-7693-450d-a7d3-867e47715f7f,8a176764-6f34-497d-ba92-8314ab2d7719,2026-01-16 11:33:23.000,pub_101
0cae5444-dc19-4d8a-9470-f6c7459474fa,83f9bde8-6044-446e-b665-aee0bb0e656e,2026-01-16 11:50:11.000,pub_445
00e2784e-97ed-417b-a2b2-23ef82c79345,393fc1c9-d322-4b8a-952e-5ad320900791,2026-01-16 11:54:13.000,pub_512
0f0fda1e-a39e-49c3-90a5-6ea4d1db3db9,749c9934-39ec-4687-9dbd-78378124d954,2026-01-16 12:01:47.000,pub_445
71e4da57-1327-4ac1-8851-c7f9892a51b5,749c9934-39ec-4687-9dbd-78378124d954,2026-01-16 12:01:50.000,pub_318
51cdff8f-bcdf-407d-9b3c-3a9fc3df9b14,393fc1c9-d322-4b8a-952e-5ad320900791,2026-01-16 12:01:50.000,pub_512
8188c09c-6f8c-4b1c-8766-5b6d96b9cf9a,80b7708a-f34b-4cd7-9b3d-0594a66337d5,2026-01-16 12:07:37.000,pub_445
68ad6c9e-fa17-41ae-ab80-bb2878651810,33c7942d-55ce-48ca-9169-a374b1f497df,2026-01-16 12:07:55.000,pub_318
62ccf687-2bb3-47db-b5a4-e7965ec088a7,83f9bde8-6044-446e-b665-aee0bb0e656e,2026-01-16 12:11:48.000,pub_318
1d01e360-dc69-4b9e-950b-2d130b54d59d,749c9934-39ec-4687-9dbd-78378124d954,2026-01-16 12:15:58.000,pub_204
5b0fbddc-1159-45b7-a340-b14395864df3,6ecad2b7-b646-4008-9939-e26a0ffdc290,2026-01-16 12:27:19.000,pub_445
d7b707ed-c7c9-4eac-8b8f-31ba70a95340,749c9934-39ec-4687-9dbd-78378124d954,2026-01-16 12:46:09.000,pub_512
6d1ea236-0786-462f-b65e-eea11b5622ce,33c7942d-55ce-48ca-9169-a374b1f497df,2026-01-16 12:52:06.000,pub_445
5ec71002-cdfc-4cb3-8be5-a30328ff6fe5,8a176764-6f34-497d-ba92-8314ab2d7719,2026-01-16 13:04:51.000,pub_204
0ca7cad6-c0ea-4d06-85b4-e344d3a4de8e,8a176764-6f34-497d-ba92-8314ab2d7719,2026-01-16 13:05:55.000,pub_204
83d2f02c-a6f5-47a1-91d0-69ebb2fb056f,6b5edc02-f930-4de2-a691-c965ad171ac9,2026-01-16 13:11:29.000,pub_512
d114ac0d-9018-4baa-bba4-7f5683b48a48,33c7942d-55ce-48ca-9169-a374b1f497df,2026-01-16 13:11:44.000,pub_204
1724072a-9930-4586-8ce1-8c366565bdd9,80b7708a-f34b-4cd7-9b3d-0594a66337d5,2026-01-16 13:20:09.000,pub_445
3659b15b-dc56-44b5-a8b4-d4191f55d6cd,8a176764-6f34-497d-ba92-8314ab2d7719,2026-01-16 13:33:55.000,pub_204
c2d6b686-fdbb-44cb-9cd6-942e3b3968d6,33c7942d-55ce-48ca-9169-a374b1f497df,2026-01-16 13:36:07.000,pub_512
d2e5275a-f209-4954-8659-e9b5ebc57ebd,6b5edc02-f930-4de2-a691-c965ad171ac9,2026-01-16 13:38:08.000,pub_101
f3b7247a-5dc5-4ebe-b695-45a90b8031ef,6ecad2b7-b646-4008-9939-e26a0ffdc290,2026-01-16 13:39:20.000,pub_318
31cc44b5-80ad-4b79-9567-149e2c9bb0d9,6b5edc02-f930-4de2-a691-c965ad171ac9,2026-01-16 13:51:09.000,pub_204
14ccba21-4e8f-49f5-8fd3-8c2060208ad6,83f9bde8-6044-446e-b665-aee0bb0e656e,2026-01-16 14:09:29.000,pub_204
2c701a89-182f-4486-853a-f1679d07d13a,6ecad2b7-b646-4008-9939-e26a0ffdc290,2026-01-16 14:10:39.000,pub_101
1b0b1890-d10c-43a8-b752-9da896e79e5b,6ecad2b7-b646-4008-9939-e26a0ffdc290,2026-01-16 14:18:12.000,pub_445
7d23b7de-487b-4623-b964-773f553d84af,3f1ed2cc-0767-4665-8370-36e46f39a07e,2026-01-16 14:38:45.000,pub_204
8a3d7679-c8b8-4ecf-b8fd-8b1d3e39f947,83f9bde8-6044-446e-b665-aee0bb0e656e,2026-01-16 14:41:46.000,pub_445
a96ce534-f320-4cca-98ce-854237fdbabc,3f1ed2cc-0767-4665-8370-36e46f39a07e,2026-01-16 14:45:18.000,pub_101
aa692dc1-6032-4bc2-921e-b3dfa04c9f79,6b5edc02-f930-4de2-a691-c965ad171ac9,2026-01-16 14:58:06.000,pub_445
fef80e62-d006-4455-8b26-4600b3ecd08e,6ecad2b7-b646-4008-9939-e26a0ffdc290,2026-01-16 15:16:11.000,pub_204
db89b98b-3055-4415-84b2-dd686e0e8cc9,80b7708a-f34b-4cd7-9b3d-0594a66337d5,2026-01-16 15:24:23.000,pub_318
c23cbd8e-a247-49b5-95a3-ef23e27aad82,393fc1c9-d322-4b8a-952e-5ad320900791,2026-01-16 15:35:26.000,pub_101
e7abb5a0-0588-4a68-bbbb-fff1daf6ffa9,6b5edc02-f930-4de2-a691-c965ad171ac9,2026-01-16 15:36:17.000,pub_445
63da74a1-2acd-46ae-92ce-bd4ed3bd86d4,83f9bde8-6044-446e-b665-aee0bb0e656e,2026-01-16 15:36:25.000,pub_512
ed0d76c3-14e5-49a0-91b2-4e2db40d13ca,80b7708a-f34b-4cd7-9b3d-0594a66337d5,2026-01-16 15:42:58.000,pub_512
c7d28774-9d16-4883-bced-a2a9a0fd31a2,33c7942d-55ce-48ca-9169-a374b1f497df,2026-01-16 15:51:35.000,pub_204
0c69b41a-4473-46a8-876c-99540505d3e5,83f9bde8-6044-446e-b665-aee0bb0e656e,2026-01-16 15:51:51.000,pub_318
e5530ebd-12fe-43cb-b738-bc4aad64e973,6ecad2b7-b646-4008-9939-e26a0ffdc290,2026-01-16 16:05:36.000,pub_101
25dabecd-e13b-498c-97ba-2ea0ba850ab9,393fc1c9-d322-4b8a-952e-5ad320900791,2026-01-16 16:10:25.000,pub_318
a2a37c72-9229-4196-9b60-4d03d52cf5ef,3f1ed2cc-0767-4665-8370-36e46f39a07e,2026-01-16 16:18:42.000,pub_318
6b4855dc-4fbb-45d8-9720-074e2065e589,6ecad2b7-b646-4008-9939-e26a0ffdc290,2026-01-16 16:36:31.000,pub_445
03ffc279-4808-48ed-97e9-35db24c656ce,33c7942d-55ce-48ca-9169-a374b1f497df,2026-01-16 16:38:28.000,pub_101
8153b7ce-f1a8-49d6-9116-d7957f0331a5,fdede5e3-9dba-4ca5-a36e-82895c4618f8,2026-01-16 16:39:05.000,pub_445
a766d455-4486-4b68-b26c-4f27d66b9867,393fc1c9-d322-4b8a-952e-5ad320900791,2026-01-16 16:42:57.000,pub_101
8eb298f0-4ba8-4db2-9bfa-e8ba612a2082,749c9934-39ec-4687-9dbd-78378124d954,2026-01-16 16:45:02.000,pub_204
d648f13b-70d5-433b-8451-5ac83880b5b3,80b7708a-f34b-4cd7-9b3d-0594a66337d5,2026-01-16 16:47:35.000,pub_318
bff8132f-e9d5-49e2-a6b5-71b686fced85,80b7708a-f34b-4cd7-9b3d-0594a66337d5,2026-01-16 16:59:51.000,pub_445
b4a868d6-4a25-4eb5-bffe-a126d46684ed,6ecad2b7-b646-4008-9939-e26a0ffdc290,2026-01-16 17:05:01.000,pub_318
871dc0c9-f21b-457d-83b1-e9ca20ae2b50,3f1ed2cc-0767-4665-8370-36e46f39a07e,2026-01-16 17:13:15.000,pub_101
14c04954-f51e-41cd-8ee7-74aa5fa23f57,33c7942d-55ce-48ca-9169-a374b1f497df,2026-01-16 17:30:13.000,pub_512
1c2db72e-4db9-4a14-82aa-8985887743f4,6ecad2b7-b646-4008-9939-e26a0ffdc290,2026-01-16 17:34:35.000,pub_512
ff06c4a7-a18d-4b7b-829a-aea8ddce46de,3f1ed2cc-0767-4665-8370-36e46f39a07e,2026-01-16 17:40:09.000,pub_445
154231cf-b8c5-4b7a-9068-a08491264cce,80b7708a-f34b-4cd7-9b3d-0594a66337d5,2026-01-16 17:45:39.000,pub_101
f56c24e8-a1c8-428f-b779-ae7d1b33c7b9,6b5edc02-f930-4de2-a691-c965ad171ac9,2026-01-16 17:47:37.000,pub_318
d91d2b20-2ecf-4c5e-afb2-0e7a9a2f7cb4,3f1ed2cc-0767-4665-8370-36e46f39a07e,2026-01-16 17:59:19.000,pub_445
e5a1071d-6f83-4998-b6a5-b611fa7cb20a,393fc1c9-d322-4b8a-952e-5ad320900791,2026-01-16 18:05:03.000,pub_445
c3e461d2-9343-4882-8277-5e8cd118784d,80b7708a-f34b-4cd7-9b3d-0594a66337d5,2026-01-16 18:05:08.000,pub_101
b3fc1e2a-a9f1-4b0c-9976-515e25d0e545,fdede5e3-9dba-4ca5-a36e-82895c4618f8,2026-01-16 18:07:22.000,pub_445
0f1de127-a105-4d68-9011-3b9eb5fc0f5f,749c9934-39ec-4687-9dbd-78378124d954,2026-01-16 18:08:31.000,pub_101
cd5a8522-3713-48cf-82a6-161baf5d2496,83f9bde8-6044-446e-b665-aee0bb0e656e,2026-01-16 18:14:58.000,pub_318
a1fa047a-901f-4933-bfe0-904eb8776f6b,393fc1c9-d322-4b8a-952e-5ad320900791,2026-01-16 18:22:56.000,pub_204
032a850c-2aec-4d23-a1b0-e6b3ed8941ec,8a176764-6f34-497d-ba92-8314ab2d7719,2026-01-16 18:31:51.000,pub_445
4247dbc7-5cbb-42ac-ac23-f56a9480200c,8a176764-6f34-497d-ba92-8314ab2d7719,2026-01-16 18:40:08.000,pub_204
aa48c1f9-9a7e-4889-8c2b-b6c82fb566d0,749c9934-39ec-4687-9dbd-78378124d954,2026-01-16 18:53:13.000,pub_445
2f8774a5-8c27-4563-bde5-bd9de5021c05,fdede5e3-9dba-4ca5-a36e-82895c4618f8,2026-01-16 18:55:09.000,pub_101
2e726414-be39-48da-a756-68ee1a0a4a82,3f1ed2cc-0767-4665-8370-36e46f39a07e,2026-01-16 18:59:28.000,pub_204
97739a26-2b09-4f83-bf5b-dc55bb73b15a,393fc1c9-d322-4b8a-952e-5ad320900791,2026-01-16 19:15:51.000,pub_445
dcadc404-f7cc-4e59-aab6-2094ca93c304,6ecad2b7-b646-4008-9939-e26a0ffdc290,2026-01-16 19:26:46.000,pub_512
c46c30d1-fc8f-40d3-9058-ab2765ab11b6,6b5edc02-f930-4de2-a691-c965ad171ac9,2026-01-16 19:27:01.000,pub_204
3c9e907a-54c8-432e-bed9-1a9488e05591,3f1ed2cc-0767-4665-8370-36e46f39a07e,2026-01-16 19:47:06.000,pub_445
7f9d3af9-5821-4a14-9b23-f8166e7af6bf,83f9bde8-6044-446e-b665-aee0bb0e656e,2026-01-16 19:57:13.000,pub_101
eaeae8ed-b66f-483d-8f4d-e064cbda1065,fdede5e3-9dba-4ca5-a36e-82895c4618f8,2026-01-16 19:58:17.000,pub_204
953984b6-89be-4fbe-be37-45ab7e90f6a7,3f1ed2cc-0767-4665-8370-36e46f39a07e,2026-01-16 20:32:20.000,pub_512
3db0df90-4727-412c-8841-26d3e5b4db49,83f9bde8-6044-446e-b665-aee0bb0e656e,2026-01-16 20:41:30.000,pub_445
645bc5c0-6363-426a-991c-efab03a52b92,3f1ed2cc-0767-4665-8370-36e46f39a07e,2026-01-16 20:50:12.000,pub_512
7a8965bb-a942-4343-ab94-6ecb3bf9e8cc,6ecad2b7-b646-4008-9939-e26a0ffdc290,2026-01-16 20:52:32.000,pub_445
9b031d6a-4878-4392-abc3-196e3b2f29e1,83f9bde8-6044-446e-b665-aee0bb0e656e,2026-01-16 21:03:51.000,pub_512
3c9e053e-de2d-4b7f-a8e9-e99fdc4cab79,fdede5e3-9dba-4ca5-a36e-82895c4618f8,2026-01-16 21:08:50.000,pub_318
c9b7a2d8-15e8-4c90-a8a0-dad69df49142,6ecad2b7-b646-4008-9939-e26a0ffdc290,2026-01-16 21:29:25.000,pub_512
cfe22329-fa66-42a2-83b7-40c275222567,6ecad2b7-b646-4008-9939-e26a0ffdc290,2026-01-16 21:46:32.000,pub_204
824b504a-e03d-453e-9e93-f35efacc87f6,6b5edc02-f930-4de2-a691-c965ad171ac9,2026-01-16 21:54:26.000,pub_204
52fc43da-ba19-4027-ae24-cd578a932180,6b5edc02-f930-4de2-a691-c965ad171ac9,2026-01-16 21:57:49.000,pub_512
f67dc6b0-faea-4c2c-b8de-c7c9b68f92e5,83f9bde8-6044-446e-b665-aee0bb0e656e,2026-01-16 22:03:44.000,pub_101
14a6d1aa-61cf-46fc-81f8-336be9fb31a9,6ecad2b7-b646-4008-9939-e26a0ffdc290,2026-01-16 22:04:56.000,pub_445
3b85ef88-b3f9-4db5-b4e1-3395eb1548c4,83f9bde8-6044-446e-b665-aee0bb0e656e,2026-01-16 22:09:18.000,pub_512
c04cec7d-0413-4da0-80c2-a9c41a7b9b95,fdede5e3-9dba-4ca5-a36e-82895c4618f8,2026-01-16 22:16:55.000,pub_445
3c2a242c-837d-4ad1-8943-6efe578d38b7,6ecad2b7-b646-4008-9939-e26a0ffdc290,2026-01-16 22:17:05.000,pub_512
945b3909-7e1b-4178-9dca-f428a49b7edc,33c7942d-55ce-48ca-9169-a374b1f497df,2026-01-16 22:17:24.000,pub_101
8b121e67-52f9-4fc0-a9b2-ebeea9104f1d,33c7942d-55ce-48ca-9169-a374b1f497df,2026-01-16 22:19:36.000,pub_512
e625c20b-e78d-4231-916c-9c388f90fdeb,83f9bde8-6044-446e-b665-aee0bb0e656e,2026-01-16 22:49:55.000,pub_204
045a93f2-716a-4429-a087-76483a8323e2,fdede5e3-9dba-4ca5-a36e-82895c4618f8,2026-01-16 22:54:50.000,pub_101
7e706522-f2f3-4560-8b6f-ba5d6144c7d5,6b5edc02-f930-4de2-a691-c965ad171ac9,2026-01-16 22:56:42.000,pub_204
c80287fa-74a5-4a23-83a9-a35c60e36f10,80b7708a-f34b-4cd7-9b3d-0594a66337d5,2026-01-16 22:59:14.000,pub_101
c26af9b6-4609-4df5-a8aa-c7c696ba2ecf,83f9bde8-6044-446e-b665-aee0bb0e656e,2026-01-16 23:06:51.000,pub_445
7f33802a-ef29-427a-8659-f1356608d309,83f9bde8-6044-446e-b665-aee0bb0e656e,2026-01-16 23:11:10.000,pub_512
499b6817-dc90-4c25-98f9-d0e0b04de863,6ecad2b7-b646-4008-9939-e26a0ffdc290,2026-01-16 23:34:28.000,pub_318
17e70603-36e1-49b5-b2e7-2e5eb8de3875,3f1ed2cc-0767-4665-8370-36e46f39a07e,2026-01-16 23:38:40.000,pub_445
2ace19a6-d356-454a-845e-07e5500a625b,33c7942d-55ce-48ca-9169-a374b1f497df,2026-01-16 23:41:45.000,pub_512
4386da5a-a9d2-418c-b513-ae6f2b06c8d4,fdede5e3-9dba-4ca5-a36e-82895c4618f8,2026-01-16 23:43:45.000,pub_101
3ef81a77-9ab0-4055-9c2b-79c04aabb14e,33c7942d-55ce-48ca-9169-a374b1f497df,2026-01-17 00:02:28.000,pub_318
896ee48e-ac89-4baf-a7b7-a0878f51c888,6ecad2b7-b646-4008-9939-e26a0ffdc290,2026-01-17 00:16:50.000,pub_445
7eeb1c79-0edc-4995-a8dc-6db3ca5fb3bf,6b5edc02-f930-4de2-a691-c965ad171ac9,2026-01-17 00:19:15.000,pub_204
1a0d82a0-70d7-4420-805a-cd8f3264a7ea,33c7942d-55ce-48ca-9169-a374b1f497df,2026-01-17 00:38:34.000,pub_101
225147eb-c71b-455c-962f-6a1ead9c8222,fdede5e3-9dba-4ca5-a36e-82895c4618f8,2026-01-17 00:42:39.000,pub_512
9ce720ec-9b93-47d5-9523-a50928f94fd4,80b7708a-f34b-4cd7-9b3d-0594a66337d5,2026-01-17 00:44:23.000,pub_101
06d81018-b698-4ac6-b388-cad834936a8a,6ecad2b7-b646-4008-9939-e26a0ffdc290,2026-01-17 00:58:41.000,pub_101
dbbaa396-10fb-445b-9ad3-28fd6d009334,33c7942d-55ce-48ca-9169-a374b1f497df,2026-01-17 01:05:56.000,pub_204
0abe6de3-7797-49f9-9b59-83fd7e7afa1a,393fc1c9-d322-4b8a-952e-5ad320900791,2026-01-17 01:08:00.000,pub_445
059928eb-a5ee-43eb-bd16-f315647c90ca,fdede5e3-9dba-4ca5-a36e-82895c4618f8,2026-01-17 01:16:29.000,pub_204
1b4a72e9-2177-40cf-ad93-2044ad821d2b,83f9bde8-6044-446e-b665-aee0bb0e656e,2026-01-17 01:32:58.000,pub_101
979b369f-e7fb-4ffc-9ac3-75739870f406,8a176764-6f34-497d-ba92-8314ab2d7719,2026-01-17 01:41:01.000,pub_101
c40b085a-333e-4949-a343-876410ec647e,33c7942d-55ce-48ca-9169-a374b1f497df,2026-01-17 01:46:20.000,pub_101
da15b4b3-0090-46f5-9732-d0294514e78c,3f1ed2cc-0767-4665-8370-36e46f39a07e,2026-01-17 01:48:44.000,pub_512
3dc27c11-35cc-4e95-b481-8ce4e77fd5ab,83f9bde8-6044-446e-b665-aee0bb0e656e,2026-01-17 01:49:03.000,pub_101
fe367353-4a50-40d2-958c-8a2122912cf5,6b5edc02-f930-4de2-a691-c965ad171ac9,2026-01-17 01:57:28.000,pub_318
fd6c74fa-cf5c-4c67-b91d-470e6e9a49c5,80b7708a-f34b-4cd7-9b3d-0594a66337d5,2026-01-17 01:57:29.000,pub_512
36877352-ee1a-4c0c-9592-f0b4b23ca85a,8a176764-6f34-497d-ba92-8314ab2d7719,2026-01-17 02:00:04.000,pub_101
3f1355b6-8962-4639-94c8-941e38abf158,80b7708a-f34b-4cd7-9b3d-0594a66337d5,2026-01-17 02:13:06.000,pub_204
f13ede4c-d419-4c65-ad1a-c0c943310e3a,393fc1c9-d322-4b8a-952e-5ad320900791,2026-01-17 02:14:07.000,pub_101
8f8a8132-cfb8-42f8-8118-916b29817fb9,33c7942d-55ce-48ca-9169-a374b1f497df,2026-01-17 02:31:26.000,pub_445
dacd0f83-d06d-48e7-9f0d-fd5b6b4ee95e,393fc1c9-d322-4b8a-952e-5ad320900791,2026-01-17 02:39:51.000,pub_204
6d5e22e7-9e8f-4e12-8b0e-7fbf6c0e8c82,6ecad2b7-b646-4008-9939-e26a0ffdc290,2026-01-17 02:59:20.000,pub_445
f7154cbc-af3e-48a3-acc2-49b747d943de,6ecad2b7-b646-4008-9939-e26a0ffdc290,2026-01-17 03:01:26.000,pub_445
ac70492e-1f05-4971-94ed-e168c4a48b1d,33c7942d-55ce-48ca-9169-a374b1f497df,2026-01-17 03:11:41.000,pub_204
15f79999-bd91-45ac-9d56-f98a57313ccb,33c7942d-55ce-48ca-9169-a374b1f497df,2026-01-17 03:18:55.000,pub_204
6ee7bbec-e089-4533-8c51-1859ada9b2ad,749c9934-39ec-4687-9dbd-78378124d954,2026-01-17 03:19:14.000,pub_512
d6dd1882-042e-4391-ab3c-8e4108d4e542,3f1ed2cc-0767-4665-8370-36e46f39a07e,2026-01-17 03:24:44.000,pub_204
0a42589f-a2dd-4fb0-ab45-5a3453593f4f,33c7942d-55ce-48ca-9169-a374b1f497df,2026-01-17 03:30:48.000,pub_101
cd83a61b-383d-4cec-98ef-cdd43fc2e15f,8a176764-6f34-497d-ba92-8314ab2d7719,2026-01-17 03:32:29.000,pub_204
3013db65-23d8-4b91-a34e-d8b9e4a3336e,393fc1c9-d322-4b8a-952e-5ad320900791,2026-01-17 03:34:58.000,pub_318
d90b3e05-ad72-486e-a5f7-22af74b12af0,80b7708a-f34b-4cd7-9b3d-0594a66337d5,2026-01-17 03:38:58.000,pub_445
f89cb31d-877d-45dd-bedd-2b590b26df74,393fc1c9-d322-4b8a-952e-5ad320900791,2026-01-17 03:48:46.000,pub_204
f40b149f-0069-4ab7-9d85-6f3cc4cc49d4,fdede5e3-9dba-4ca5-a36e-82895c4618f8,2026-01-17 03:52:42.000,pub_512
856066a0-196f-46ec-93de-55f19b6ebdc5,6b5edc02-f930-4de2-a691-c965ad171ac9,2026-01-17 03:55:53.000,pub_318
0dac5e5a-de01-4a9f-9f84-1cb03d954c65,6b5edc02-f930-4de2-a691-c965ad171ac9,2026-01-17 04:03:11.000,pub_204
3eeeaf11-8756-49c5-9c2f-7a0f7689b1e0,fdede5e3-9dba-4ca5-a36e-82895c4618f8,2026-01-17 04:18:31.000,pub_318
75ce7b0e-da23-4fc3-919e-e298197681e2,80b7708a-f34b-4cd7-9b3d-0594a66337d5,2026-01-17 04:19:56.000,pub_318
f4ce5313-6911-468e-83ba-def781ae66f1,6ecad2b7-b646-4008-9939-e26a0ffdc290,2026-01-17 04:23:41.000,pub_101
11456977-ae96-4bca-ab6d-fa362f24209c,fdede5e3-9dba-4ca5-a36e-82895c4618f8,2026-01-17 04:32:10.000,pub_512
5e99159d-5b4b-4080-b128-ffede7dde066,749c9934-39ec-4687-9dbd-78378124d954,2026-01-17 04:34:33.000,pub_318
d37f9ba8-057d-4857-a341-1a5142ec0530,393fc1c9-d322-4b8a-952e-5ad320900791,2026-01-17 04:37:17.000,pub_204
e1561714-2cc6-460e-b181-d6eabb25448d,33c7942d-55ce-48ca-9169-a374b1f497df,2026-01-17 04:38:12.000,pub_445
d047c03a-08d7-460d-ad7f-744d488ae988,393fc1c9-d322-4b8a-952e-5ad320900791,2026-01-17 04:39:31.000,pub_512
882e65cf-d26c-44b0-8fc4-bdb03a9bbad1,3f1ed2cc-0767-4665-8370-36e46f39a07e,2026-01-17 04:49:03.000,pub_101
fd59d163-9506-4bf3-bab2-0e24a6b5064e,393fc1c9-d322-4b8a-952e-5ad320900791,2026-01-17 04:53:19.000,pub_318
e04cc926-904f-4b14-a808-f9e911e2a978,6ecad2b7-b646-4008-9939-e26a0ffdc290,2026-01-17 05:03:32.000,pub_204
2b37501a-f206-4e5a-9ab3-210c437c66fe,80b7708a-f34b-4cd7-9b3d-0594a66337d5,2026-01-17 05:11:09.000,pub_512
650c5c6f-73b0-4090-8fd5-cfb964a2fe92,80b7708a-f34b-4cd7-9b3d-0594a66337d5,2026-01-17 05:12:04.000,pub_101
65806757-28bf-4607-9a62-1175bcaca66f,83f9bde8-6044-446e-b665-aee0bb0e656e,2026-01-17 05:12:07.000,pub_445
7a0b2ae4-e18e-4555-978a-7110f013066e,fdede5e3-9dba-4ca5-a36e-82895c4618f8,2026-01-17 05:12:41.000,pub_204
70a9e980-08c8-434b-93b3-259e518d3790,33c7942d-55ce-48ca-9169-a374b1f497df,2026-01-17 05:28:53.000,pub_512
876eff7d-30e8-4550-ac1c-5083147ffa55,33c7942d-55ce-48ca-9169-a374b1f497df,2026-01-17 05:42:14.000,pub_204
26d1740c-84a9-469b-80a9-0393762de839,749c9934-39ec-4687-9dbd-78378124d954,2026-01-17 05:50:45.000,pub_204
10a518ef-06b0-4e58-a9bb-1cc9ba9d3dbf,8a176764-6f34-497d-ba92-8314ab2d7719,2026-01-17 05:54:11.000,pub_318
a8da398b-b102-4c52-96ca-ce18c5b7c58c,6b5edc02-f930-4de2-a691-c965ad171ac9,2026-01-17 06:18:05.000,pub_512
68e27534-e919-4ecb-b8f5-9f164e09b3d6,fdede5e3-9dba-4ca5-a36e-82895c4618f8,2026-01-17 06:21:08.000,pub_318
40c7123e-501a-4f4f-8aef-8fcb6a83fb52,83f9bde8-6044-446e-b665-aee0bb0e656e,2026-01-17 06:25:51.000,pub_445
909843b2-7783-42c6-bfe5-f3313986d53a,3f1ed2cc-0767-4665-8370-36e46f39a07e,2026-01-17 06:51:10.000,pub_101
84d6550d-fef4-4853-9c8c-54c36826d245,3f1ed2cc-0767-4665-8370-36e46f39a07e,2026-01-17 07:04:22.000,pub_512
ea30d99f-699e-40e5-907c-c48becf2c9ad,fdede5e3-9dba-4ca5-a36e-82895c4618f8,2026-01-17 07:10:35.000,pub_445
bf67d756-7688-4f69-9685-f152e8bf52c0,33c7942d-55ce-48ca-9169-a374b1f497df,2026-01-17 07:17:26.000,pub_318
592ef7d6-f155-4e3a-b42d-48a97f5c5b52,83f9bde8-6044-446e-b665-aee0bb0e656e,2026-01-17 07:19:31.000,pub_445
f251c8ab-71f6-4008-9bfb-5bdba98aebe0,6b5edc02-f930-4de2-a691-c965ad171ac9,2026-01-17 07:20:19.000,pub_445
489e05dd-ef3e-4d89-ab8b-18b182b6a21a,80b7708a-f34b-4cd7-9b3d-0594a66337d5,2026-01-17 07:37:09.000,pub_445
4ba9b5b2-1031-4876-a7d7-2fb36d855abc,6ecad2b7-b646-4008-9939-e26a0ffdc290,2026-01-17 07:39:51.000,pub_101
dec9ce43-9b52-4895-b515-63e08fcba8e5,3f1ed2cc-0767-4665-8370-36e46f39a07e,2026-01-17 07:43:21.000,pub_318
f63545c9-7274-4e39-b7d2-b5e2e1c01c3e,fdede5e3-9dba-4ca5-a36e-82895c4618f8,2026-01-17 07:47:55.000,pub_318
2340411d-9884-4363-9b8c-4031f9bf38d1,3f1ed2cc-0767-4665-8370-36e46f39a07e,2026-01-17 07:54:12.000,pub_512
64a09b48-bc71-4081-b008-db8bb4be385b,80b7708a-f34b-4cd7-9b3d-0594a66337d5,2026-01-17 07:55:49.000,pub_101
0cf137dd-851a-4e75-96f4-96ed3f0f87f1,fdede5e3-9dba-4ca5-a36e-82895c4618f8,2026-01-17 08:24:36.000,pub_318
5ca46ef4-870d-4040-afe6-910b0a7064a2,8a176764-6f34-497d-ba92-8314ab2d7719,2026-01-17 08:43:16.000,pub_101
ed615a3f-b3e5-4101-a5dc-3526f247f957,393fc1c9-d322-4b8a-952e-5ad320900791,2026-01-17 08:45:50.000,pub_318
9ab58d47-6ae3-4e6b-9946-d90b836efdb8,393fc1c9-d322-4b8a-952e-5ad320900791,2026-01-17 08:46:05.000,pub_512
8e2f9438-a2cb-4889-b3a5-8e4c1d2f5aff,393fc1c9-d322-4b8a-952e-5ad320900791,2026-01-17 09:05:15.000,pub_101
4ca75acf-21d6-4d33-9196-20a2b50fbea2,80b7708a-f34b-4cd7-9b3d-0594a66337d5,2026-01-17 09:10:17.000,pub_318
dbc9cf25-8a70-4556-a6b9-0be5df070aaf,749c9934-39ec-4687-9dbd-78378124d954,2026-01-17 09:12:59.000,pub_445
2a33aa54-9a34-460e-b9b1-082b0e4b42e3,8a176764-6f34-497d-ba92-8314ab2d7719,2026-01-17 09:15:02.000,pub_101
728e5420-8c29-4102-950e-1087ae6dd142,33c7942d-55ce-48ca-9169-a374b1f497df,2026-01-17 09:15:13.000,pub_512
4754908c-2f85-4dd4-84ec-27b157eb7d24,fdede5e3-9dba-4ca5-a36e-82895c4618f8,2026-01-17 09:20:21.000,pub_512
ac4ad75a-21c8-4a58-b9a5-a7924745c162,393fc1c9-d322-4b8a-952e-5ad320900791,2026-01-17 09:28:14.000,pub_101
1626024d-c4e6-47b8-91e5-02077c254f3c,33c7942d-55ce-48ca-9169-a374b1f497df,2026-01-17 09:30:47.000,pub_512
7215119b-0397-4a2d-b47a-551fbe2b65c9,8a176764-6f34-497d-ba92-8314ab2d7719,2026-01-17 09:35:33.000,pub_445
479d8388-e26e-42b0-99ef-64595d36415a,3f1ed2cc-0767-4665-8370-36e46f39a07e,2026-01-17 09:39:24.000,pub_445
b29c4bed-9679-4d2a-9c02-31a464c6efa1,6b5edc02-f930-4de2-a691-c965ad171ac9,2026-01-17 09:43:16.000,pub_101
edfa6898-fb1e-4caa-bcd7-0c7e9adc15b7,fdede5e3-9dba-4ca5-a36e-82895c4618f8,2026-01-17 09:45:01.000,pub_204
b2d94f42-96d3-48b7-99e1-13d1e03df21b,83f9bde8-6044-446e-b665-aee0bb0e656e,2026-01-17 10:15:10.000,pub_101
4a897b3d-19cd-4e1c-9efa-fdd10444ded7,3f1ed2cc-0767-4665-8370-36e46f39a07e,2026-01-17 10:17:25.000,pub_101
4d920b64-c0c2-4e51-b2ba-a0a6db0a69a0,83f9bde8-6044-446e-b665-aee0bb0e656e,2026-01-17 10:21:52.000,pub_512
d57be3aa-6ef2-46b6-95b7-18f2fd7e84ac,33c7942d-55ce-48ca-9169-a374b1f497df,2026-01-17 10:27:08.000,pub_512
917a9df9-cbf1-4577-aeb5-cf6f4c5bcf10,8a176764-6f34-497d-ba92-8314ab2d7719,2026-01-17 10:31:18.000,pub_204
7f3ffb39-bd4e-4a5a-8473-eea52e56be74,6b5edc02-f930-4de2-a691-c965ad171ac9,2026-01-17 10:32:04.000,pub_204
be6ed0e3-4688-4f55-a5f3-d317bbdee77d,33c7942d-55ce-48ca-9169-a374b1f497df,2026-01-17 10:37:54.000,pub_101
6a6ad9af-6ded-4027-b87d-e1dc3c186e9c,749c9934-39ec-4687-9dbd-78378124d954,2026-01-17 10:38:38.000,pub_445
413bb9e3-cc42-4649-9e12-c82302be840f,3f1ed2cc-0767-4665-8370-36e46f39a07e,2026-01-17 10:39:33.000,pub_512
edc57a7b-ed35-48e8-bea5-f0b249e93081,80b7708a-f34b-4cd7-9b3d-0594a66337d5,2026-01-17 10:53:02.000,pub_445
65c23511-45c7-4a89-bedf-38dfe6524946,3f1ed2cc-0767-4665-8370-36e46f39a07e,2026-01-17 11:08:30.000,pub_512
7039a510-7544-4510-bb75-ce8cba52099c,8a176764-6f34-497d-ba92-8314ab2d7719,2026-01-17 11:10:10.000,pub_445
83423299-a9f9-4c93-aa3f-5fae693f073f,6b5edc02-f930-4de2-a691-c965ad171ac9,2026-01-17 11:44:00.000,pub_445
417831a1-1d41-4100-aa26-f4e07a58ba7e,6ecad2b7-b646-4008-9939-e26a0ffdc290,2026-01-17 11:54:57.000,pub_512
56a61603-9dfe-4181-8cd5-9388a8e9d65c,749c9934-39ec-4687-9dbd-78378124d954,2026-01-17 11:55:17.000,pub_204
2091fa2a-127e-415d-bd02-d4e51907b532,80b7708a-f34b-4cd7-9b3d-0594a66337d5,2026-01-17 11:56:09.000,pub_204
93814b73-f03e-49e1-9136-b0c843b826a5,749c9934-39ec-4687-9dbd-78378124d954,2026-01-17 11:57:18.000,pub_512
e2cba9dd-c74e-429a-b3bd-2b4dd6a6c3db,33c7942d-55ce-48ca-9169-a374b1f497df,2026-01-17 12:05:20.000,pub_101
59fc6492-6f2e-4796-966d-961ccd4324cd,6b5edc02-f930-4de2-a691-c965ad171ac9,2026-01-17 12:15:49.000,pub_445
e304d1a4-3f12-4034-aa47-ba6d2a4ac404,393fc1c9-d322-4b8a-952e-5ad320900791,2026-01-17 12:20:21.000,pub_445
e36cb804-403b-4153-b8a3-96f63159f604,33c7942d-55ce-48ca-9169-a374b1f497df,2026-01-17 12:30:23.000,pub_318
c7622237-9cc5-46fe-859e-09e9765f561a,33c7942d-55ce-48ca-9169-a374b1f497df,2026-01-17 12:31:24.000,pub_318
76eb47d0-7d5d-47eb-b346-3737415a097b,fdede5e3-9dba-4ca5-a36e-82895c4618f8,2026-01-17 12:49:09.000,pub_512
90e07aaf-6554-44f6-85d8-9b9fe9774cc5,749c9934-39ec-4687-9dbd-78378124d954,2026-01-17 12:49:23.000,pub_318
3ba31e1e-a8f3-4937-b256-98c06642dc41,83f9bde8-6044-446e-b665-aee0bb0e656e,2026-01-17 12:56:53.000,pub_101
cf1629b2-335c-4bfc-9671-d024611ce278,8a176764-6f34-497d-ba92-8314ab2d7719,2026-01-17 12:57:04.000,pub_204
0f8d46bd-4015-4742-bf17-9395187d8c79,fdede5e3-9dba-4ca5-a36e-82895c4618f8,2026-01-17 12:57:38.000,pub_204
757406d1-7833-4e70-bc08-607d1d59499f,6ecad2b7-b646-4008-9939-e26a0ffdc290,2026-01-17 13:00:47.000,pub_204
cc22cf10-57da-4b41-8910-b58e3e0be22c,8a176764-6f34-497d-ba92-8314ab2d7719,2026-01-17 13:07:26.000,pub_318
f3d59e08-a7ab-4621-b44a-8578236fb5b8,8a176764-6f34-497d-ba92-8314ab2d7719,2026-01-17 13:10:21.000,pub_204
384a78c5-5358-40f2-ac80-e87094e32946,8a176764-6f34-497d-ba92-8314ab2d7719,2026-01-17 13:40:00.000,pub_318
9060ed04-d825-49b1-b395-5d2def823b1a,749c9934-39ec-4687-9dbd-78378124d954,2026-01-17 13:42:54.000,pub_445
3eae3016-b8cf-4af4-a68b-4e63f2ea0108,fdede5e3-9dba-4ca5-a36e-82895c4618f8,2026-01-17 13:43:59.000,pub_318
055ce0c2-6088-40a0-8104-7e65cabc7070,33c7942d-55ce-48ca-9169-a374b1f497df,2026-01-17 13:57:35.000,pub_318
d84ba412-ca57-4a19-a9af-121bd7ff5b49,749c9934-39ec-4687-9dbd-78378124d954,2026-01-17 14:01:39.000,pub_204
d00fbe81-7ab3-4ff3-8961-1d4c3a488c2c,fdede5e3-9dba-4ca5-a36e-82895c4618f8,2026-01-17 14:14:07.000,pub_204
b2c44bef-2b65-48b4-a992-4bd3de81a574,6b5edc02-f930-4de2-a691-c965ad171ac9,2026-01-17 14:21:26.000,pub_445
4265671f-18df-45b2-8abe-c44e2a3ac20e,80b7708a-f34b-4cd7-9b3d-0594a66337d5,2026-01-17 14:28:52.000,pub_318
ff1c8040-060f-4154-a76f-8c3e1198b173,83f9bde8-6044-446e-b665-aee0bb0e656e,2026-01-17 14:30:41.000,pub_204
6c8efc16-b41f-4b85-89af-602c94ca85f6,fdede5e3-9dba-4ca5-a36e-82895c4618f8,2026-01-17 14:38:09.000,pub_101
1f92e5bb-cd77-40ba-b35b-73f04abfbef4,3f1ed2cc-0767-4665-8370-36e46f39a07e,2026-01-17 14:41:34.000,pub_512
03f39b09-7d42-4850-bec6-77886848d841,83f9bde8-6044-446e-b665-aee0bb0e656e,2026-01-17 14:47:43.000,pub_318
ec0f3a7e-5708-4385-9c94-0a26fab48316,83f9bde8-6044-446e-b665-aee0bb0e656e,2026-01-17 14:50:23.000,pub_512
0c37b85d-e090-47d4-b72a-b1ae2edf850f,8a176764-6f34-497d-ba92-8314ab2d7719,2026-01-17 14:56:11.000,pub_512
dcb70ecb-f666-4071-b2a1-d8f4d8c9477c,749c9934-39ec-4687-9dbd-78378124d954,2026-01-17 14:57:08.000,pub_512
920b429a-636a-4e4a-9dcc-5b9f91da72b8,6b5edc02-f930-4de2-a691-c965ad171ac9,2026-01-17 15:14:21.000,pub_445
22d4efe7-d4d0-4bee-b35c-d65ba391ac06,6ecad2b7-b646-4008-9939-e26a0ffdc290,2026-01-17 15:14:27.000,pub_445
ab5f4499-3a34-4e98-8ade-1ac775d58d10,3f1ed2cc-0767-4665-8370-36e46f39a07e,2026-01-17 15:22:55.000,pub_318
59d8dc55-37bb-4208-b359-cd89efc319bd,80b7708a-f34b-4cd7-9b3d-0594a66337d5,2026-01-17 15:27:34.000,pub_318
c6d14744-da04-43ba-bde2-52d5dbe3adf4,6b5edc02-f930-4de2-a691-c965ad171ac9,2026-01-17 15:29:04.000,pub_204
20ef1879-dbd3-42c4-9d7f-dd5ebcc82ccb,393fc1c9-d322-4b8a-952e-5ad320900791,2026-01-17 15:42:53.000,pub_101
3f5af69b-d0e0-4e47-8cd2-12992ac1cb0c,3f1ed2cc-0767-4665-8370-36e46f39a07e,2026-01-17 15:44:10.000,pub_318
92cbdc1b-9df8-4dd8-a476-9cfb3a9917ea,fdede5e3-9dba-4ca5-a36e-82895c4618f8,2026-01-17 15:53:13.000,pub_445
804fefad-21bd-48e5-b639-a4887afb9beb,393fc1c9-d322-4b8a-952e-5ad320900791,2026-01-17 15:56:24.000,pub_101
a1fd7a35-aab5-4a1b-b753-5dc2c216c4c7,6ecad2b7-b646-4008-9939-e26a0ffdc290,2026-01-17 15:58:05.000,pub_204
ad9c2d17-e829-4d37-95cf-c48f961e368b,fdede5e3-9dba-4ca5-a36e-82895c4618f8,2026-01-17 16:08:02.000,pub_101
b2c2766e-04db-4c67-8399-16e3289b3770,393fc1c9-d322-4b8a-952e-5ad320900791,2026-01-17 16:09:09.000,pub_512
30aca5fd-a484-42c7-b8dd-602eaa71fd98,393fc1c9-d322-4b8a-952e-5ad320900791,2026-01-17 16:15:37.000,pub_512
7dfe3428-293c-4675-a5f6-84e1da80d460,8a176764-6f34-497d-ba92-8314ab2d7719,2026-01-17 16:29:08.000,pub_101
0777ffa9-0af8-45a2-bdc6-be560cdad272,3f1ed2cc-0767-4665-8370-36e46f39a07e,2026-01-17 16:35:22.000,pub_318
dde3f05f-655a-43a3-9e60-2fec8807acce,8a176764-6f34-497d-ba92-8314ab2d7719,2026-01-17 16:36:40.000,pub_445
35c04d1b-d5ca-4571-a0f7-13fa54ceb585,83f9bde8-6044-446e-b665-aee0bb0e656e,2026-01-17 16:38:11.000,pub_445
bb83df0c-1156-4f0e-b8a7-0c3d07c6456f,8a176764-6f34-497d-ba92-8314ab2d7719,2026-01-17 16:49:43.000,pub_512
f1a3644d-72b1-411d-92b5-02d97e4db346,749c9934-39ec-4687-9dbd-78378124d954,2026-01-17 16:50:49.000,pub_318
dc916e64-e070-418c-98b6-0541c11a3cc4,80b7708a-f34b-4cd7-9b3d-0594a66337d5,2026-01-17 17:05:50.000,pub_101
d282be0b-71a2-46fe-9114-0e1392e52258,6b5edc02-f930-4de2-a691-c965ad171ac9,2026-01-17 17:11:47.000,pub_318
1e0bcabe-6d4c-4c28-be87-5ae02fb908c7,3f1ed2cc-0767-4665-8370-36e46f39a07e,2026-01-17 17:12:15.000,pub_445
ba8a72a2-3514-43de-ba47-0cd85aa834e0,393fc1c9-d322-4b8a-952e-5ad320900791,2026-01-17 17:16:20.000,pub_445
4dadfd39-b14b-40e0-a6f0-4838398fb64a,749c9934-39ec-4687-9dbd-78378124d954,2026-01-17 17:24:02.000,pub_512
46ae05f9-c1b3-4026-8a14-6bf2095cec03,80b7708a-f34b-4cd7-9b3d-0594a66337d5,2026-01-17 17:24:18.000,pub_101
fd44d522-3817-4840-a99c-ed94d40a1515,6ecad2b7-b646-4008-9939-e26a0ffdc290,2026-01-17 17:37:06.000,pub_101
b21bb1c9-d19a-46f0-ac64-d3d0a1bc556d,33c7942d-55ce-48ca-9169-a374b1f497df,2026-01-17 17:51:40.000,pub_318
55108c21-8187-47dd-9058-a28ec2add813,6b5edc02-f930-4de2-a691-c965ad171ac9,2026-01-17 17:54:16.000,pub_101
b1ccf3dd-d913-4dce-a4d0-d3fea57b22ea,6ecad2b7-b646-4008-9939-e26a0ffdc290,2026-01-17 17:54:58.000,pub_101
0b66da86-66cf-42e4-af1d-f835b40d795a,80b7708a-f34b-4cd7-9b3d-0594a66337d5,2026-01-17 18:06:39.000,pub_204
821fcec1-35fc-4ee1-937d-b6e5b402fc1a,80b7708a-f34b-4cd7-9b3d-0594a66337d5,2026-01-17 18:07:14.000,pub_318
2170f0ab-936f-47d6-8b08-8bc0a5dc05b7,33c7942d-55ce-48ca-9169-a374b1f497df,2026-01-17 18:07:28.000,pub_445
454bdf89-6110-4407-b936-5672ce4a5950,8a176764-6f34-497d-ba92-8314ab2d7719,2026-01-17 18:14:46.000,pub_445
de5d537f-d662-4ac8-b157-d8f77b2326f0,33c7942d-55ce-48ca-9169-a374b1f497df,2026-01-17 18:17:46.000,pub_204
39d50911-8b63-4de4-9918-7c77570e9c0c,83f9bde8-6044-446e-b665-aee0bb0e656e,2026-01-17 18:18:09.000,pub_101
8559ec73-d8e6-4a88-811f-0ff3bdbecbbc,749c9934-39ec-4687-9dbd-78378124d954,2026-01-17 18:54:52.000,pub_445
71ea94db-3e0b-410f-8e85-3da58fef5fc6,393fc1c9-d322-4b8a-952e-5ad320900791,2026-01-17 18:56:21.000,pub_101
7cf498e4-ad52-472c-b60e-620e00238a68,83f9bde8-6044-446e-b665-aee0bb0e656e,2026-01-17 18:57:19.000,pub_101
84759c0d-c628-4eb1-ba67-d6d66d741751,fdede5e3-9dba-4ca5-a36e-82895c4618f8,2026-01-17 19:07:39.000,pub_445
cabf7f71-53be-4aab-89cb-3f30dfb1da0f,6ecad2b7-b646-4008-9939-e26a0ffdc290,2026-01-17 19:14:18.000,pub_445
1dd4b9b0-8076-460a-be70-1284cc3cc3c3,8a176764-6f34-497d-ba92-8314ab2d7719,2026-01-17 19:18:19.000,pub_204
9e683b4f-cf17-44fc-86d6-67db5fe63e80,6ecad2b7-b646-4008-9939-e26a0ffdc290,2026-01-17 19:23:52.000,pub_318
0a9a57d9-81ca-4904-84d2-a0e035a28d34,fdede5e3-9dba-4ca5-a36e-82895c4618f8,2026-01-17 19:32:33.000,pub_445
7377f6d1-3955-4ae8-a1b3-17dad40cb988,749c9934-39ec-4687-9dbd-78378124d954,2026-01-17 20:01:56.000,pub_445
61bc1797-628d-4f50-bd83-d6dc75a7c65e,8a176764-6f34-497d-ba92-8314ab2d7719,2026-01-17 20:11:52.000,pub_512
203d0d7b-0d2b-4f1d-bde0-bcfec9c878df,33c7942d-55ce-48ca-9169-a374b1f497df,2026-01-17 20:28:49.000,pub_445
79f6757e-96a9-4400-8436-1de371b4c765,393fc1c9-d322-4b8a-952e-5ad320900791,2026-01-17 20:38:20.000,pub_445
9370a97c-e3d0-491f-86df-7d3ad2110fc6,6b5edc02-f930-4de2-a691-c965ad171ac9,2026-01-17 20:39:10.000,pub_101
587c7a1c-8cb5-4fad-9a37-33fe8fdaca3b,83f9bde8-6044-446e-b665-aee0bb0e656e,2026-01-17 20:39:16.000,pub_445
53e1b168-280d-420f-8d85-afefdd49b97c,fdede5e3-9dba-4ca5-a36e-82895c4618f8,2026-01-17 20:41:13.000,pub_318
2a9070ae-7f44-4de0-8048-1f24fbb4d399,749c9934-39ec-4687-9dbd-78378124d954,2026-01-17 20:46:47.000,pub_101
f5d39b07-a0ba-4029-b9a3-a669f71f85be,393fc1c9-d322-4b8a-952e-5ad320900791,2026-01-17 20:49:20.000,pub_512
016f2a79-049c-4aab-abb8-8b0e8f08e9a1,749c9934-39ec-4687-9dbd-78378124d954,2026-01-17 20:50:16.000,pub_318
71225db4-1210-4525-b913-3f90f3b6700c,fdede5e3-9dba-4ca5-a36e-82895c4618f8,2026-01-17 20:57:30.000,pub_445
2be0f28c-b48e-44b3-864b-eb402be3bab8,6ecad2b7-b646-4008-9939-e26a0ffdc290,2026-01-17 21:00:41.000,pub_318
d1459970-d90e-461e-83fe-d602082a515a,83f9bde8-6044-446e-b665-aee0bb0e656e,2026-01-17 21:13:17.000,pub_101
bca3ebbd-4743-4bd1-90c3-240c2ebeb6cd,33c7942d-55ce-48ca-9169-a374b1f497df,2026-01-17 21:16:43.000,pub_445
5515f499-7f64-46e1-a2b9-a04543839e80,749c9934-39ec-4687-9dbd-78378124d954,2026-01-17 21:22:05.000,pub_445
c062c9a9-fa17-4b43-a674-9e1c8ba0fc06,3f1ed2cc-0767-4665-8370-36e46f39a07e,2026-01-17 21:33:37.000,pub_512
a424a922-f6d1-4e07-9d0f-5ca9c3f3fde3,33c7942d-55ce-48ca-9169-a374b1f497df,2026-01-17 21:43:02.000,pub_204
ef342299-7eb8-4160-98a3-e8f0b774edc5,749c9934-39ec-4687-9dbd-78378124d954,2026-01-17 21:48:29.000,pub_204
7de407e1-a46d-4ac7-bcce-0e939fdd457d,6ecad2b7-b646-4008-9939-e26a0ffdc290,2026-01-17 21:49:56.000,pub_318
70e368df-bb36-49ed-bf95-c7bb8d771ba8,33c7942d-55ce-48ca-9169-a374b1f497df,2026-01-17 21:53:55.000,pub_101
98fa941c-26cd-4ff4-bf29-8b790a9740d8,6b5edc02-f930-4de2-a691-c965ad171ac9,2026-01-17 22:02:50.000,pub_318
d2171354-6492-4078-a043-83b114df9972,80b7708a-f34b-4cd7-9b3d-0594a66337d5,2026-01-17 22:04:39.000,pub_204
d3d62ad4-4bcb-40e1-b8ac-4d3501a5b911,fdede5e3-9dba-4ca5-a36e-82895c4618f8,2026-01-17 22:05:38.000,pub_512
4f3cb7f9-a4c9-43f0-9c3d-76faf52b8fa2,33c7942d-55ce-48ca-9169-a374b1f497df,2026-01-17 22:07:17.000,pub_101
79f59a31-6d11-4b0a-8771-90aa2c759dcf,83f9bde8-6044-446e-b665-aee0bb0e656e,2026-01-17 22:12:19.000,pub_101
90b63a9e-8fad-4a21-a45e-6b22ff36921f,8a176764-6f34-497d-ba92-8314ab2d7719,2026-01-17 22:23:06.000,pub_512
1496e1d6-7e29-4c36-b547-1033f75f8e29,33c7942d-55ce-48ca-9169-a374b1f497df,2026-01-17 22:26:02.000,pub_318
14606c6b-2bd8-4665-8336-e67ba8ba0dd7,749c9934-39ec-4687-9dbd-78378124d954,2026-01-17 22:27:01.000,pub_512
df20a326-532e-4d71-8a45-d9f1da35bb8a,fdede5e3-9dba-4ca5-a36e-82895c4618f8,2026-01-17 22:40:38.000,pub_204
96f3a250-0c34-4e2b-ad39-de7002e39c3d,393fc1c9-d322-4b8a-952e-5ad320900791,2026-01-17 23:01:09.000,pub_318
5f466b17-0be9-42b3-b71a-b0388691e866,fdede5e3-9dba-4ca5-a36e-82895c4618f8,2026-01-17 23:19:06.000,pub_101
a38fd4ee-2085-4c38-8744-29cfd465ff92,8a176764-6f34-497d-ba92-8314ab2d7719,2026-01-17 23:22:53.000,pub_318
e70a6bfe-7919-436d-aeea-976bedc4c64a,393fc1c9-d322-4b8a-952e-5ad320900791,2026-01-17 23:27:19.000,pub_204
86c34fda-bb74-4d3e-9012-aa6a468a0c93,83f9bde8-6044-446e-b665-aee0bb0e656e,2026-01-17 23:29:59.000,pub_318
b0f3a759-eba5-4843-83e6-9cae7f897b9a,83f9bde8-6044-446e-b665-aee0bb0e656e,2026-01-18 00:09:00.000,pub_512
cfc9c00a-e5cc-4c79-90a9-5892a8072da3,80b7708a-f34b-4cd7-9b3d-0594a66337d5,2026-01-18 00:22:58.000,pub_512
b16867c4-8b91-48ff-b364-53a680a6e11d,3f1ed2cc-0767-4665-8370-36e46f39a07e,2026-01-18 00:43:46.000,pub_512
73b5d86c-c77d-4dd7-bd4e-9d2357b92b65,749c9934-39ec-4687-9dbd-78378124d954,2026-01-18 00:58:18.000,pub_101
0a7463c2-fe7e-4b6e-b1f7-8cc44c7aea99,3f1ed2cc-0767-4665-8370-36e46f39a07e,2026-01-18 01:00:31.000,pub_445
e2e993d8-adde-4b99-ba24-765c642e24bc,749c9934-39ec-4687-9dbd-78378124d954,2026-01-18 01:03:39.000,pub_204
3da9249a-7271-4cf5-9bb0-06f49de16226,8a176764-6f34-497d-ba92-8314ab2d7719,2026-01-18 01:09:48.000,pub_204
cdd91de2-868b-4fdf-a28b-b8899e0ee918,6b5edc02-f930-4de2-a691-c965ad171ac9,2026-01-18 01:10:42.000,pub_101
37dcde04-fdca-466f-9424-67dee0e7495b,80b7708a-f34b-4cd7-9b3d-0594a66337d5,2026-01-18 01:15:30.000,pub_101
435431f9-faef-4d8c-9e0e-ca8c946821a4,fdede5e3-9dba-4ca5-a36e-82895c4618f8,2026-01-18 01:27:29.000,pub_445
8c56b4ee-d1da-463c-8045-868927aee1cd,8a176764-6f34-497d-ba92-8314ab2d7719,2026-01-18 01:32:46.000,pub_204
47182ece-80b8-405b-adc3-d0b79d0e9990,8a176764-6f34-497d-ba92-8314ab2d7719,2026-01-18 01:34:54.000,pub_445
95cec832-a9f8-46c1-bbcf-54413ba828ba,393fc1c9-d322-4b8a-952e-5ad320900791,2026-01-18 01:49:43.000,pub_318
244b76b7-c873-4ebc-b134-f4f6aed008c9,749c9934-39ec-4687-9dbd-78378124d954,2026-01-18 01:53:20.000,pub_445
cee59dce-5ebf-494a-b4f0-22b9c4386ef4,749c9934-39ec-4687-9dbd-78378124d954,2026-01-18 02:00:30.000,pub_318
9bb72963-392e-4ff2-8f8e-88070ebf51d9,8a176764-6f34-497d-ba92-8314ab2d7719,2026-01-18 02:03:33.000,pub_318
4a50b576-204a-4de4-b88b-57996ac10c55,fdede5e3-9dba-4ca5-a36e-82895c4618f8,2026-01-18 02:05:30.000,pub_512
0cae8b27-eb21-4cdf-8ea0-55991fe42acb,749c9934-39ec-4687-9dbd-78378124d954,2026-01-18 02:20:47.000,pub_204
c2b69407-d7dc-4c98-85ee-cdd5d4f1aed8,749c9934-39ec-4687-9dbd-78378124d954,2026-01-18 02:21:20.000,pub_512
ebe24b84-b36a-4af7-a720-51603df1f221,83f9bde8-6044-446e-b665-aee0bb0e656e,2026-01-18 02:24:17.000,pub_445
7ce35b69-7c04-4180-8ffd-4eb5638d05a1,393fc1c9-d322-4b8a-952e-5ad320900791,2026-01-18 02:27:29.000,pub_512
f4cab092-02fd-4c1a-a45e-1dccd88aefc6,8a176764-6f34-497d-ba92-8314ab2d7719,2026-01-18 02:29:14.000,pub_318
87ec4b77-14a1-430e-9535-cba4213364ae,393fc1c9-d322-4b8a-952e-5ad320900791,2026-01-18 02:45:40.000,pub_512
91a56ade-2c09-41fe-9cdf-ddd7a8423b08,393fc1c9-d322-4b8a-952e-5ad320900791,2026-01-18 02:50:22.000,pub_318
a33e79d3-7c59-4a58-a7b8-dae990c4cf5a,fdede5e3-9dba-4ca5-a36e-82895c4618f8,2026-01-18 03:16:07.000,pub_445
f89c9e95-933d-450e-8f20-0ce5fb1e5d43,fdede5e3-9dba-4ca5-a36e-82895c4618f8,2026-01-18 03:17:09.000,pub_512
a397ade0-9257-4d4b-93d3-0ed80f0d1dd3,393fc1c9-d322-4b8a-952e-5ad320900791,2026-01-18 03:42:18.000,pub_101
43ab45a6-4537-4d7f-b55c-0a04876506c4,fdede5e3-9dba-4ca5-a36e-82895c4618f8,2026-01-18 04:06:54.000,pub_101
36d7d90c-213e-4109-9cd8-8500258c59ef,33c7942d-55ce-48ca-9169-a374b1f497df,2026-01-18 04:18:53.000,pub_101
1a9c7967-7052-444b-8f1f-92e0b661c965,83f9bde8-6044-446e-b665-aee0bb0e656e,2026-01-18 04:21:53.000,pub_512
f14e280d-3e03-4744-aaeb-d4100998a0e9,6b5edc02-f930-4de2-a691-c965ad171ac9,2026-01-18 04:21:57.000,pub_512
f1ec35cc-7093-4936-8a62-64cd3d4cb6d5,6ecad2b7-b646-4008-9939-e26a0ffdc290,2026-01-18 04:22:25.000,pub_204
54cb8c92-72c4-48b3-bf3b-9333912df7be,83f9bde8-6044-446e-b665-aee0bb0e656e,2026-01-18 04:38:04.000,pub_101
75bbf46b-64a5-413e-ac57-27bbf7273a3f,8a176764-6f34-497d-ba92-8314ab2d7719,2026-01-18 04:39:56.000,pub_445
b397e8d7-25ea-41c7-a2e4-a2beaadf79ac,80b7708a-f34b-4cd7-9b3d-0594a66337d5,2026-01-18 04:47:11.000,pub_445
4f79dd6a-08ab-46ef-93f8-c4ca725d768c,8a176764-6f34-497d-ba92-8314ab2d7719,2026-01-18 04:47:28.000,pub_512
58380942-c359-4d84-90ca-a79490414ce0,80b7708a-f34b-4cd7-9b3d-0594a66337d5,2026-01-18 05:03:36.000,pub_101
8efa10de-9860-4201-8dfd-2239a9818f7a,33c7942d-55ce-48ca-9169-a374b1f497df,2026-01-18 05:20:31.000,pub_512
2f79520b-9516-4725-a9e7-ed4e6488f73e,8a176764-6f34-497d-ba92-8314ab2d7719,2026-01-18 05:35:42.000,pub_318
72331706-815a-47c0-8af5-5538329f401d,8a176764-6f34-497d-ba92-8314ab2d7719,2026-01-18 05:47:00.000,pub_512
b2df509f-4792-4d03-9862-5a2055e18a9b,80b7708a-f34b-4cd7-9b3d-0594a66337d5,2026-01-18 05:57:46.000,pub_204
e2170df4-3475-4e22-9b0b-cc05d6ad9aec,6b5edc02-f930-4de2-a691-c965ad171ac9,2026-01-18 06:00:23.000,pub_101
23af2d89-417c-494a-afc8-3b9f8f579e21,3f1ed2cc-0767-4665-8370-36e46f39a07e,2026-01-18 06:05:45.000,pub_101
37a5d8c3-47f1-42de-9d93-97a445f19e10,393fc1c9-d322-4b8a-952e-5ad320900791,2026-01-18 06:12:29.000,pub_204
463c634d-295b-45d4-81f3-a8f41e5fa98e,fdede5e3-9dba-4ca5-a36e-82895c4618f8,2026-01-18 06:17:06.000,pub_445
8570f4de-2327-46bc-b8dd-ceffe82fe3e1,8a176764-6f34-497d-ba92-8314ab2d7719,2026-01-18 06:22:08.000,pub_204
6cfc2e66-dc3a-47d9-8e7e-a009e0943a49,393fc1c9-d322-4b8a-952e-5ad320900791,2026-01-18 06:28:18.000,pub_101
10ee2889-0edb-4263-a59e-5eccd490486f,3f1ed2cc-0767-4665-8370-36e46f39a07e,2026-01-18 06:48:07.000,pub_204
40fcc075-0719-4c2d-b5f4-e1e422446505,393fc1c9-d322-4b8a-952e-5ad320900791,2026-01-18 06:48:14.000,pub_318
0526b189-51af-4d71-8a58-61b610e744e5,749c9934-39ec-4687-9dbd-78378124d954,2026-01-18 06:58:00.000,pub_512
e42c2001-f1fc-4576-8030-ee69271a644e,749c9934-39ec-4687-9dbd-78378124d954,2026-01-18 07:20:07.000,pub_512
ba844378-f549-4ea3-aa77-f1e852a14118,33c7942d-55ce-48ca-9169-a374b1f497df,2026-01-18 07:32:25.000,pub_101
f469f1f0-a4cd-4ecd-8833-e54c13deff9a,749c9934-39ec-4687-9dbd-78378124d954,2026-01-18 07:34:52.000,pub_204
23f634a7-1180-451e-9bcf-615d26dbb904,3f1ed2cc-0767-4665-8370-36e46f39a07e,2026-01-18 07:43:54.000,pub_204
ba17b342-a92e-4ba9-8b8f-adee121d3e98,33c7942d-55ce-48ca-9169-a374b1f497df,2026-01-18 07:54:18.000,pub_101
60e695cd-3f0c-4403-bdf6-0c59b9c12ca9,749c9934-39ec-4687-9dbd-78378124d954,2026-01-18 08:01:46.000,pub_318
cb86a41b-9d0c-4604-a150-c9fb6386a72f,3f1ed2cc-0767-4665-8370-36e46f39a07e,2026-01-18 08:05:02.000,pub_512
e3ad8202-783a-49eb-a52f-31b40533b9cd,749c9934-39ec-4687-9dbd-78378124d954,2026-01-18 08:13:37.000,pub_512
94b3b06b-e9df-4612-8e79-5c57399cbf6c,33c7942d-55ce-48ca-9169-a374b1f497df,2026-01-18 08:17:37.000,pub_101
b04a170a-c181-4ce2-8903-4ef62de19383,6ecad2b7-b646-4008-9939-e26a0ffdc290,2026-01-18 08:23:03.000,pub_204
09704fae-ebd3-427b-a74a-3e60ed7ade1f,fdede5e3-9dba-4ca5-a36e-82895c4618f8,2026-01-18 08:45:03.000,pub_512
aeaad74b-e91d-46cf-bcc5-af89b0f28d28,6ecad2b7-b646-4008-9939-e26a0ffdc290,2026-01-18 08:48:22.000,pub_512
43816726-3655-4ffa-b68c-3a20f6aec635,393fc1c9-d322-4b8a-952e-5ad320900791,2026-01-18 08:52:40.000,pub_204
94e9b9fc-679f-4466-880d-07419b931874,80b7708a-f34b-4cd7-9b3d-0594a66337d5,2026-01-18 08:59:23.000,pub_101
7093d67c-146a-4db4-b6c0-4f201f35d783,3f1ed2cc-0767-4665-8370-36e46f39a07e,2026-01-18 09:03:37.000,pub_445
35d9202e-a70e-4b91-a26e-04c18ea3bf12,8a176764-6f34-497d-ba92-8314ab2d7719,2026-01-18 09:12:05.000,pub_204
8883ec59-9df8-40bc-bf3d-bc5e5fe5cf1b,8a176764-6f34-497d-ba92-8314ab2d7719,2026-01-18 09:13:52.000,pub_445
7bf8c8fd-43d6-41cc-aae4-18c6f4371573,393fc1c9-d322-4b8a-952e-5ad320900791,2026-01-18 09:22:57.000,pub_204
32b0229e-8085-4b50-829f-415d14c14d5d,393fc1c9-d322-4b8a-952e-5ad320900791,2026-01-18 09:30:26.000,pub_512
ae035aae-e6a9-4750-86f8-ed9ead8324bf,3f1ed2cc-0767-4665-8370-36e46f39a07e,2026-01-18 09:33:18.000,pub_318
e57858b6-11f6-47d8-97d5-895b28af9a8d,8a176764-6f34-497d-ba92-8314ab2d7719,2026-01-18 09:40:45.000,pub_512
62630ff2-6cc2-46ec-8282-5a9b5cfd8369,749c9934-39ec-4687-9dbd-78378124d954,2026-01-18 09:52:45.000,pub_445
8e4f7782-01b8-4ff0-bc32-d900453e4cfb,393fc1c9-d322-4b8a-952e-5ad320900791,2026-01-18 09:56:36.000,pub_445
27f3c5c2-4a7a-4bf3-8ebc-ba1ae56f494a,8a176764-6f34-497d-ba92-8314ab2d7719,2026-01-18 09:57:51.000,pub_318
3297cc24-a08d-4b7f-a678-5f7f0b7a7459,8a176764-6f34-497d-ba92-8314ab2d7719,2026-01-18 09:58:34.000,pub_512
9a5649e9-57f2-4fea-bb8f-9a8f79746db5,393fc1c9-d322-4b8a-952e-5ad320900791,2026-01-18 10:01:00.000,pub_318
a000ddf1-7bb8-4dc7-a115-ba1e7e1d9ad4,83f9bde8-6044-446e-b665-aee0bb0e656e,2026-01-18 10:10:12.000,pub_318
70387add-06c1-4d4e-9ed3-c00ea04f9050,83f9bde8-6044-446e-b665-aee0bb0e656e,2026-01-18 10:33:01.000,pub_101
78341b1b-4b40-42e2-9b40-6a2a86ed8e73,83f9bde8-6044-446e-b665-aee0bb0e656e,2026-01-18 10:34:03.000,pub_318
286fe72e-ac4f-47ac-8ae0-7fdcd6eea49b,33c7942d-55ce-48ca-9169-a374b1f497df,2026-01-18 10:49:53.000,pub_204
155b937d-00d4-4fda-b949-06d41aa22600,393fc1c9-d322-4b8a-952e-5ad320900791,2026-01-18 10:52:55.000,pub_512
1503ae56-2810-4c23-8ac8-9b2288227672,33c7942d-55ce-48ca-9169-a374b1f497df,2026-01-18 10:54:30.000,pub_204
3ae460d0-dce4-4159-b441-0e7595751086,393fc1c9-d322-4b8a-952e-5ad320900791,2026-01-18 10:55:08.000,pub_445
125b7036-5f46-4cdc-894d-d3ba4e9d8ea4,33c7942d-55ce-48ca-9169-a374b1f497df,2026-01-18 11:00:58.000,pub_512
16377505-a191-4b51-b48f-37ba77466345,393fc1c9-d322-4b8a-952e-5ad320900791,2026-01-18 11:07:38.000,pub_204
0a985a61-2264-40be-91e9-7de8d31e845c,83f9bde8-6044-446e-b665-aee0bb0e656e,2026-01-18 11:35:16.000,pub_204
b278b9e7-2261-4e0b-a361-3a0853996b07,3f1ed2cc-0767-4665-8370-36e46f39a07e,2026-01-18 11:39:00.000,pub_101
3ee331f0-c281-43c5-9423-9fc363429b03,33c7942d-55ce-48ca-9169-a374b1f497df,2026-01-18 11:41:08.000,pub_101
37692c9f-177a-4e20-8427-76929b8bd85a,80b7708a-f34b-4cd7-9b3d-0594a66337d5,2026-01-18 11:45:56.000,pub_445
21a60ca2-a0d7-44db-b652-d7b062da84c3,749c9934-39ec-4687-9dbd-78378124d954,2026-01-18 11:47:15.000,pub_512
91c30cc0-bf22-4823-af75-ea4f21517883,33c7942d-55ce-48ca-9169-a374b1f497df,2026-01-18 11:47:56.000,pub_512
7ff5f448-23f8-402a-963b-e1b0ea8c7f2d,393fc1c9-d322-4b8a-952e-5ad320900791,2026-01-18 11:52:02.000,pub_204
a58e685c-2b86-4ce1-9a6e-bc83ba4887e0,6b5edc02-f930-4de2-a691-c965ad171ac9,2026-01-18 11:55:38.000,pub_101
11334d27-e67f-481f-ae26-283e4ed83caf,fdede5e3-9dba-4ca5-a36e-82895c4618f8,2026-01-18 11:56:15.000,pub_318
01ea8b69-92ae-463e-90e0-82188b0a384c,749c9934-39ec-4687-9dbd-78378124d954,2026-01-18 12:05:34.000,pub_318
cfe95dc8-f6a4-416f-8759-a0eff488a088,33c7942d-55ce-48ca-9169-a374b1f497df,2026-01-18 12:07:13.000,pub_445
6ccb0b91-1515-4a05-9392-df632badae52,6b5edc02-f930-4de2-a691-c965ad171ac9,2026-01-18 12:14:48.000,pub_512
07588b86-0365-4ee8-81ea-9c63401d3a26,749c9934-39ec-4687-9dbd-78378124d954,2026-01-18 12:21:35.000,pub_318
e1099196-155c-40af-ba9e-6d83c6d84f4c,6b5edc02-f930-4de2-a691-c965ad171ac9,2026-01-18 12:27:24.000,pub_204
1f90c6d7-2d92-4089-8346-6caa203bed12,393fc1c9-d322-4b8a-952e-5ad320900791,2026-01-18 12:40:15.000,pub_445
9cf6aa2d-63d6-4ca5-b740-c2a486f63559,fdede5e3-9dba-4ca5-a36e-82895c4618f8,2026-01-18 12:59:08.000,pub_101
245a347a-599d-42e9-bc33-b6ff826e36aa,393fc1c9-d322-4b8a-952e-5ad320900791,2026-01-18 13:04:41.000,pub_101
405e8263-c0a6-4cdb-8797-879f15dee4d4,6b5edc02-f930-4de2-a691-c965ad171ac9,2026-01-18 13:09:46.000,pub_512
b7da61c6-1a99-4444-9b9b-af795a4684f3,6b5edc02-f930-4de2-a691-c965ad171ac9,2026-01-18 13:20:21.000,pub_204
fb5e95aa-a432-4ff0-a7bf-e69ec7ab6164,33c7942d-55ce-48ca-9169-a374b1f497df,2026-01-18 13:24:18.000,pub_318
1fa605a0-83a2-465d-ba11-2d466faad452,3f1ed2cc-0767-4665-8370-36e46f39a07e,2026-01-18 13:28:49.000,pub_512
883f5d75-d745-4585-a347-229d2dfd92c6,83f9bde8-6044-446e-b665-aee0bb0e656e,2026-01-18 13:29:51.000,pub_101
5296470e-f974-4897-b58c-39e70c617d95,83f9bde8-6044-446e-b665-aee0bb0e656e,2026-01-18 13:30:35.000,pub_101
3f43196d-dd6e-4c70-a8a8-c5943f9aa28a,80b7708a-f34b-4cd7-9b3d-0594a66337d5,2026-01-18 13:45:23.000,pub_204
af40a06f-673c-4766-a6a8-e3acedd12fef,8a176764-6f34-497d-ba92-8314ab2d7719,2026-01-18 13:48:21.000,pub_512
87eadcad-2c46-4722-b20b-900a2dd124e9,393fc1c9-d322-4b8a-952e-5ad320900791,2026-01-18 14:01:25.000,pub_512
90284d7b-5e2d-48ef-aee0-7c8b1e81a235,80b7708a-f34b-4cd7-9b3d-0594a66337d5,2026-01-18 14:04:29.000,pub_101
9b024418-4e0a-48ab-97d5-42e740ed459f,3f1ed2cc-0767-4665-8370-36e46f39a07e,2026-01-18 14:12:29.000,pub_445
24991274-d08a-4540-abe7-d2468e7e5dfb,393fc1c9-d322-4b8a-952e-5ad320900791,2026-01-18 14:13:29.000,pub_512
53b5f364-6cd3-4993-bd16-501fe38ae8f7,6b5edc02-f930-4de2-a691-c965ad171ac9,2026-01-18 14:22:14.000,pub_512
16b95309-2161-4bf2-a407-212d9451fadd,393fc1c9-d322-4b8a-952e-5ad320900791,2026-01-18 14:27:24.000,pub_318
edb42ada-69ab-4fef-a609-8eda798582fb,83f9bde8-6044-446e-b665-aee0bb0e656e,2026-01-18 14:31:30.000,pub_512
14616d2c-f6bd-4267-9a2a-dcc6b9eb07d8,33c7942d-55ce-48ca-9169-a374b1f497df,2026-01-18 14:45:24.000,pub_101
858e08ef-0404-4be8-ba50-94efd4a98b52,fdede5e3-9dba-4ca5-a36e-82895c4618f8,2026-01-18 14:51:20.000,pub_512
736a69b5-92c5-4098-abd0-0530b06fb863,8a176764-6f34-497d-ba92-8314ab2d7719,2026-01-18 14:55:28.000,pub_101
1a49e43e-fe2d-40b0-b140-14705432e54f,3f1ed2cc-0767-4665-8370-36e46f39a07e,2026-01-18 15:18:29.000,pub_318
e4f06d26-6d68-43b3-8788-8f5f162bbd6a,393fc1c9-d322-4b8a-952e-5ad320900791,2026-01-18 15:21:37.000,pub_445
d41a203f-962c-4395-815c-1bb1b54ce2a1,393fc1c9-d322-4b8a-952e-5ad320900791,2026-01-18 15:28:32.000,pub_318
238e813f-82be-4ee0-b38f-bbb08511c637,33c7942d-55ce-48ca-9169-a374b1f497df,2026-01-18 15:34:39.000,pub_512
789c8add-09b8-48b8-9126-41abd760bb88,8a176764-6f34-497d-ba92-8314ab2d7719,2026-01-18 15:34:42.000,pub_318
eaf63ff4-7fe2-4474-84bb-e817a9d89740,8a176764-6f34-497d-ba92-8314ab2d7719,2026-01-18 15:36:10.000,pub_318
effa34bf-e8c1-4f24-a04c-24560ff8a11d,6ecad2b7-b646-4008-9939-e26a0ffdc290,2026-01-18 15:58:18.000,pub_318
c1ba2f3d-02e0-407f-a0b2-a68081414153,8a176764-6f34-497d-ba92-8314ab2d7719,2026-01-18 16:03:48.000,pub_445
68d327a4-b358-4c6f-b21c-23e5bce1fc68,3f1ed2cc-0767-4665-8370-36e46f39a07e,2026-01-18 16:10:42.000,pub_512
528c18d4-acff-4fa4-acb2-9b3cdb1c2fb8,6b5edc02-f930-4de2-a691-c965ad171ac9,2026-01-18 16:20:55.000,pub_445
86c118bf-fc36-4931-a7a6-462619e568ee,33c7942d-55ce-48ca-9169-a374b1f497df,2026-01-18 16:25:40.000,pub_445
33bec421-eb09-449b-8d89-90ade3f914dd,80b7708a-f34b-4cd7-9b3d-0594a66337d5,2026-01-18 16:26:22.000,pub_204
81ada3e9-94f0-4473-aeba-22bee0cdb1b2,33c7942d-55ce-48ca-9169-a374b1f497df,2026-01-18 16:40:05.000,pub_445
e78ae526-dd7e-4fbb-a2b7-1e1258518b3a,749c9934-39ec-4687-9dbd-78378124d954,2026-01-18 16:41:24.000,pub_204
ec26ec43-ef5b-43ba-878d-10d62f668b40,3f1ed2cc-0767-4665-8370-36e46f39a07e,2026-01-18 17:05:38.000,pub_204
831103c1-096b-481c-8749-1f78a672be1c,83f9bde8-6044-446e-b665-aee0bb0e656e,2026-01-18 17:05:41.000,pub_101
9f7a5d48-a093-4ec8-b9c0-74aafd36719a,6ecad2b7-b646-4008-9939-e26a0ffdc290,2026-01-18 17:30:26.000,pub_318
b58dcf08-83d7-41cf-9502-e3d0773a9abb,fdede5e3-9dba-4ca5-a36e-82895c4618f8,2026-01-18 17:40:11.000,pub_512
1f5ae367-028a-44d8-92d7-95caf74a34e1,393fc1c9-d322-4b8a-952e-5ad320900791,2026-01-18 17:55:16.000,pub_318
2eeba2c5-7884-464e-94fd-53d12336b6ce,83f9bde8-6044-446e-b665-aee0bb0e656e,2026-01-18 17:57:44.000,pub_204
7de23542-fe22-48e4-a947-1074207bdc56,6b5edc02-f930-4de2-a691-c965ad171ac9,2026-01-18 18:03:49.000,pub_204
47a774da-cebf-4bea-b64e-0021dde49171,80b7708a-f34b-4cd7-9b3d-0594a66337d5,2026-01-18 18:04:59.000,pub_101
f2868c06-d56d-4eea-9b72-edb952446d87,33c7942d-55ce-48ca-9169-a374b1f497df,2026-01-18 18:09:42.000,pub_445
6f8f1697-ea4d-49bb-a9ed-6d139b7fa58c,6ecad2b7-b646-4008-9939-e26a0ffdc290,2026-01-18 18:12:34.000,pub_445
f88b892a-5896-42b9-ba0d-35d9d2a88a17,749c9934-39ec-4687-9dbd-78378124d954,2026-01-18 18:26:05.000,pub_445
812de41c-b8bd-4073-839f-92f6a549c79c,393fc1c9-d322-4b8a-952e-5ad320900791,2026-01-18 18:50:00.000,pub_204
0ef59aef-3653-4432-aa24-695a00c62153,fdede5e3-9dba-4ca5-a36e-82895c4618f8,2026-01-18 19:06:35.000,pub_101
c59786ae-33b7-400d-9048-2088ca25cfb5,33c7942d-55ce-48ca-9169-a374b1f497df,2026-01-18 19:06:49.000,pub_318
1a608091-c767-4f58-8e45-e8dc23936197,749c9934-39ec-4687-9dbd-78378124d954,2026-01-18 19:20:45.000,pub_512
2d6ca6eb-f049-41ba-80b7-571a315c14a5,8a176764-6f34-497d-ba92-8314ab2d7719,2026-01-18 19:42:26.000,pub_101
ac68c0a0-3305-49f1-9368-e7994a912fc7,83f9bde8-6044-446e-b665-aee0bb0e656e,2026-01-18 19:43:02.000,pub_445
cd02d202-a3ee-4e61-b358-a7addcf5c55d,3f1ed2cc-0767-4665-8370-36e46f39a07e,2026-01-18 19:48:30.000,pub_512
0da51dfe-569e-438b-bf73-8a188352d3cb,fdede5e3-9dba-4ca5-a36e-82895c4618f8,2026-01-18 19:58:34.000,pub_512
43ce44a1-18d4-4f3a-8bd6-36d607f5d74c,3f1ed2cc-0767-4665-8370-36e46f39a07e,2026-01-18 20:10:12.000,pub_318
a1a11d23-8f8d-4afa-a5f0-d72127ca3c19,33c7942d-55ce-48ca-9169-a374b1f497df,2026-01-18 20:13:10.000,pub_512
e53bcd81-34bf-4720-b690-b43557c34818,83f9bde8-6044-446e-b665-aee0bb0e656e,2026-01-18 20:14:22.000,pub_101
51d7dc5a-5d50-4a4e-9a68-24a2ce15d224,80b7708a-f34b-4cd7-9b3d-0594a66337d5,2026-01-18 20:17:04.000,pub_204
b161bdb2-7a1a-4011-b87f-dace95a93fa8,3f1ed2cc-0767-4665-8370-36e46f39a07e,2026-01-18 20:26:40.000,pub_204
507aea1e-574e-41db-873f-49cfe4c556f3,6b5edc02-f930-4de2-a691-c965ad171ac9,2026-01-18 20:33:56.000,pub_512
b5878dab-1224-473b-8e38-0bee7d8937e2,fdede5e3-9dba-4ca5-a36e-82895c4618f8,2026-01-18 20:39:28.000,pub_204
365ac322-f934-4e0c-9f5f-c4d16994fe2c,33c7942d-55ce-48ca-9169-a374b1f497df,2026-01-18 21:09:39.000,pub_445
e4555fcd-8b92-407b-bacd-cf4045bd04ce,393fc1c9-d322-4b8a-952e-5ad320900791,2026-01-18 21:10:04.000,pub_318
538e1ed2-bdd4-4fd1-b302-e734b4ea2d1a,80b7708a-f34b-4cd7-9b3d-0594a66337d5,2026-01-18 21:29:48.000,pub_204
8930d1a3-0650-4c5c-98b4-183cf043fe20,393fc1c9-d322-4b8a-952e-5ad320900791,2026-01-18 21:30:39.000,pub_512
b9b02d76-c8c9-4fe2-af78-a6fd39185d1c,fdede5e3-9dba-4ca5-a36e-82895c4618f8,2026-01-18 21:36:14.000,pub_101
9300cfeb-61d1-4548-9637-49e701666dac,33c7942d-55ce-48ca-9169-a374b1f497df,2026-01-18 21:43:05.000,pub_101
0b1d3c63-1583-45b5-b737-5fd0f6f6a21e,fdede5e3-9dba-4ca5-a36e-82895c4618f8,2026-01-18 21:45:42.000,pub_318
8715367a-ba39-4855-a92a-dbba04cdba65,393fc1c9-d322-4b8a-952e-5ad320900791,2026-01-18 21:49:19.000,pub_204
07d91483-3e41-47d0-86fa-8cb75b9d9a76,83f9bde8-6044-446e-b665-aee0bb0e656e,2026-01-18 21:50:07.000,pub_204
e9e5af8f-7746-498e-b840-cb7f71ba410b,8a176764-6f34-497d-ba92-8314ab2d7719,2026-01-18 21:59:27.000,pub_204
239e87c4-9951-45f9-b97a-bb3b427324b2,3f1ed2cc-0767-4665-8370-36e46f39a07e,2026-01-18 22:15:41.000,pub_318
98b1949b-d842-4ffe-afc7-782a03eea8fe,83f9bde8-6044-446e-b665-aee0bb0e656e,2026-01-18 22:18:10.000,pub_101
2c50b6ac-5e29-4420-8c56-1e1b1e4bf447,33c7942d-55ce-48ca-9169-a374b1f497df,2026-01-18 22:25:23.000,pub_204
e4236e73-b4f5-4bdd-8638-94431eff33d6,fdede5e3-9dba-4ca5-a36e-82895c4618f8,2026-01-18 22:35:55.000,pub_512
f214775e-d102-45fc-8fcc-1fb8bfbc79fb,6b5edc02-f930-4de2-a691-c965ad171ac9,2026-01-18 22:39:45.000,pub_318
177f86a5-e8c1-4ab4-98dc-97c77ba7c810,8a176764-6f34-497d-ba92-8314ab2d7719,2026-01-18 22:48:34.000,pub_204
ff3fd7cc-cc24-4e95-b284-1bcaa19e10c8,3f1ed2cc-0767-4665-8370-36e46f39a07e,2026-01-18 22:56:03.000,pub_445
a46c77a7-bd50-44a3-801b-accc4bf0dec4,fdede5e3-9dba-4ca5-a36e-82895c4618f8,2026-01-18 23:02:38.000,pub_101
ea7a37ee-3b58-4b29-8b0b-3b2707fa62ac,6ecad2b7-b646-4008-9939-e26a0ffdc290,2026-01-18 23:17:31.000,pub_318
07a05023-4890-453d-8e80-3b11b3d48adc,393fc1c9-d322-4b8a-952e-5ad320900791,2026-01-18 23:22:47.000,pub_318
c945843e-8b71-4d0c-b7a1-1ccb2d8aee8d,fdede5e3-9dba-4ca5-a36e-82895c4618f8,2026-01-18 23:25:33.000,pub_101
0bc74559-358a-44db-91c6-c321f8c68ad7,749c9934-39ec-4687-9dbd-78378124d954,2026-01-18 23:30:53.000,pub_101
f8fcbaa4-241a-4723-b6f9-2a1dcb8fdf1e,8a176764-6f34-497d-ba92-8314ab2d7719,2026-01-18 23:38:28.000,pub_204
54d374a0-15fb-48e5-8c1f-de444be89280,749c9934-39ec-4687-9dbd-78378124d954,2026-01-18 23:59:45.000,pub_318
876ed1b5-d555-4d37-9da1-74fdffa8490a,83f9bde8-6044-446e-b665-aee0bb0e656e,2026-01-19 00:02:28.000,pub_101
0097c498-29e5-4032-bec6-57524cad7b90,6b5edc02-f930-4de2-a691-c965ad171ac9,2026-01-19 00:03:15.000,pub_101
4cf7c730-09e0-45cd-9866-84b676c03a94,3f1ed2cc-0767-4665-8370-36e46f39a07e,2026-01-19 00:07:55.000,pub_445
b3be4b16-2688-4581-ac71-2c7fae80e2eb,8a176764-6f34-497d-ba92-8314ab2d7719,2026-01-19 00:12:17.000,pub_318
7c1a632c-cc52-4b51-8f61-bba3da5406e0,6ecad2b7-b646-4008-9939-e26a0ffdc290,2026-01-19 00:16:12.000,pub_445
d8a2f150-ab5a-4390-ae1b-d8c3064818ec,393fc1c9-d322-4b8a-952e-5ad320900791,2026-01-19 00:48:12.000,pub_445
8ff7b501-044c-4e4d-ab42-7227ede13f6b,6b5edc02-f930-4de2-a691-c965ad171ac9,2026-01-19 01:00:56.000,pub_318
dabc7804-a37d-41ba-b136-8a6efe440961,749c9934-39ec-4687-9dbd-78378124d954,2026-01-19 01:02:29.000,pub_318
f8920dc9-7974-4701-965e-5b2d44686eb3,80b7708a-f34b-4cd7-9b3d-0594a66337d5,2026-01-19 01:02:36.000,pub_101
68a9e7fd-914c-4e6f-b2d1-708a2bda0cbe,33c7942d-55ce-48ca-9169-a374b1f497df,2026-01-19 01:03:59.000,pub_512
6eddc403-e5ea-4e6a-a6f0-457833c4d70d,fdede5e3-9dba-4ca5-a36e-82895c4618f8,2026-01-19 01:13:45.000,pub_204
38dc58f7-4a75-41b8-b12d-d4f3cfda13be,6ecad2b7-b646-4008-9939-e26a0ffdc290,2026-01-19 01:15:33.000,pub_204
b7f4d983-8a4d-4b78-8a5a-84c65b0acfc5,80b7708a-f34b-4cd7-9b3d-0594a66337d5,2026-01-19 01:32:22.000,pub_445
3ad09511-8b98-406f-8e0e-0d5863162894,6b5edc02-f930-4de2-a691-c965ad171ac9,2026-01-19 01:34:37.000,pub_512
231839b7-5a81-41b1-a826-2492d80f6071,fdede5e3-9dba-4ca5-a36e-82895c4618f8,2026-01-19 01:51:56.000,pub_204
91afbabc-16d3-4b92-8ce5-9927c7d85b1b,33c7942d-55ce-48ca-9169-a374b1f497df,2026-01-19 01:55:11.000,pub_445
02d8b435-f7be-40d8-8feb-2ca1320e6937,fdede5e3-9dba-4ca5-a36e-82895c4618f8,2026-01-19 02:09:54.000,pub_204
180f679d-67de-457c-b5d9-86ad4f2a7581,80b7708a-f34b-4cd7-9b3d-0594a66337d5,2026-01-19 02:16:15.000,pub_512
e4ab2908-b0ba-4472-a86d-fe1b54a1d121,3f1ed2cc-0767-4665-8370-36e46f39a07e,2026-01-19 02:21:10.000,pub_101
2dc95d52-88f5-4a04-aaef-53515a97b027,fdede5e3-9dba-4ca5-a36e-82895c4618f8,2026-01-19 02:21:34.000,pub_318
45fbfdd8-52fd-493a-8690-1b3fa84a8e2f,80b7708a-f34b-4cd7-9b3d-0594a66337d5,2026-01-19 02:22:04.000,pub_101
f7bcaeb3-6c0b-4c88-b401-7b6d17d63190,80b7708a-f34b-4cd7-9b3d-0594a66337d5,2026-01-19 02:22:47.000,pub_101
43cab694-3791-468d-8b2d-154147b78d09,6ecad2b7-b646-4008-9939-e26a0ffdc290,2026-01-19 02:28:38.000,pub_445
6c55db5f-c74b-4784-badf-f038548b4459,fdede5e3-9dba-4ca5-a36e-82895c4618f8,2026-01-19 02:38:11.000,pub_445
16d603c3-7fbf-43fc-88e9-29f4b4067a2d,80b7708a-f34b-4cd7-9b3d-0594a66337d5,2026-01-19 02:43:04.000,pub_204
0f38f653-59da-4931-9cb7-951db76fa9c4,393fc1c9-d322-4b8a-952e-5ad320900791,2026-01-19 02:44:51.000,pub_101
8b361a18-958c-4357-8e05-953b3be72ce4,80b7708a-f34b-4cd7-9b3d-0594a66337d5,2026-01-19 02:48:27.000,pub_318
eb826051-5019-44c3-9c0b-ed4bd2428314,fdede5e3-9dba-4ca5-a36e-82895c4618f8,2026-01-19 02:48:43.000,pub_512
69f8606a-bc2b-4a86-8987-e68133649e2d,749c9934-39ec-4687-9dbd-78378124d954,2026-01-19 02:57:06.000,pub_512
17ee74f8-ce62-4757-a36d-8a5a4b886f6d,83f9bde8-6044-446e-b665-aee0bb0e656e,2026-01-19 03:07:45.000,pub_101
adf97313-1c43-41c3-96d2-1a932c7db038,fdede5e3-9dba-4ca5-a36e-82895c4618f8,2026-01-19 03:15:53.000,pub_445
923ca996-077d-4f28-8535-ba1e087c6be8,3f1ed2cc-0767-4665-8370-36e46f39a07e,2026-01-19 03:18:16.000,pub_445
f00a7d41-48de-418f-96b4-970eee5fc04c,6b5edc02-f930-4de2-a691-c965ad171ac9,2026-01-19 03:22:16.000,pub_445
54a15504-0513-4ce2-82cc-af8024b3adce,749c9934-39ec-4687-9dbd-78378124d954,2026-01-19 03:36:01.000,pub_512
0872e7cb-d845-4926-8083-07bac341f872,6ecad2b7-b646-4008-9939-e26a0ffdc290,2026-01-19 03:38:28.000,pub_204
debd2341-deb6-470b-9a34-a70a32816452,33c7942d-55ce-48ca-9169-a374b1f497df,2026-01-19 03:46:59.000,pub_101
fe60c1c5-2b43-429f-b498-f8d468bd97f9,8a176764-6f34-497d-ba92-8314ab2d7719,2026-01-19 03:52:51.000,pub_445
0a377c19-1ea6-4b29-9f19-d40f71dfa812,83f9bde8-6044-446e-b665-aee0bb0e656e,2026-01-19 04:00:33.000,pub_512
4f8e9e44-5e62-4db2-8d70-c271c28b6c51,83f9bde8-6044-446e-b665-aee0bb0e656e,2026-01-19 04:03:05.000,pub_445
6cc2466e-159e-4d9e-934b-cf00a3f7d008,33c7942d-55ce-48ca-9169-a374b1f497df,2026-01-19 04:05:32.000,pub_204
6f124371-0262-4f14-8760-f8635082bdb6,6ecad2b7-b646-4008-9939-e26a0ffdc290,2026-01-19 04:12:51.000,pub_512
2af2a6bc-e759-4ff5-ba6b-12e6e1c4a8b0,33c7942d-55ce-48ca-9169-a374b1f497df,2026-01-19 04:16:38.000,pub_318
71018f88-c495-422e-8672-6be9cff797e8,80b7708a-f34b-4cd7-9b3d-0594a66337d5,2026-01-19 04:16:42.000,pub_445
36bf8f7a-9d8d-4621-8318-2809803f7828,6ecad2b7-b646-4008-9939-e26a0ffdc290,2026-01-19 04:21:05.000,pub_445
113e797e-5023-49e2-bb57-39275cc3eb59,393fc1c9-d322-4b8a-952e-5ad320900791,2026-01-19 04:29:29.000,pub_204
725f5c8e-3dd4-484a-9c66-5a64d8107f67,6ecad2b7-b646-4008-9939-e26a0ffdc290,2026-01-19 04:30:01.000,pub_204
b383ec80-dd6a-453b-9ce4-d85088e2d57f,fdede5e3-9dba-4ca5-a36e-82895c4618f8,2026-01-19 04:48:17.000,pub_204
4f8eb563-7f1c-4d73-bc0f-c12154919f66,80b7708a-f34b-4cd7-9b3d-0594a66337d5,2026-01-19 04:48:31.000,pub_204
4cc4ddbf-1068-4b2b-afd9-6c64472ec873,33c7942d-55ce-48ca-9169-a374b1f497df,2026-01-19 05:04:40.000,pub_512
e2677c60-b6bf-4723-947e-97e5c5fadc41,80b7708a-f34b-4cd7-9b3d-0594a66337d5,2026-01-19 05:06:26.000,pub_445
b6b7fb7c-a39f-43d8-a509-58d36139688d,83f9bde8-6044-446e-b665-aee0bb0e656e,2026-01-19 05:18:41.000,pub_101
e5914678-0033-4271-80d4-6c0b3a8e60a0,33c7942d-55ce-48ca-9169-a374b1f497df,2026-01-19 05:30:16.000,pub_101
ea058098-e1bb-4184-8a1d-f277aeb4820f,6b5edc02-f930-4de2-a691-c965ad171ac9,2026-01-19 05:31:36.000,pub_204
805e3c2d-b39e-4205-9a0f-9a534b3ea97c,fdede5e3-9dba-4ca5-a36e-82895c4618f8,2026-01-19 05:42:21.000,pub_204
a1c3568c-b4a4-4048-90e2-51e1b2a6be93,80b7708a-f34b-4cd7-9b3d-0594a66337d5,2026-01-19 06:00:24.000,pub_318
61d727b1-f9da-4eb8-8943-fb30fbfb214a,6ecad2b7-b646-4008-9939-e26a0ffdc290,2026-01-19 06:01:23.000,pub_512
2cd61dca-3312-47c3-938c-3ab5d3fc78d3,3f1ed2cc-0767-4665-8370-36e46f39a07e,2026-01-19 06:13:27.000,pub_204
7208d535-9353-4475-9819-7af070d74e6f,6b5edc02-f930-4de2-a691-c965ad171ac9,2026-01-19 06:17:53.000,pub_445
4aec13a3-9c2b-4945-8950-7c02e2c3b30c,33c7942d-55ce-48ca-9169-a374b1f497df,2026-01-19 06:27:17.000,pub_204
38348078-d4b7-47d6-b5c8-cb770ef7a43d,8a176764-6f34-497d-ba92-8314ab2d7719,2026-01-19 06:40:50.000,pub_445
f06d493b-ca12-4b63-84f0-ffd9de64f45e,83f9bde8-6044-446e-b665-aee0bb0e656e,2026-01-19 06:51:47.000,pub_318
d33d60a7-f758-43ba-bf91-e64d77770931,3f1ed2cc-0767-4665-8370-36e46f39a07e,2026-01-19 06:54:37.000,pub_204
6ba21089-5f7d-4e0e-a00b-7c2331b63ca3,80b7708a-f34b-4cd7-9b3d-0594a66337d5,2026-01-19 07:13:34.000,pub_101
0dc3857b-8200-4178-8759-da18c8ee1064,83f9bde8-6044-446e-b665-aee0bb0e656e,2026-01-19 07:16:46.000,pub_512
acf09c93-3f41-4d16-85f6-2afc0787ef3e,80b7708a-f34b-4cd7-9b3d-0594a66337d5,2026-01-19 07:26:03.000,pub_512
bdf185c0-3697-42bd-853d-aa561954613b,83f9bde8-6044-446e-b665-aee0bb0e656e,2026-01-19 07:28:53.000,pub_445
24bae315-f546-4ee7-afb6-d99d4a0b73d8,80b7708a-f34b-4cd7-9b3d-0594a66337d5,2026-01-19 07:30:08.000,pub_204
e976ad4b-716c-4b26-bc85-15141d263ac0,80b7708a-f34b-4cd7-9b3d-0594a66337d5,2026-01-19 07:35:50.000,pub_445
dc6c6cb1-de54-4f27-94bb-7e4c348efae1,80b7708a-f34b-4cd7-9b3d-0594a66337d5,2026-01-19 07:36:34.000,pub_512
e17efff0-718e-4f53-8482-12bccf82dd4b,6ecad2b7-b646-4008-9939-e26a0ffdc290,2026-01-19 07:46:25.000,pub_101
00dadc96-e497-4a0c-b323-8dddb9a7cc7b,8a176764-6f34-497d-ba92-8314ab2d7719,2026-01-19 07:48:54.000,pub_445
baf005bd-5407-47a1-8658-03c04d815f39,8a176764-6f34-497d-ba92-8314ab2d7719,2026-01-19 07:58:10.000,pub_204
269694ea-185a-4dba-a8d3-09acadff6e61,6ecad2b7-b646-4008-9939-e26a0ffdc290,2026-01-19 08:00:44.000,pub_512
85481231-3217-495f-a6a7-55c14df592df,6b5edc02-f930-4de2-a691-c965ad171ac9,2026-01-19 08:08:36.000,pub_101
848fd508-f037-4b35-a73e-e06205bd5ad9,3f1ed2cc-0767-4665-8370-36e46f39a07e,2026-01-19 08:09:58.000,pub_512
8f95fabf-ae36-4dc8-b5b7-28ac250d6cf2,3f1ed2cc-0767-4665-8370-36e46f39a07e,2026-01-19 08:17:50.000,pub_512
69aa4a2b-af25-4140-8166-2dcb7eef8410,749c9934-39ec-4687-9dbd-78378124d954,2026-01-19 08:22:37.000,pub_445
cc0ec6bc-e9e3-4edd-8704-1c8189f5e52d,6b5edc02-f930-4de2-a691-c965ad171ac9,2026-01-19 08:31:35.000,pub_318
6db2b0ca-a124-43d1-8be2-f75417b8d5e8,6b5edc02-f930-4de2-a691-c965ad171ac9,2026-01-19 08:38:53.000,pub_445
1c5875ed-ff8e-48c3-bc66-8b862b3d2d62,80b7708a-f34b-4cd7-9b3d-0594a66337d5,2026-01-19 08:54:34.000,pub_512
dae5a60f-5673-4b93-bbae-8cafa6a7e7bf,80b7708a-f34b-4cd7-9b3d-0594a66337d5,2026-01-19 09:00:21.000,pub_318
9f57ee1e-93a5-4b16-96c4-31102506c5e5,fdede5e3-9dba-4ca5-a36e-82895c4618f8,2026-01-19 09:01:28.000,pub_101
dfe5599a-da05-4cc4-8ad4-63963ddff985,6b5edc02-f930-4de2-a691-c965ad171ac9,2026-01-19 09:08:19.000,pub_101
4498200d-7172-447c-9637-7ff864d8d832,6ecad2b7-b646-4008-9939-e26a0ffdc290,2026-01-19 09:11:33.000,pub_512
4e6bb393-a16a-4364-a9da-eeef846b595f,8a176764-6f34-497d-ba92-8314ab2d7719,2026-01-19 09:13:55.000,pub_318
e7580136-c6a7-41a9-bdf3-b1d5586a7e92,6ecad2b7-b646-4008-9939-e26a0ffdc290,2026-01-19 09:20:05.000,pub_512
7ad639b9-ef70-40c0-a75f-7a4731ca7dd4,749c9934-39ec-4687-9dbd-78378124d954,2026-01-19 09:29:46.000,pub_101
de7fa267-1236-4e7c-8084-77b73d9ddc48,80b7708a-f34b-4cd7-9b3d-0594a66337d5,2026-01-19 09:29:57.000,pub_101
bd284a6c-f1c2-4533-96f7-c03786f89409,80b7708a-f34b-4cd7-9b3d-0594a66337d5,2026-01-19 09:44:10.000,pub_204
ad1dae8c-b88c-4ce5-95e0-162984d202de,3f1ed2cc-0767-4665-8370-36e46f39a07e,2026-01-19 10:01:10.000,pub_101
df0195b9-c9be-4f20-a325-d04261bf5207,8a176764-6f34-497d-ba92-8314ab2d7719,2026-01-19 10:05:51.000,pub_318
ba7e354d-af72-4b12-ac2e-2ee579311def,8a176764-6f34-497d-ba92-8314ab2d7719,2026-01-19 10:33:31.000,pub_318
e59d3c6d-9f90-4e5f-b247-0f5f91095ffb,393fc1c9-d322-4b8a-952e-5ad320900791,2026-01-19 10:41:38.000,pub_101
7e96f10d-f014-40b1-a388-b96aa6fdbf67,83f9bde8-6044-446e-b665-aee0bb0e656e,2026-01-19 10:44:34.000,pub_318
c246e21e-2e9a-4954-81e4-c49397691621,8a176764-6f34-497d-ba92-8314ab2d7719,2026-01-19 10:45:06.000,pub_445
9f009670-5399-4f9e-9014-ded96d8f3848,393fc1c9-d322-4b8a-952e-5ad320900791,2026-01-19 10:45:57.000,pub_445
ecc58932-cdb2-4714-ba26-ccaa490cd2f8,fdede5e3-9dba-4ca5-a36e-82895c4618f8,2026-01-19 10:52:44.000,pub_318
0d7978e7-c792-49a3-89f5-bc63ecc8e13f,33c7942d-55ce-48ca-9169-a374b1f497df,2026-01-19 10:54:39.000,pub_318
b83816e8-c82f-4b93-8442-92f6d168c9af,749c9934-39ec-4687-9dbd-78378124d954,2026-01-19 10:57:33.000,pub_512
4be390e8-fea3-4a22-b5b6-09c451ab9b51,8a176764-6f34-497d-ba92-8314ab2d7719,2026-01-19 11:01:39.000,pub_101
c76689ce-4696-4590-87e6-eb97cdcac250,3f1ed2cc-0767-4665-8370-36e46f39a07e,2026-01-19 11:03:50.000,pub_101
638ce666-0aac-48f9-9c9d-a59ab5188973,3f1ed2cc-0767-4665-8370-36e46f39a07e,2026-01-19 11:10:33.000,pub_445
e4b232fd-20d1-4895-b35a-c12414d201ec,6b5edc02-f930-4de2-a691-c965ad171ac9,2026-01-19 11:13:02.000,pub_101
c7536d1e-934c-480d-9476-5ac82e0de2a4,80b7708a-f34b-4cd7-9b3d-0594a66337d5,2026-01-19 11:16:47.000,pub_204
9c8bb049-0c68-45a0-8235-c770c4d4419c,749c9934-39ec-4687-9dbd-78378124d954,2026-01-19 11:24:00.000,pub_101
370cbaa9-e08e-47cb-91eb-ae22abd20935,33c7942d-55ce-48ca-9169-a374b1f497df,2026-01-19 11:30:11.000,pub_445
24952ab6-6e9b-4b3f-9c9f-7127bff4ae91,33c7942d-55ce-48ca-9169-a374b1f497df,2026-01-19 11:30:50.000,pub_204
361392a0-ef04-4857-92fa-d29b6e1f4b9f,6b5edc02-f930-4de2-a691-c965ad171ac9,2026-01-19 11:32:56.000,pub_512
fb253dc2-1f34-43ba-968a-a4c8a12e3d2c,6ecad2b7-b646-4008-9939-e26a0ffdc290,2026-01-19 11:35:05.000,pub_204
a9c8adfe-8520-4cf0-ba91-123500f85370,749c9934-39ec-4687-9dbd-78378124d954,2026-01-19 11:51:47.000,pub_101
3b9c5669-e0d0-439a-9dd7-eec4f45d832a,393fc1c9-d322-4b8a-952e-5ad320900791,2026-01-19 12:08:44.000,pub_101
8f503d8c-3fb7-4a69-a0ec-bbaa232484b7,8a176764-6f34-497d-ba92-8314ab2d7719,2026-01-19 12:09:59.000,pub_445
17fb904a-0f8a-4222-9bf9-ea9ce0879269,80b7708a-f34b-4cd7-9b3d-0594a66337d5,2026-01-19 12:14:09.000,pub_445
d1142ceb-a3aa-4b59-b6d0-147713697faa,8a176764-6f34-497d-ba92-8314ab2d7719,2026-01-19 12:22:44.000,pub_445
98fed7e1-ec25-443c-b152-ed463d8d9327,393fc1c9-d322-4b8a-952e-5ad320900791,2026-01-19 12:23:08.000,pub_445
aceb7ace-42f6-40fa-b795-90e1ec9d6b4e,8a176764-6f34-497d-ba92-8314ab2d7719,2026-01-19 12:23:15.000,pub_512
09194c65-213f-4b47-a735-d83e5d4280a8,393fc1c9-d322-4b8a-952e-5ad320900791,2026-01-19 12:24:52.000,pub_318
1f81c23f-2988-4718-ab88-92d388dbd5d0,33c7942d-55ce-48ca-9169-a374b1f497df,2026-01-19 12:25:40.000,pub_445
566ef84e-1b34-47b9-b03b-c52c5b31a1ac,3f1ed2cc-0767-4665-8370-36e46f39a07e,2026-01-19 12:27:47.000,pub_512
06b106b3-440b-4ff2-a985-e9f5283e2ec6,393fc1c9-d322-4b8a-952e-5ad320900791,2026-01-19 12:28:54.000,pub_318
fd46b94c-9c1a-49ae-8d8d-0be663ed9fc0,80b7708a-f34b-4cd7-9b3d-0594a66337d5,2026-01-19 12:37:07.000,pub_512
cad96684-d1d8-4c9b-ba30-79d477b5cec4,6ecad2b7-b646-4008-9939-e26a0ffdc290,2026-01-19 12:47:37.000,pub_318
d2b6d4be-714f-44d6-a16b-6d1f8204f6a2,8a176764-6f34-497d-ba92-8314ab2d7719,2026-01-19 13:04:01.000,pub_318
a0b63c25-235c-430f-9328-50c484d2ecd1,749c9934-39ec-4687-9dbd-78378124d954,2026-01-19 13:04:30.000,pub_318
80187740-2805-4b48-86ac-afb410c49a73,fdede5e3-9dba-4ca5-a36e-82895c4618f8,2026-01-19 13:18:12.000,pub_512
c1c4dd5a-b177-48db-b360-17a11e0676d0,33c7942d-55ce-48ca-9169-a374b1f497df,2026-01-19 13:29:39.000,pub_101
4c38a306-a580-4e2d-bcc5-8727372d92b4,8a176764-6f34-497d-ba92-8314ab2d7719,2026-01-19 13:29:41.000,pub_512
b96f2cfb-d518-421c-932c-930b850e2119,3f1ed2cc-0767-4665-8370-36e46f39a07e,2026-01-19 13:32:02.000,pub_101
2c0a260c-aefe-4f03-8b4f-2bdaf9a45597,80b7708a-f34b-4cd7-9b3d-0594a66337d5,2026-01-19 13:32:08.000,pub_318
ebf51e92-220b-4532-a91b-8d131b1ae25d,fdede5e3-9dba-4ca5-a36e-82895c4618f8,2026-01-19 13:41:36.000,pub_101
6994235b-2672-4701-85b7-60c5af718553,6ecad2b7-b646-4008-9939-e26a0ffdc290,2026-01-19 13:47:59.000,pub_512
0634a4bd-05d8-43a0-9d71-dc7c90326fbc,fdede5e3-9dba-4ca5-a36e-82895c4618f8,2026-01-19 13:50:47.000,pub_204
a51fe65a-9966-4336-94af-9a3e70ec6c34,6ecad2b7-b646-4008-9939-e26a0ffdc290,2026-01-19 13:52:24.000,pub_204
1617ee1e-3579-475b-99a0-6183602510ee,393fc1c9-d322-4b8a-952e-5ad320900791,2026-01-19 13:54:43.000,pub_445
5dedbd78-82ae-455e-8af4-5e2ddae58e6f,749c9934-39ec-4687-9dbd-78378124d954,2026-01-19 13:58:56.000,pub_445
54b6d52f-c05c-4921-9e67-8c1505cb5564,393fc1c9-d322-4b8a-952e-5ad320900791,2026-01-19 13:59:35.000,pub_445
a4ccd7bd-947d-426d-9657-95eb8a2bd733,749c9934-39ec-4687-9dbd-78378124d954,2026-01-19 14:03:27.000,pub_512
437a372a-e2eb-4c5e-9c07-f259fef06cc5,3f1ed2cc-0767-4665-8370-36e46f39a07e,2026-01-19 14:11:36.000,pub_204
7638685b-e999-48f9-8538-00ed87aa3f50,33c7942d-55ce-48ca-9169-a374b1f497df,2026-01-19 14:16:40.000,pub_445
02773367-c504-4cb4-8700-844bbe6d749a,3f1ed2cc-0767-4665-8370-36e46f39a07e,2026-01-19 14:16:50.000,pub_445
0ef84155-e3e0-4c32-9985-bc0a9b088e1d,6b5edc02-f930-4de2-a691-c965ad171ac9,2026-01-19 14:18:31.000,pub_101
5b242be0-164f-48e7-9322-6071d1ed2e19,80b7708a-f34b-4cd7-9b3d-0594a66337d5,2026-01-19 14:25:18.000,pub_204
e0004a4c-4761-488e-886c-21dc6d9a99ae,8a176764-6f34-497d-ba92-8314ab2d7719,2026-01-19 14:35:45.000,pub_101
16eabe00-244d-4989-95d0-dd3683868e4b,749c9934-39ec-4687-9dbd-78378124d954,2026-01-19 14:47:52.000,pub_318
8c63a1f6-5a17-4c2a-995a-7bfb1554c88e,6b5edc02-f930-4de2-a691-c965ad171ac9,2026-01-19 14:48:16.000,pub_445
13a677a8-bfc3-40b0-84d3-0d8420034e2a,fdede5e3-9dba-4ca5-a36e-82895c4618f8,2026-01-19 14:55:33.000,pub_101
4513c4a3-2da9-4f08-af7a-b4d5f1391839,8a176764-6f34-497d-ba92-8314ab2d7719,2026-01-19 15:06:26.000,pub_512
fe37c82f-7d1b-44d3-bca4-0a21b21e5346,3f1ed2cc-0767-4665-8370-36e46f39a07e,2026-01-19 15:25:46.000,pub_318
efdcd704-1a13-4ef1-8928-a336a04f19d1,6ecad2b7-b646-4008-9939-e26a0ffdc290,2026-01-19 15:29:22.000,pub_445
1f64ffb9-8500-464c-a2ae-fa1798185b12,fdede5e3-9dba-4ca5-a36e-82895c4618f8,2026-01-19 15:33:33.000,pub_204
50f94434-9ccc-4f09-9f36-6d9d11d61285,83f9bde8-6044-446e-b665-aee0bb0e656e,2026-01-19 15:34:03.000,pub_512
6b9f9d5a-6e97-4ed1-9e15-48ca93965a32,fdede5e3-9dba-4ca5-a36e-82895c4618f8,2026-01-19 15:47:51.000,pub_445
3a457ac5-0172-4e42-bd33-493320458d86,83f9bde8-6044-446e-b665-aee0bb0e656e,2026-01-19 16:09:52.000,pub_445
946f4aa3-6c78-4cc9-b8cc-7b528f7ac114,8a176764-6f34-497d-ba92-8314ab2d7719,2026-01-19 16:10:01.000,pub_204
239a2c69-5367-410e-866b-7128807bd9b7,fdede5e3-9dba-4ca5-a36e-82895c4618f8,2026-01-19 16:18:08.000,pub_318
7ae9eb88-50c2-4c44-8f97-bd22e4914ae0,fdede5e3-9dba-4ca5-a36e-82895c4618f8,2026-01-19 16:23:33.000,pub_318
06be13b0-8769-42bf-9496-0ea93120c422,fdede5e3-9dba-4ca5-a36e-82895c4618f8,2026-01-19 16:25:00.000,pub_318
d4dd5301-a166-4b7c-b446-e227a3a4d59a,393fc1c9-d322-4b8a-952e-5ad320900791,2026-01-19 16:35:32.000,pub_101
131fa7b7-bb13-4c8e-ae75-ecb9c0f4c160,8a176764-6f34-497d-ba92-8314ab2d7719,2026-01-19 16:37:39.000,pub_204
6c8d5a9a-9b51-469e-a5d1-b5fa22ebeb57,8a176764-6f34-497d-ba92-8314ab2d7719,2026-01-19 16:55:30.000,pub_101
6dd02215-e02c-4bef-a539-9b0409145c10,393fc1c9-d322-4b8a-952e-5ad320900791,2026-01-19 16:56:44.000,pub_445
5f77acb2-a1dd-49d1-9d64-b66274b72af1,6ecad2b7-b646-4008-9939-e26a0ffdc290,2026-01-19 17:12:53.000,pub_445
dc0fb4fc-49d3-4fe5-82c2-13b53b63c871,749c9934-39ec-4687-9dbd-78378124d954,2026-01-19 17:13:41.000,pub_445
0fa22ab9-b41f-42be-95e1-57876b91534d,33c7942d-55ce-48ca-9169-a374b1f497df,2026-01-19 17:23:28.000,pub_445
ecac4fd4-0383-437e-bd21-3447bb44a858,fdede5e3-9dba-4ca5-a36e-82895c4618f8,2026-01-19 17:35:57.000,pub_318
07cfc0ad-26af-43f2-a3db-bb3cedb244da,393fc1c9-d322-4b8a-952e-5ad320900791,2026-01-19 17:38:57.000,pub_445
c118a602-408c-4dc7-9e3f-1246a2953075,6b5edc02-f930-4de2-a691-c965ad171ac9,2026-01-19 17:41:18.000,pub_512
e9fcc401-5865-4db6-979b-5d94f850823a,3f1ed2cc-0767-4665-8370-36e46f39a07e,2026-01-19 17:47:10.000,pub_318
c2d6f87a-7164-4782-973b-386cb1b3f660,8a176764-6f34-497d-ba92-8314ab2d7719,2026-01-19 18:28:25.000,pub_318
5b73eef5-91bf-43dd-a1f1-b75740ef2e35,3f1ed2cc-0767-4665-8370-36e46f39a07e,2026-01-19 18:36:58.000,pub_445
a2554271-99c4-4710-818d-e652e467c79c,80b7708a-f34b-4cd7-9b3d-0594a66337d5,2026-01-19 18:45:12.000,pub_318
63d09b8a-16ae-4a29-b0c2-918a2852cdcb,3f1ed2cc-0767-4665-8370-36e46f39a07e,2026-01-19 19:00:30.000,pub_318
e4207212-a0eb-49b2-9aa6-066bd79b5513,393fc1c9-d322-4b8a-952e-5ad320900791,2026-01-19 19:00:40.000,pub_512
11477279-6ae4-4f09-8f71-02fd9d2a4aff,393fc1c9-d322-4b8a-952e-5ad320900791,2026-01-19 19:14:29.000,pub_204
3f046276-7444-4098-8550-afcb54402274,83f9bde8-6044-446e-b665-aee0bb0e656e,2026-01-19 19:21:04.000,pub_512
3cc9bed1-c369-45c9-a9fc-37cfbfa55cf1,33c7942d-55ce-48ca-9169-a374b1f497df,2026-01-19 19:22:22.000,pub_445
9888b66c-ebff-4a13-b2b8-c1180a5c154e,83f9bde8-6044-446e-b665-aee0bb0e656e,2026-01-19 19:27:34.000,pub_204
84d05c3c-2fe9-41fc-81be-1849b2fcc74e,80b7708a-f34b-4cd7-9b3d-0594a66337d5,2026-01-19 19:32:02.000,pub_445
5227295c-ca57-47e8-913a-409a309d3bae,8a176764-6f34-497d-ba92-8314ab2d7719,2026-01-19 19:34:22.000,pub_512
15a582bc-6790-4d34-9c0b-01ca2d051ce8,6ecad2b7-b646-4008-9939-e26a0ffdc290,2026-01-19 19:54:49.000,pub_204
a421e7a3-010c-4a88-98bb-54774a60edfe,3f1ed2cc-0767-4665-8370-36e46f39a07e,2026-01-19 19:56:13.000,pub_445
1b565c19-223e-4679-8411-457ec0526a65,80b7708a-f34b-4cd7-9b3d-0594a66337d5,2026-01-19 20:05:26.000,pub_445
595a464a-da44-4616-acb2-db582a55d911,8a176764-6f34-497d-ba92-8314ab2d7719,2026-01-19 20:09:25.000,pub_445
bcf826c8-194b-491c-afb8-73e7bcd10cf9,749c9934-39ec-4687-9dbd-78378124d954,2026-01-19 20:09:40.000,pub_445
e3cacaba-2cdd-4cdb-afe4-1680f8effc89,83f9bde8-6044-446e-b665-aee0bb0e656e,2026-01-19 20:10:53.000,pub_318
e9da6d95-0a0f-43fc-a15e-84e5d6e68bc2,83f9bde8-6044-446e-b665-aee0bb0e656e,2026-01-19 20:11:08.000,pub_445
5955faa7-2ef0-4c76-8970-fe45dba1e461,80b7708a-f34b-4cd7-9b3d-0594a66337d5,2026-01-19 20:22:23.000,pub_101
e0c8747b-d9b9-4bcf-9073-deca5944ea21,6ecad2b7-b646-4008-9939-e26a0ffdc290,2026-01-19 20:32:27.000,pub_204
4891726d-e7f8-4159-9f71-060916e0d3a5,6ecad2b7-b646-4008-9939-e26a0ffdc290,2026-01-19 20:38:19.000,pub_445
bd816810-2117-4f0f-83d3-22dc2d03d2cc,8a176764-6f34-497d-ba92-8314ab2d7719,2026-01-19 20:43:07.000,pub_318
2f038a67-c79e-4859-876b-35e3b84edf31,6ecad2b7-b646-4008-9939-e26a0ffdc290,2026-01-19 20:48:18.000,pub_445
0bc7b625-e3bb-4f31-a6ea-5fcc0758dd79,3f1ed2cc-0767-4665-8370-36e46f39a07e,2026-01-19 20:59:41.000,pub_318
b0eed3ca-1a59-4bc6-9038-91a2d34f41a4,80b7708a-f34b-4cd7-9b3d-0594a66337d5,2026-01-19 21:01:35.000,pub_101
85076e0c-5202-4bb5-a843-47aa5a9fec1d,83f9bde8-6044-446e-b665-aee0bb0e656e,2026-01-19 21:05:08.000,pub_204
bf95deea-8101-4611-9a28-e8c10284ace5,33c7942d-55ce-48ca-9169-a374b1f497df,2026-01-19 21:18:41.000,pub_445
3900a25b-1ef3-4ebc-b1f9-ec288f1aaf50,8a176764-6f34-497d-ba92-8314ab2d7719,2026-01-19 21:21:39.000,pub_318
b586014f-1ef7-41b2-a3fb-8ac6178024e5,393fc1c9-d322-4b8a-952e-5ad320900791,2026-01-19 21:26:07.000,pub_204
b812c667-a0fd-40e4-a644-cdd689cd1e2a,3f1ed2cc-0767-4665-8370-36e46f39a07e,2026-01-19 21:36:47.000,pub_512
92d922dc-bf8d-4714-9c4d-d66ec68c5466,3f1ed2cc-0767-4665-8370-36e46f39a07e,2026-01-19 21:43:05.000,pub_101
24c272c8-926b-4c62-88f7-17abe04feda5,393fc1c9-d322-4b8a-952e-5ad320900791,2026-01-19 21:48:09.000,pub_101
c696d5e0-db11-4832-a665-1fdd9467fdb3,8a176764-6f34-497d-ba92-8314ab2d7719,2026-01-19 21:53:22.000,pub_204
e8199eb6-e968-426b-a2de-615c4572eaf5,fdede5e3-9dba-4ca5-a36e-82895c4618f8,2026-01-19 22:01:02.000,pub_445
f83e1413-a783-4e4c-b5dd-f583fdee04e4,6ecad2b7-b646-4008-9939-e26a0ffdc290,2026-01-19 22:03:37.000,pub_445
d95418e9-8b26-417b-8b26-af24c48b58e4,33c7942d-55ce-48ca-9169-a374b1f497df,2026-01-19 22:07:03.000,pub_512
7e1fc385-4be6-4df9-92e7-585374111bc5,6ecad2b7-b646-4008-9939-e26a0ffdc290,2026-01-19 22:17:05.000,pub_204
21b5a0c2-b19e-4235-96e5-00350e0d2273,80b7708a-f34b-4cd7-9b3d-0594a66337d5,2026-01-19 22:27:54.000,pub_445
348220cb-a443-4d2b-a6de-5130801adc8f,3f1ed2cc-0767-4665-8370-36e46f39a07e,2026-01-19 22:44:00.000,pub_318
89e76c97-508d-4bdb-b9ea-e62187334db3,393fc1c9-d322-4b8a-952e-5ad320900791,2026-01-19 22:56:47.000,pub_318
18680c2a-a2bb-47b0-823f-3c2610c5a206,6ecad2b7-b646-4008-9939-e26a0ffdc290,2026-01-19 23:04:53.000,pub_445
a717f68e-dcdb-4b4f-b908-0b623f24d355,83f9bde8-6044-446e-b665-aee0bb0e656e,2026-01-19 23:06:37.000,pub_512
06a8d15d-ce17-4b54-b386-1eff0d863a28,6ecad2b7-b646-4008-9939-e26a0ffdc290,2026-01-19 23:12:35.000,pub_101
e6458b44-1adc-4f16-b6ad-f8b3995597fa,8a176764-6f34-497d-ba92-8314ab2d7719,2026-01-19 23:12:52.000,pub_101
635a8026-1c6e-46e0-a48c-ac4c84219051,8a176764-6f34-497d-ba92-8314ab2d7719,2026-01-19 23:15:42.000,pub_512
18b4504b-694c-4dd2-8914-035e83157669,6ecad2b7-b646-4008-9939-e26a0ffdc290,2026-01-19 23:18:30.000,pub_204
e8c48ca8-cd74-4d32-86c8-38730d966a1b,6b5edc02-f930-4de2-a691-c965ad171ac9,2026-01-19 23:18:54.000,pub_101
5c14da84-3a4b-49da-9225-017e336f16af,80b7708a-f34b-4cd7-9b3d-0594a66337d5,2026-01-19 23:32:51.000,pub_512
6298a7fd-9f6b-4253-b7bb-8edd325e9608,33c7942d-55ce-48ca-9169-a374b1f497df,2026-01-19 23:39:11.000,pub_512
3430d36f-d3cc-40b9-b92c-3cf9fc4e54f0,80b7708a-f34b-4cd7-9b3d-0594a66337d5,2026-01-19 23:40:14.000,pub_204
dea75b70-5a10-4dad-9274-7bcd2c1c111c,3f1ed2cc-0767-4665-8370-36e46f39a07e,2026-01-19 23:41:32.000,pub_204
acf48251-7e11-4ef9-af3f-0ed9eb6d5089,33c7942d-55ce-48ca-9169-a374b1f497df,2026-01-19 23:46:06.000,pub_445
e3bc30ca-909e-4efc-bbac-1d1770e034ba,6b5edc02-f930-4de2-a691-c965ad171ac9,2026-01-19 23:49:32.000,pub_204
387b8b48-eba3-413c-9586-c2d214fda0d3,393fc1c9-d322-4b8a-952e-5ad320900791,2026-01-19 23:54:40.000,pub_445
95f8b966-e8ad-4510-bab6-fb4b59668529,749c9934-39ec-4687-9dbd-78378124d954,2026-01-19 23:58:14.000,pub_445
d110f337-0588-4cad-97ed-006efe4728b0,6b5edc02-f930-4de2-a691-c965ad171ac9,2026-01-20 00:25:22.000,pub_318
a4404a51-d465-48ce-a764-2eba6d5e9397,393fc1c9-d322-4b8a-952e-5ad320900791,2026-01-20 00:32:55.000,pub_204
601c62e2-aeea-4780-a6ee-90c91f8ad37a,33c7942d-55ce-48ca-9169-a374b1f497df,2026-01-20 00:39:50.000,pub_204
d6af5dc0-6cff-4f46-9244-0646c87e031c,8a176764-6f34-497d-ba92-8314ab2d7719,2026-01-20 00:58:59.000,pub_204
0aa465ee-94b1-49e3-8c25-6a38cb5e7c5e,6b5edc02-f930-4de2-a691-c965ad171ac9,2026-01-20 01:03:07.000,pub_204
4bcd7514-a671-454e-b282-28f2776dd3eb,33c7942d-55ce-48ca-9169-a374b1f497df,2026-01-20 01:12:16.000,pub_101
1806dc46-6ff9-49b1-896f-213ade1e6637,3f1ed2cc-0767-4665-8370-36e46f39a07e,2026-01-20 01:27:08.000,pub_204
e5b0e0c4-ad78-4bd2-979d-e262541fe7fb,393fc1c9-d322-4b8a-952e-5ad320900791,2026-01-20 01:28:52.000,pub_204
4f9f43a3-6bdb-4dfb-be65-6295b124f25c,749c9934-39ec-4687-9dbd-78378124d954,2026-01-20 01:41:58.000,pub_204
26db448a-a6a5-4ab0-864a-2b965b7277d7,393fc1c9-d322-4b8a-952e-5ad320900791,2026-01-20 01:44:29.000,pub_445
939a82e0-b944-4aeb-9959-e72d23a27dd4,749c9934-39ec-4687-9dbd-78378124d954,2026-01-20 01:49:22.000,pub_318
fff2c738-9156-4fde-88ff-d47dd7ad9bdf,83f9bde8-6044-446e-b665-aee0bb0e656e,2026-01-20 01:56:47.000,pub_512
49c9ccfd-62e9-4caf-a5a8-69bc4bfec21c,33c7942d-55ce-48ca-9169-a374b1f497df,2026-01-20 02:35:44.000,pub_204
8980704f-ba5e-4c74-94d6-4b07f9e143cc,3f1ed2cc-0767-4665-8370-36e46f39a07e,2026-01-20 02:36:08.000,pub_204
ca870b5c-57f6-47a4-bca6-8ee6891a104b,749c9934-39ec-4687-9dbd-78378124d954,2026-01-20 02:42:48.000,pub_204
8a75cc03-976c-4597-aa55-77e8a323d4a3,393fc1c9-d322-4b8a-952e-5ad320900791,2026-01-20 02:48:22.000,pub_512
f90d1cf5-65b1-439e-87b4-03134302a2b9,393fc1c9-d322-4b8a-952e-5ad320900791,2026-01-20 02:49:00.000,pub_204
37431889-2a88-4a72-becf-ad34c951ae28,33c7942d-55ce-48ca-9169-a374b1f497df,2026-01-20 02:57:36.000,pub_101
2e442612-ff09-4d2f-a03e-0528139bbcb9,749c9934-39ec-4687-9dbd-78378124d954,2026-01-20 03:13:07.000,pub_512
cad0f0b0-2389-4a07-9655-467c9604ab85,6ecad2b7-b646-4008-9939-e26a0ffdc290,2026-01-20 03:16:23.000,pub_512
731263c9-ad4d-4afa-a86f-b8392ed5c685,33c7942d-55ce-48ca-9169-a374b1f497df,2026-01-20 03:25:08.000,pub_204
6408370f-b976-4110-982c-bd227666ff61,33c7942d-55ce-48ca-9169-a374b1f497df,2026-01-20 03:30:31.000,pub_204
c0bf2203-ffe9-46f5-b359-35c52171c64f,749c9934-39ec-4687-9dbd-78378124d954,2026-01-20 03:46:33.000,pub_101
93e467dd-59f6-44b7-9c67-2c0f8b2fbb83,80b7708a-f34b-4cd7-9b3d-0594a66337d5,2026-01-20 03:48:00.000,pub_318
cf72b474-32c7-48ba-bb22-380e2f19dc05,80b7708a-f34b-4cd7-9b3d-0594a66337d5,2026-01-20 03:55:10.000,pub_204
4befffa0-118c-4666-b067-18da2c654ffe,33c7942d-55ce-48ca-9169-a374b1f497df,2026-01-20 03:59:23.000,pub_318
32de07c7-e7e4-4199-ad5e-6b5ce62cff2c,80b7708a-f34b-4cd7-9b3d-0594a66337d5,2026-01-20 04:12:24.000,pub_445
1af8c3a2-0e93-463e-898d-eb52d3408a78,fdede5e3-9dba-4ca5-a36e-82895c4618f8,2026-01-20 04:34:20.000,pub_101
08b47c98-55da-4396-9a44-c335aef463bb,8a176764-6f34-497d-ba92-8314ab2d7719,2026-01-20 04:34:47.000,pub_512
2ef70e27-2ad7-4e12-b8e0-1338f1e00415,8a176764-6f34-497d-ba92-8314ab2d7719,2026-01-20 04:37:35.000,pub_318
c0284051-bd8f-45a2-8a45-695308e29fd5,6b5edc02-f930-4de2-a691-c965ad171ac9,2026-01-20 04:40:15.000,pub_318
4575017c-9ba8-440a-bcea-50558b3114be,83f9bde8-6044-446e-b665-aee0bb0e656e,2026-01-20 04:49:17.000,pub_204
b13dedff-8d18-47da-b1e1-9590c43af35e,749c9934-39ec-4687-9dbd-78378124d954,2026-01-20 04:50:05.000,pub_204
38e360c8-4464-4d5c-b536-380c488bc375,83f9bde8-6044-446e-b665-aee0bb0e656e,2026-01-20 04:55:13.000,pub_101
e407099e-acb3-4f4f-a7d5-46f483465612,33c7942d-55ce-48ca-9169-a374b1f497df,2026-01-20 05:07:26.000,pub_204
627bdfbd-98d5-4098-83d6-b1d5a81cffb6,393fc1c9-d322-4b8a-952e-5ad320900791,2026-01-20 05:08:49.000,pub_318
90f61e76-41d2-4a06-9103-4a64b79ab471,fdede5e3-9dba-4ca5-a36e-82895c4618f8,2026-01-20 05:09:00.000,pub_204
604ab613-33f1-4749-9734-2174d2d8b27c,6b5edc02-f930-4de2-a691-c965ad171ac9,2026-01-20 05:15:24.000,pub_204
52b64aea-d9f8-4388-be8b-a49aacdb1609,80b7708a-f34b-4cd7-9b3d-0594a66337d5,2026-01-20 05:21:43.000,pub_204
a22d1677-3905-42c0-8a47-9bf9ba7e8a87,6ecad2b7-b646-4008-9939-e26a0ffdc290,2026-01-20 05:39:36.000,pub_204
ee20224f-6a83-44ac-9a7c-13bc19b2ccf0,80b7708a-f34b-4cd7-9b3d-0594a66337d5,2026-01-20 05:43:56.000,pub_445
ffb9344b-11fb-41e4-becd-cdaa45a3d7f7,393fc1c9-d322-4b8a-952e-5ad320900791,2026-01-20 05:46:17.000,pub_318
1bdb6e69-f181-40d2-937f-d5a62cf0cfb7,33c7942d-55ce-48ca-9169-a374b1f497df,2026-01-20 05:47:37.000,pub_204
06f7afae-5365-4098-9e86-4799c3b7d4e5,393fc1c9-d322-4b8a-952e-5ad320900791,2026-01-20 05:49:43.000,pub_445
ca59d641-d889-4b22-a401-c4953704dfe6,393fc1c9-d322-4b8a-952e-5ad320900791,2026-01-20 05:54:08.000,pub_512
c80f85de-0a6a-4afd-afe0-d5cdeb1f6b12,6b5edc02-f930-4de2-a691-c965ad171ac9,2026-01-20 06:07:28.000,pub_445
5ba5320d-0a5a-4336-8566-c8b2b9987d57,fdede5e3-9dba-4ca5-a36e-82895c4618f8,2026-01-20 06:24:58.000,pub_204
88c5229e-f51d-4636-b455-ba7d84c24134,6ecad2b7-b646-4008-9939-e26a0ffdc290,2026-01-20 06:27:16.000,pub_512
16064f91-b268-4dfd-9b1a-4e2a4225b41e,83f9bde8-6044-446e-b665-aee0bb0e656e,2026-01-20 06:28:16.000,pub_101
00995346-572b-45ab-a194-ab37f54991a0,6b5edc02-f930-4de2-a691-c965ad171ac9,2026-01-20 06:30:55.000,pub_101
67099bde-a20f-403a-b3be-f6771072b892,393fc1c9-d322-4b8a-952e-5ad320900791,2026-01-20 06:33:11.000,pub_512
3b02d152-cf75-4287-ab91-0ebb2b8e4ee1,83f9bde8-6044-446e-b665-aee0bb0e656e,2026-01-20 06:57:07.000,pub_512
cbe88c12-b2cf-41e5-8305-5cfe106f254d,6b5edc02-f930-4de2-a691-c965ad171ac9,2026-01-20 07:01:04.000,pub_512
dc5db847-dfbc-4c12-8d5b-ac5e0e96e4d3,6ecad2b7-b646-4008-9939-e26a0ffdc290,2026-01-20 07:07:38.000,pub_204
753a4986-67e3-4e0d-9ab2-9b1dd764328c,fdede5e3-9dba-4ca5-a36e-82895c4618f8,2026-01-20 07:09:59.000,pub_445
69d5cc51-76f2-49d7-b0f0-edb9d3d8fab2,33c7942d-55ce-48ca-9169-a374b1f497df,2026-01-20 07:33:47.000,pub_204
2eee9bc5-98c6-4571-9940-bbf2c48605d2,6b5edc02-f930-4de2-a691-c965ad171ac9,2026-01-20 07:40:08.000,pub_318
4ee22c91-b452-4595-b04a-64f38074f9f4,393fc1c9-d322-4b8a-952e-5ad320900791,2026-01-20 07:40:28.000,pub_512
d9cd49af-20d6-4ed5-a34f-b3a1855f22ed,8a176764-6f34-497d-ba92-8314ab2d7719,2026-01-20 07:45:00.000,pub_318
c571b1d3-c86d-48f8-bff1-b884377eaf7d,33c7942d-55ce-48ca-9169-a374b1f497df,2026-01-20 07:51:45.000,pub_512
e303f7f5-3efe-4dcf-8ff4-5ffb743a9882,6ecad2b7-b646-4008-9939-e26a0ffdc290,2026-01-20 07:57:19.000,pub_512
78a2c183-857f-49b4-a291-15c97887f773,6ecad2b7-b646-4008-9939-e26a0ffdc290,2026-01-20 07:58:57.000,pub_318
72195765-765d-4bba-befd-d1fa113d8c51,749c9934-39ec-4687-9dbd-78378124d954,2026-01-20 07:59:18.000,pub_445
43783f81-d29b-4a77-8f15-32165f8ccec3,8a176764-6f34-497d-ba92-8314ab2d7719,2026-01-20 08:02:46.000,pub_101
d78ddd39-9694-48a9-95fe-1ead79e832d3,6b5edc02-f930-4de2-a691-c965ad171ac9,2026-01-20 08:14:47.000,pub_318
302d42b3-6e5f-48e7-9313-467b5f942eb1,393fc1c9-d322-4b8a-952e-5ad320900791,2026-01-20 08:16:33.000,pub_101
54e61f12-467e-4dbe-afde-2b7079c442a4,fdede5e3-9dba-4ca5-a36e-82895c4618f8,2026-01-20 08:19:03.000,pub_512
9fdf8277-bd74-4d7c-8c1c-268dbe5b3cef,3f1ed2cc-0767-4665-8370-36e46f39a07e,2026-01-20 08:29:05.000,pub_204
65e7b6ee-a706-425b-a44c-407b8cef2cc5,393fc1c9-d322-4b8a-952e-5ad320900791,2026-01-20 08:30:38.000,pub_445
5839aad6-562c-4eb2-b5c8-dee3de1ea9ec,fdede5e3-9dba-4ca5-a36e-82895c4618f8,2026-01-20 08:42:13.000,pub_318
2d817a28-3b74-46d2-9d84-1c52f9ca90a7,749c9934-39ec-4687-9dbd-78378124d954,2026-01-20 08:43:56.000,pub_204
e69ea4fb-9e4f-4326-986c-8766529777a2,80b7708a-f34b-4cd7-9b3d-0594a66337d5,2026-01-20 09:00:03.000,pub_101
88751829-408c-48d2-8329-a9a9592ceaff,83f9bde8-6044-446e-b665-aee0bb0e656e,2026-01-20 09:05:29.000,pub_318
2148645a-f02b-49eb-add6-5397951cfec2,33c7942d-55ce-48ca-9169-a374b1f497df,2026-01-20 09:07:28.000,pub_512
f8654b46-3411-47e5-bfa1-d8907f891a58,80b7708a-f34b-4cd7-9b3d-0594a66337d5,2026-01-20 09:15:26.000,pub_445
dfc186a4-5719-4907-91a3-f284a6bcbe8a,749c9934-39ec-4687-9dbd-78378124d954,2026-01-20 09:16:01.000,pub_204
3b628014-f863-4e14-a666-58d199267c55,33c7942d-55ce-48ca-9169-a374b1f497df,2026-01-20 09:22:26.000,pub_318
7e202998-1433-4a84-8803-2f7966856610,3f1ed2cc-0767-4665-8370-36e46f39a07e,2026-01-20 09:35:18.000,pub_318
6a80f443-e159-4283-8073-6e9256e3ce04,8a176764-6f34-497d-ba92-8314ab2d7719,2026-01-20 09:37:45.000,pub_204
936e3d61-450b-43ed-aede-21a67590389a,3f1ed2cc-0767-4665-8370-36e46f39a07e,2026-01-20 09:47:55.000,pub_512
07c4e166-611d-4a03-ad4a-39e9fbf2f43a,6ecad2b7-b646-4008-9939-e26a0ffdc290,2026-01-20 09:53:53.000,pub_318
782d0b84-a14e-4e60-94c0-9129b7fa21cb,33c7942d-55ce-48ca-9169-a374b1f497df,2026-01-20 10:18:29.000,pub_318
7720826a-2f5b-46a5-9383-33e122722744,80b7708a-f34b-4cd7-9b3d-0594a66337d5,2026-01-20 10:19:31.000,pub_445
6fff8b78-9866-4d1d-a067-c1f0b28f9227,6b5edc02-f930-4de2-a691-c965ad171ac9,2026-01-20 10:42:41.000,pub_318
7225f043-3cda-4e82-998a-10f59735207c,749c9934-39ec-4687-9dbd-78378124d954,2026-01-20 10:43:27.000,pub_318
cd344a69-de2b-4405-aecd-5661765ed7e6,33c7942d-55ce-48ca-9169-a374b1f497df,2026-01-20 10:45:00.000,pub_101
73a21663-ce8a-49da-bf0f-d5f0ffde6755,80b7708a-f34b-4cd7-9b3d-0594a66337d5,2026-01-20 10:53:43.000,pub_101
e4aac947-b7eb-4ddc-b305-932231de61e0,3f1ed2cc-0767-4665-8370-36e46f39a07e,2026-01-20 10:54:27.000,pub_512
b0d1b802-497e-4e74-a2c9-65517e3d3ead,80b7708a-f34b-4cd7-9b3d-0594a66337d5,2026-01-20 10:54:31.000,pub_204
38da0f3d-5278-46a6-bbb4-27011b39fbf6,3f1ed2cc-0767-4665-8370-36e46f39a07e,2026-01-20 10:58:18.000,pub_512
80ca860d-2e8c-42cb-b9b7-d16fa2b3482b,80b7708a-f34b-4cd7-9b3d-0594a66337d5,2026-01-20 11:01:22.000,pub_512
2816adf0-7cfb-44d6-995e-dfada491a66c,749c9934-39ec-4687-9dbd-78378124d954,2026-01-20 11:23:27.000,pub_318
c84ebb7c-c0a0-4229-bfb0-6b3adb640f85,33c7942d-55ce-48ca-9169-a374b1f497df,2026-01-20 11:41:50.000,pub_204
faeb2a34-559d-47d3-96f7-f9d532a24402,6ecad2b7-b646-4008-9939-e26a0ffdc290,2026-01-20 11:42:43.000,pub_101
680f16c1-057c-4932-9cf2-5c60ead7fa4d,393fc1c9-d322-4b8a-952e-5ad320900791,2026-01-20 11:44:30.000,pub_512
125f9e91-fa12-4ee4-9038-2cf8a02ee886,8a176764-6f34-497d-ba92-8314ab2d7719,2026-01-20 11:55:04.000,pub_445
828ba67f-5a79-40c2-98a2-e5983921c6b6,8a176764-6f34-497d-ba92-8314ab2d7719,2026-01-20 12:01:06.000,pub_445
95220157-bacd-4880-a0b1-a71a469499b7,3f1ed2cc-0767-4665-8370-36e46f39a07e,2026-01-20 12:02:15.000,pub_101
cecf4a97-a185-4677-9714-cb71ab6e9d35,749c9934-39ec-4687-9dbd-78378124d954,2026-01-20 12:07:42.000,pub_512
7b996e5d-2ab0-45b4-9abd-85bdd56865d3,6ecad2b7-b646-4008-9939-e26a0ffdc290,2026-01-20 12:13:12.000,pub_512
170c1a79-3833-4586-b87c-1f3df291d47b,749c9934-39ec-4687-9dbd-78378124d954,2026-01-20 12:18:57.000,pub_101
255e68d1-effd-41b1-8361-216dc4efd4d8,3f1ed2cc-0767-4665-8370-36e46f39a07e,2026-01-20 12:23:44.000,pub_204
8628aefc-30bd-481d-94fb-8f898421a3a3,393fc1c9-d322-4b8a-952e-5ad320900791,2026-01-20 12:31:35.000,pub_318
121d0dec-f013-418f-8d98-44d009706803,6b5edc02-f930-4de2-a691-c965ad171ac9,2026-01-20 12:37:58.000,pub_204
7c1f9203-c65e-4081-b236-d16613c848d3,749c9934-39ec-4687-9dbd-78378124d954,2026-01-20 12:49:49.000,pub_318
fc27b38b-fd3f-4eb6-a349-76e9697a4927,8a176764-6f34-497d-ba92-8314ab2d7719,2026-01-20 12:57:05.000,pub_101
7eef16f4-2cce-4820-b750-4524522c4a31,33c7942d-55ce-48ca-9169-a374b1f497df,2026-01-20 12:57:23.000,pub_318
9bf26ea9-a499-451a-aa76-056a431df749,33c7942d-55ce-48ca-9169-a374b1f497df,2026-01-20 13:27:25.000,pub_101
c12d6aef-bcf9-47fc-99dd-d3f96d9bda7a,749c9934-39ec-4687-9dbd-78378124d954,2026-01-20 13:31:47.000,pub_101
6895d066-ae21-4626-949c-b638ba0b9b20,6ecad2b7-b646-4008-9939-e26a0ffdc290,2026-01-20 13:40:03.000,pub_318
15232d36-69cc-438d-a9e6-4aa4bcb83f97,6ecad2b7-b646-4008-9939-e26a0ffdc290,2026-01-20 13:45:22.000,pub_512
b30f8128-749a-4946-9609-3ceb012afeec,749c9934-39ec-4687-9dbd-78378124d954,2026-01-20 13:48:38.000,pub_445
89b6745a-11e7-4f5d-ad19-486416535f5e,80b7708a-f34b-4cd7-9b3d-0594a66337d5,2026-01-20 13:51:06.000,pub_204
0e83752e-67bb-4dbb-8845-f1ac109954ad,80b7708a-f34b-4cd7-9b3d-0594a66337d5,2026-01-20 13:59:14.000,pub_445
acd9ea15-027a-4122-a1b9-ae0566069bd7,fdede5e3-9dba-4ca5-a36e-82895c4618f8,2026-01-20 14:02:28.000,pub_445
7dd487d6-a504-4cb5-b571-5a66779bca77,fdede5e3-9dba-4ca5-a36e-82895c4618f8,2026-01-20 14:17:09.000,pub_101
b202d570-8860-4e73-bd6c-d65a20c54cd8,3f1ed2cc-0767-4665-8370-36e46f39a07e,2026-01-20 14:25:50.000,pub_101
5bdc1212-fb83-44ef-9f5d-c1c22caac1bd,8a176764-6f34-497d-ba92-8314ab2d7719,2026-01-20 14:38:36.000,pub_512
69452db7-35ce-43d5-a10f-b107f04ea06a,3f1ed2cc-0767-4665-8370-36e46f39a07e,2026-01-20 14:48:31.000,pub_318
eb186516-c60b-4dc9-8fe6-3c1c2485107c,83f9bde8-6044-446e-b665-aee0bb0e656e,2026-01-20 14:55:26.000,pub_204
9d400111-74b9-46ee-b167-dee1b147096c,80b7708a-f34b-4cd7-9b3d-0594a66337d5,2026-01-20 14:58:17.000,pub_445
428560f6-3803-49af-bc69-fd2cc84a46de,3f1ed2cc-0767-4665-8370-36e46f39a07e,2026-01-20 15:01:51.000,pub_101
9426e067-1eff-45fa-8fdd-a32382d0196c,393fc1c9-d322-4b8a-952e-5ad320900791,2026-01-20 15:09:03.000,pub_445
1fe3fb59-f1d5-49b7-bce1-70e9ef00607f,6b5edc02-f930-4de2-a691-c965ad171ac9,2026-01-20 15:09:41.000,pub_204
d7736a42-30a7-4feb-b3a1-c9466f6b43f6,3f1ed2cc-0767-4665-8370-36e46f39a07e,2026-01-20 15:11:12.000,pub_445
83ae1a48-d3fe-433c-b874-9f8031e2f0ef,3f1ed2cc-0767-4665-8370-36e46f39a07e,2026-01-20 15:20:45.000,pub_445
249334fd-2eea-4105-af6a-ca1480e25e96,3f1ed2cc-0767-4665-8370-36e46f39a07e,2026-01-20 15:35:39.000,pub_101
722a1a96-9a08-4f06-b96a-7a9583bda6e9,33c7942d-55ce-48ca-9169-a374b1f497df,2026-01-20 15:56:20.000,pub_101
7c84efa5-0396-4575-bafd-5d3fed53260c,749c9934-39ec-4687-9dbd-78378124d954,2026-01-20 15:58:42.000,pub_318
34793198-d92a-4a5d-a03e-cfc9be86f9fe,3f1ed2cc-0767-4665-8370-36e46f39a07e,2026-01-20 16:05:26.000,pub_318
992ec8fa-5e15-4f23-a7fd-8824734fcb15,80b7708a-f34b-4cd7-9b3d-0594a66337d5,2026-01-20 16:23:04.000,pub_512
e247daa5-d8b4-436a-90b6-2a85c0e1a26a,fdede5e3-9dba-4ca5-a36e-82895c4618f8,2026-01-20 16:24:30.000,pub_101
9d3a0290-7451-49c9-a673-20edde967d60,3f1ed2cc-0767-4665-8370-36e46f39a07e,2026-01-20 16:25:49.000,pub_445
da49459e-47c3-4831-84f4-bd3104e79c61,83f9bde8-6044-446e-b665-aee0bb0e656e,2026-01-20 16:39:50.000,pub_204
a921dbb0-1e1e-49e0-86f3-32c16b709679,80b7708a-f34b-4cd7-9b3d-0594a66337d5,2026-01-20 16:44:34.000,pub_512
6d5b8f8d-eb01-497b-bfbd-a8095d760f4d,83f9bde8-6044-446e-b665-aee0bb0e656e,2026-01-20 16:50:25.000,pub_318
e6e6bf9c-218b-43dd-89fe-a5cd93456bee,80b7708a-f34b-4cd7-9b3d-0594a66337d5,2026-01-20 16:56:11.000,pub_445
fa5edfbd-2304-4377-886d-1f10a35c4c06,749c9934-39ec-4687-9dbd-78378124d954,2026-01-20 17:00:39.000,pub_512
e4ea4489-c44b-495f-8a58-bdfab4a6d30f,6b5edc02-f930-4de2-a691-c965ad171ac9,2026-01-20 17:07:55.000,pub_318
fe253ced-05ef-4728-b96a-eef5719292eb,6b5edc02-f930-4de2-a691-c965ad171ac9,2026-01-20 17:24:34.000,pub_512
490360a8-fb0a-470d-9317-280e63d2d196,393fc1c9-d322-4b8a-952e-5ad320900791,2026-01-20 17:25:41.000,pub_512
cdc45714-72c9-48b5-8295-1073ff736799,83f9bde8-6044-446e-b665-aee0bb0e656e,2026-01-20 17:27:50.000,pub_512
f2702180-5d97-4738-a7bc-150243de591e,6b5edc02-f930-4de2-a691-c965ad171ac9,2026-01-20 17:29:34.000,pub_204
7e9dd72d-af85-499f-9a20-1d4c196a1db2,83f9bde8-6044-446e-b665-aee0bb0e656e,2026-01-20 17:38:38.000,pub_204
180347d0-9ff3-4592-bdf6-d5ab4bee11d2,6ecad2b7-b646-4008-9939-e26a0ffdc290,2026-01-20 18:04:53.000,pub_445
07c412a0-e5e3-4362-8352-573671eb2813,fdede5e3-9dba-4ca5-a36e-82895c4618f8,2026-01-20 18:11:50.000,pub_318
ccc76779-7032-43f5-aff2-22826e77ab07,83f9bde8-6044-446e-b665-aee0bb0e656e,2026-01-20 18:16:42.000,pub_101
cc63f8ac-1e34-4a9e-884a-c809142ee7f0,80b7708a-f34b-4cd7-9b3d-0594a66337d5,2026-01-20 18:24:59.000,pub_318
c764b846-68ca-4d64-a45d-3f7c057691e1,749c9934-39ec-4687-9dbd-78378124d954,2026-01-20 18:31:23.000,pub_512
35d32353-85ae-4d1f-a668-f17193cb33ec,80b7708a-f34b-4cd7-9b3d-0594a66337d5,2026-01-20 18:53:15.000,pub_318
b632d72c-71d7-4fb0-9ac0-3350bf85e1ee,6b5edc02-f930-4de2-a691-c965ad171ac9,2026-01-20 18:54:31.000,pub_512
9c853b2f-8656-4fa6-a9ba-3f7cdcc20ddf,6ecad2b7-b646-4008-9939-e26a0ffdc290,2026-01-20 18:57:06.000,pub_101
56dc869e-afe0-4c70-9100-801b4c62644e,83f9bde8-6044-446e-b665-aee0bb0e656e,2026-01-20 18:58:46.000,pub_204
e0ad16d8-9e9e-4cc9-a19d-1c79370d27b0,6b5edc02-f930-4de2-a691-c965ad171ac9,2026-01-20 19:15:00.000,pub_101
7f714ae8-b6ae-4293-ad40-e7322235ffde,83f9bde8-6044-446e-b665-aee0bb0e656e,2026-01-20 19:24:21.000,pub_101
fb93ffc8-8a96-4158-b3ae-132c61011e96,749c9934-39ec-4687-9dbd-78378124d954,2026-01-20 19:30:52.000,pub_318
2cc422a7-4a6f-44c5-9235-30a6239d1c47,33c7942d-55ce-48ca-9169-a374b1f497df,2026-01-20 19:41:56.000,pub_101
108da71d-b679-4474-b31e-f21f8ec92e6e,83f9bde8-6044-446e-b665-aee0bb0e656e,2026-01-20 19:57:21.000,pub_318
ebd67383-a5dc-4038-b653-af7298373fef,393fc1c9-d322-4b8a-952e-5ad320900791,2026-01-20 20:02:27.000,pub_101
0b1174b5-e211-4e50-acf8-24ed109c1452,3f1ed2cc-0767-4665-8370-36e46f39a07e,2026-01-20 20:04:35.000,pub_101
263ee810-a3f8-4f0b-9698-68f3f39279dd,80b7708a-f34b-4cd7-9b3d-0594a66337d5,2026-01-20 20:33:29.000,pub_512
91ea5123-a95f-4e67-80bc-9d5bbfdaa63a,80b7708a-f34b-4cd7-9b3d-0594a66337d5,2026-01-20 20:52:47.000,pub_445
165823db-b1f0-41f3-882c-40948db961fe,3f1ed2cc-0767-4665-8370-36e46f39a07e,2026-01-20 21:15:05.000,pub_445
6db16692-fcff-4011-b1d7-84af232a079d,749c9934-39ec-4687-9dbd-78378124d954,2026-01-20 21:27:24.000,pub_318
cc59a955-5a29-4bc6-9ba8-fa2f1021c02b,8a176764-6f34-497d-ba92-8314ab2d7719,2026-01-20 21:35:53.000,pub_318
2c3bab32-122c-4574-817c-8de46e058711,8a176764-6f34-497d-ba92-8314ab2d7719,2026-01-20 22:07:02.000,pub_512
0edc484e-4daa-4381-84ec-1d6bdbc793a1,393fc1c9-d322-4b8a-952e-5ad320900791,2026-01-20 22:07:19.000,pub_204
a0066254-09e4-40d5-b951-da9e6ad779b9,3f1ed2cc-0767-4665-8370-36e46f39a07e,2026-01-20 22:23:30.000,pub_101
2a460062-5086-4863-8c5e-334cc2b5dd9b,6b5edc02-f930-4de2-a691-c965ad171ac9,2026-01-20 22:34:41.000,pub_512
1fc146a5-a242-4aa0-97b1-42dbb306b094,fdede5e3-9dba-4ca5-a36e-82895c4618f8,2026-01-20 22:37:36.000,pub_318
1957535e-cc1e-4ede-b4e0-fef73f50c139,8a176764-6f34-497d-ba92-8314ab2d7719,2026-01-20 23:10:25.000,pub_512
196e3e5f-7e3a-46ff-90c0-dc306d8fe5c6,3f1ed2cc-0767-4665-8370-36e46f39a07e,2026-01-20 23:10:31.000,pub_101
bb28e4bb-a3a8-4fd8-86fd-58692789b979,fdede5e3-9dba-4ca5-a36e-82895c4618f8,2026-01-20 23:10:51.000,pub_445
3af22c46-2791-457c-980d-0a0d81e4d2d8,83f9bde8-6044-446e-b665-aee0bb0e656e,2026-01-20 23:14:38.000,pub_101
669efb8b-94c4-48ed-8fae-d9e9c5d79a64,3f1ed2cc-0767-4665-8370-36e46f39a07e,2026-01-20 23:28:56.000,pub_512
684b4c78-a3d6-4421-8fc1-a273d47bd60c,6ecad2b7-b646-4008-9939-e26a0ffdc290,2026-01-20 23:40:36.000,pub_512
7a6b1c56-177c-4eb4-9d4c-9c12d623229d,6b5edc02-f930-4de2-a691-c965ad171ac9,2026-01-20 23:42:25.000,pub_512
f20e6504-1a6f-4ec4-b2f1-8ca7cd0c7bd3,393fc1c9-d322-4b8a-952e-5ad320900791,2026-01-20 23:44:10.000,pub_101
b2048770-4a1b-4b28-9bfe-089f04aee12d,33c7942d-55ce-48ca-9169-a374b1f497df,2026-01-20 23:51:00.000,pub_318
d9359b6a-a39f-404d-a105-d71a019d1fdf,3f1ed2cc-0767-4665-8370-36e46f39a07e,2026-01-21 00:01:05.000,pub_204
77d5d507-1d43-43a3-aace-f078559327a9,6ecad2b7-b646-4008-9939-e26a0ffdc290,2026-01-21 00:21:28.000,pub_101
daf0d2d3-84ca-4b0f-9d12-ada3bf1204fd,6b5edc02-f930-4de2-a691-c965ad171ac9,2026-01-21 00:23:30.000,pub_204
7f3973c4-2432-4d5f-bed4-ff0d95753692,6b5edc02-f930-4de2-a691-c965ad171ac9,2026-01-21 00:31:31.000,pub_318
7b91d26a-438c-424c-84c1-5d514660c970,fdede5e3-9dba-4ca5-a36e-82895c4618f8,2026-01-21 00:45:45.000,pub_318
7b02c6e9-734d-44f1-9ba8-858a8990a6e9,749c9934-39ec-4687-9dbd-78378124d954,2026-01-21 00:45:58.000,pub_445
57db8dd3-41ac-4582-87aa-f317fdd4f89e,6ecad2b7-b646-4008-9939-e26a0ffdc290,2026-01-21 00:58:24.000,pub_318
d3a0217c-c9bd-4dc8-8819-19b7062023fb,8a176764-6f34-497d-ba92-8314ab2d7719,2026-01-21 01:06:13.000,pub_445
088f586a-13a2-45d9-b879-558b6f0f350f,33c7942d-55ce-48ca-9169-a374b1f497df,2026-01-21 01:13:52.000,pub_204
9afcbb42-8808-4bfa-b1f4-69d9a7d15375,83f9bde8-6044-446e-b665-aee0bb0e656e,2026-01-21 01:19:38.000,pub_204
2aef4b2d-dc38-4f5b-9e01-48b2a4d59678,6b5edc02-f930-4de2-a691-c965ad171ac9,2026-01-21 01:26:44.000,pub_512
3a53ffb3-3e3c-4b0a-a6b1-e31833ae2770,3f1ed2cc-0767-4665-8370-36e46f39a07e,2026-01-21 01:28:40.000,pub_101
2b05666b-fbf0-49a1-acbb-30c74c2c4b12,749c9934-39ec-4687-9dbd-78378124d954,2026-01-21 01:38:25.000,pub_204
5e65c017-1566-458f-8c6c-f39f6e284f98,3f1ed2cc-0767-4665-8370-36e46f39a07e,2026-01-21 01:41:41.000,pub_204
f7820380-0dd0-4596-9724-21548b45d274,80b7708a-f34b-4cd7-9b3d-0594a66337d5,2026-01-21 01:49:53.000,pub_318
362884c8-bd24-4bd9-8296-238b675aeb5b,fdede5e3-9dba-4ca5-a36e-82895c4618f8,2026-01-21 01:51:28.000,pub_445
9462b918-cb00-4fcf-b19f-b4147f672221,83f9bde8-6044-446e-b665-aee0bb0e656e,2026-01-21 02:03:46.000,pub_512
8198d0ed-627c-458c-86ea-8ef8758d7ed7,749c9934-39ec-4687-9dbd-78378124d954,2026-01-21 02:19:29.000,pub_204
50862421-4fd3-4400-bbc5-7da6da53de02,8a176764-6f34-497d-ba92-8314ab2d7719,2026-01-21 02:19:55.000,pub_204
efdffaf2-d906-4f51-9ba1-02f2abf01d30,749c9934-39ec-4687-9dbd-78378124d954,2026-01-21 02:23:30.000,pub_445
6c32474c-6b30-41f3-9344-c2545dbce164,8a176764-6f34-497d-ba92-8314ab2d7719,2026-01-21 02:24:27.000,pub_445
7fde0446-1cd6-4917-ac86-356b9dca1c51,6ecad2b7-b646-4008-9939-e26a0ffdc290,2026-01-21 02:36:16.000,pub_445
1bd0216e-6fd6-455e-bcd5-5cc2d04365c1,6b5edc02-f930-4de2-a691-c965ad171ac9,2026-01-21 02:42:39.000,pub_445
06642b4f-074d-489b-b025-4858f1b6d1af,fdede5e3-9dba-4ca5-a36e-82895c4618f8,2026-01-21 02:51:37.000,pub_204
b4cbee02-cf10-4ff3-b09d-96ce82dc6282,33c7942d-55ce-48ca-9169-a374b1f497df,2026-01-21 03:26:34.000,pub_318
acb74803-df2c-4c74-8258-d5455205ff48,6ecad2b7-b646-4008-9939-e26a0ffdc290,2026-01-21 03:34:17.000,pub_204
f3178229-a862-4f74-be22-28b6f1ff9190,8a176764-6f34-497d-ba92-8314ab2d7719,2026-01-21 03:35:58.000,pub_512
8e16c420-fa1f-416f-a966-42ca914c0237,6ecad2b7-b646-4008-9939-e26a0ffdc290,2026-01-21 03:41:23.000,pub_204
ca135f39-2670-4a1e-9a6d-8cf4a22f21f5,6ecad2b7-b646-4008-9939-e26a0ffdc290,2026-01-21 03:43:35.000,pub_101
db4db793-56f8-4a93-8ddd-b07c1f8f8842,393fc1c9-d322-4b8a-952e-5ad320900791,2026-01-21 04:18:08.000,pub_512
74eaa940-c7e8-4785-8223-8e0e08501b9d,6ecad2b7-b646-4008-9939-e26a0ffdc290,2026-01-21 04:26:31.000,pub_101
c17a0f9d-2990-4895-8e64-1e48f9f05161,6ecad2b7-b646-4008-9939-e26a0ffdc290,2026-01-21 04:30:24.000,pub_445
79264adc-24db-419c-aa1f-3253ca0decd0,393fc1c9-d322-4b8a-952e-5ad320900791,2026-01-21 04:32:38.000,pub_445
dda6c388-f6e4-4ad0-823b-044aac9f50ed,83f9bde8-6044-446e-b665-aee0bb0e656e,2026-01-21 04:37:14.000,pub_318
2bdae31f-fdb1-4045-8edd-feca1d5271f8,80b7708a-f34b-4cd7-9b3d-0594a66337d5,2026-01-21 04:39:47.000,pub_101
a49829fb-6187-4828-9a41-888b5ef1c62c,fdede5e3-9dba-4ca5-a36e-82895c4618f8,2026-01-21 04:42:26.000,pub_512
803da8a8-559a-44a9-8711-ab3a071eb1bd,749c9934-39ec-4687-9dbd-78378124d954,2026-01-21 05:01:41.000,pub_204
11110b7b-7c2c-4a73-aed8-5f8bf81c9c72,6ecad2b7-b646-4008-9939-e26a0ffdc290,2026-01-21 05:02:20.000,pub_512
5706170c-8df9-4b30-bfbe-f121cd9221ad,6b5edc02-f930-4de2-a691-c965ad171ac9,2026-01-21 05:04:39.000,pub_445
4521d8cc-8957-4a48-98f7-6814aa6aafb2,fdede5e3-9dba-4ca5-a36e-82895c4618f8,2026-01-21 05:18:16.000,pub_512
3c5b0b28-f8cb-4312-848d-8ec687cc667a,80b7708a-f34b-4cd7-9b3d-0594a66337d5,2026-01-21 05:40:42.000,pub_318
3765a11c-30ad-49d4-a8bf-20f69ceb4c5e,80b7708a-f34b-4cd7-9b3d-0594a66337d5,2026-01-21 05:59:03.000,pub_101
6be67507-ccfd-45f1-bb30-24eb838e703a,8a176764-6f34-497d-ba92-8314ab2d7719,2026-01-21 06:07:32.000,pub_445
20068f23-ce04-43dd-bf77-4c83841f448b,3f1ed2cc-0767-4665-8370-36e46f39a07e,2026-01-21 06:23:49.000,pub_512
af66c082-e101-4d7e-890f-609384290b3f,33c7942d-55ce-48ca-9169-a374b1f497df,2026-01-21 06:24:27.000,pub_101
9de2e5d6-7cd4-486b-bb97-ee0859fdcc52,393fc1c9-d322-4b8a-952e-5ad320900791,2026-01-21 06:30:37.000,pub_445
8abcd50a-5971-4713-aabf-0c398d389522,80b7708a-f34b-4cd7-9b3d-0594a66337d5,2026-01-21 06:41:08.000,pub_445
d1c93bb2-1523-4194-86bf-a23898e1a21f,393fc1c9-d322-4b8a-952e-5ad320900791,2026-01-21 06:44:22.000,pub_101
016a7574-f9de-4c00-a62a-6cc5ad978740,3f1ed2cc-0767-4665-8370-36e46f39a07e,2026-01-21 07:07:18.000,pub_445
78149437-2c9c-4038-b1bd-48885814e9bf,3f1ed2cc-0767-4665-8370-36e46f39a07e,2026-01-21 07:09:44.000,pub_204
91bdbc67-839e-445b-b598-fa6b7aef25dd,83f9bde8-6044-446e-b665-aee0bb0e656e,2026-01-21 07:10:37.000,pub_445
7bf0aaa4-cad4-4ab5-ab07-b1d26e21acdb,6b5edc02-f930-4de2-a691-c965ad171ac9,2026-01-21 07:12:54.000,pub_512
dbd30661-c058-4c92-a762-5d7a4b722216,80b7708a-f34b-4cd7-9b3d-0594a66337d5,2026-01-21 07:17:01.000,pub_512
005e3525-577c-4093-930a-73f9b4597c26,83f9bde8-6044-446e-b665-aee0bb0e656e,2026-01-21 07:21:20.000,pub_512
2da2c600-f099-4dce-9aca-dc01624fcc5c,6b5edc02-f930-4de2-a691-c965ad171ac9,2026-01-21 07:23:27.000,pub_204
a0c98319-4ba7-43c5-83a5-3a6d8d0ca621,fdede5e3-9dba-4ca5-a36e-82895c4618f8,2026-01-21 07:43:58.000,pub_445
65bcf6a5-db1a-4d42-8c23-3c00eaa064fb,33c7942d-55ce-48ca-9169-a374b1f497df,2026-01-21 07:48:55.000,pub_318
d2cf9848-3d5f-40c4-9475-a740ac544bdd,749c9934-39ec-4687-9dbd-78378124d954,2026-01-21 07:54:51.000,pub_204
b9d6969d-9481-4109-bc21-0089d689d43c,8a176764-6f34-497d-ba92-8314ab2d7719,2026-01-21 07:59:45.000,pub_204
e2044f21-f596-435d-ab4d-6f76d069bfab,8a176764-6f34-497d-ba92-8314ab2d7719,2026-01-21 08:10:30.000,pub_512
9ef05e2e-9377-4e4e-ab14-ecff7406d44d,80b7708a-f34b-4cd7-9b3d-0594a66337d5,2026-01-21 08:11:42.000,pub_512
ee3b2ae9-31e3-4e91-9162-2b34b59cc7d0,6b5edc02-f930-4de2-a691-c965ad171ac9,2026-01-21 08:16:43.000,pub_318
6c5ab15e-62b1-4491-8425-1d2646ee419a,393fc1c9-d322-4b8a-952e-5ad320900791,2026-01-21 08:27:02.000,pub_512
d6d8c021-27f7-4e9f-8181-cc7b4ef0821b,33c7942d-55ce-48ca-9169-a374b1f497df,2026-01-21 08:31:33.000,pub_445
8ee3acdd-02c7-403d-b969-476c01ebf7f8,83f9bde8-6044-446e-b665-aee0bb0e656e,2026-01-21 08:36:02.000,pub_204
676bcfa9-e8b9-4f25-a706-ad8a36d7f26c,fdede5e3-9dba-4ca5-a36e-82895c4618f8,2026-01-21 08:50:14.000,pub_101
3772635e-5fe0-4671-85f7-0c431b335196,393fc1c9-d322-4b8a-952e-5ad320900791,2026-01-21 08:50:53.000,pub_318
0b7fd715-7e66-4d98-a742-ac87edf66fd0,6b5edc02-f930-4de2-a691-c965ad171ac9,2026-01-21 09:13:38.000,pub_445
261a2fd7-e8be-4419-a4be-b9a34e0ea147,749c9934-39ec-4687-9dbd-78378124d954,2026-01-21 09:29:12.000,pub_445
159afcbf-c6ed-4e3e-bd7e-4333334b17a0,33c7942d-55ce-48ca-9169-a374b1f497df,2026-01-21 09:32:05.000,pub_101
92413abd-5cad-47f6-9c27-1ef1037fc8fe,8a176764-6f34-497d-ba92-8314ab2d7719,2026-01-21 09:55:28.000,pub_445
2357fb37-540e-4de0-bdbd-039e96893828,33c7942d-55ce-48ca-9169-a374b1f497df,2026-01-21 10:04:55.000,pub_204
d145cf0f-96ef-49e5-a440-505d48b41ecf,3f1ed2cc-0767-4665-8370-36e46f39a07e,2026-01-21 10:13:35.000,pub_512
aaedb2ad-c684-4fd6-9319-083ab9447233,33c7942d-55ce-48ca-9169-a374b1f497df,2026-01-21 10:21:02.000,pub_101
9763dca7-ebfd-4f0c-8d4f-0c09893a21a4,393fc1c9-d322-4b8a-952e-5ad320900791,2026-01-21 10:24:20.000,pub_101
0d912115-e3d1-4ebc-8062-f84be1772034,6ecad2b7-b646-4008-9939-e26a0ffdc290,2026-01-21 10:27:16.000,pub_512
9f998e08-2323-482c-9586-722bb0906b3f,749c9934-39ec-4687-9dbd-78378124d954,2026-01-21 10:31:09.000,pub_318
3d77e89c-1f44-48c2-be12-b8f35f674464,80b7708a-f34b-4cd7-9b3d-0594a66337d5,2026-01-21 10:33:55.000,pub_318
ba2e3b21-cfa6-42c3-9370-cbb0e1447a9b,33c7942d-55ce-48ca-9169-a374b1f497df,2026-01-21 10:37:11.000,pub_318
519189bb-5329-4ca6-8b31-c43953ddd569,83f9bde8-6044-446e-b665-aee0bb0e656e,2026-01-21 10:42:06.000,pub_318
305a3932-9164-4b09-9337-8b25c3b8ea57,33c7942d-55ce-48ca-9169-a374b1f497df,2026-01-21 10:46:37.000,pub_101
a11fec5a-a54d-408a-8396-42fbe7f357d1,393fc1c9-d322-4b8a-952e-5ad320900791,2026-01-21 10:59:37.000,pub_101
c97a5178-c322-4fbb-81ec-406fe7ce647c,33c7942d-55ce-48ca-9169-a374b1f497df,2026-01-21 11:09:31.000,pub_318
f2675b02-a968-423e-8fc9-7179bec2a488,33c7942d-55ce-48ca-9169-a374b1f497df,2026-01-21 11:21:32.000,pub_204
7ecfb707-d01c-41c8-84fc-c3a8913eb6db,3f1ed2cc-0767-4665-8370-36e46f39a07e,2026-01-21 11:28:00.000,pub_445
0cacf31e-b87b-4c9d-a267-f9318ae121f3,3f1ed2cc-0767-4665-8370-36e46f39a07e,2026-01-21 11:40:59.000,pub_101
210685dd-e437-48fb-87ce-eef147602351,83f9bde8-6044-446e-b665-aee0bb0e656e,2026-01-21 11:57:46.000,pub_101
b7265f67-a944-4b68-923b-91e8b6483c45,33c7942d-55ce-48ca-9169-a374b1f497df,2026-01-21 12:06:56.000,pub_101
b67b5339-edca-4f31-8caf-c34fe9a03b5d,749c9934-39ec-4687-9dbd-78378124d954,2026-01-21 12:10:31.000,pub_445
056951db-c3b4-4475-a08f-dfd67448659a,8a176764-6f34-497d-ba92-8314ab2d7719,2026-01-21 12:13:00.000,pub_512
597ee0e7-ecc3-4a0c-8db0-16defe660e0d,80b7708a-f34b-4cd7-9b3d-0594a66337d5,2026-01-21 12:21:04.000,pub_204
77e493fe-21e8-4c3d-b76d-2ee221497f76,6ecad2b7-b646-4008-9939-e26a0ffdc290,2026-01-21 12:22:53.000,pub_318
1f83499b-cc65-486d-97ca-f458a5ef6c15,fdede5e3-9dba-4ca5-a36e-82895c4618f8,2026-01-21 12:28:59.000,pub_512
940739bc-e3b9-485c-a436-e6c7aa65126b,393fc1c9-d322-4b8a-952e-5ad320900791,2026-01-21 12:30:25.000,pub_445
08376018-5eae-458a-b059-7af69feec7c6,6b5edc02-f930-4de2-a691-c965ad171ac9,2026-01-21 12:40:41.000,pub_204
92fb5903-a28f-4ead-bcbd-793753540b3f,393fc1c9-d322-4b8a-952e-5ad320900791,2026-01-21 12:44:16.000,pub_318
76ae0b8e-ab85-43a3-9d9f-5721012a4c4e,6b5edc02-f930-4de2-a691-c965ad171ac9,2026-01-21 12:45:59.000,pub_204
178b401d-c7ee-4bf2-a48b-3ca68efbeadf,80b7708a-f34b-4cd7-9b3d-0594a66337d5,2026-01-21 12:49:14.000,pub_101
3c1a7e6d-e1e7-49b7-b70a-4042408fe1fe,6ecad2b7-b646-4008-9939-e26a0ffdc290,2026-01-21 12:53:25.000,pub_101
974da493-6948-4a15-a68b-e805ec6d04a2,33c7942d-55ce-48ca-9169-a374b1f497df,2026-01-21 12:56:24.000,pub_204
46fe871e-25e0-4be1-b632-b501a455e661,83f9bde8-6044-446e-b665-aee0bb0e656e,2026-01-21 13:02:08.000,pub_445
aa4c21b9-6b48-45c1-afd0-75577a518029,83f9bde8-6044-446e-b665-aee0bb0e656e,2026-01-21 13:07:39.000,pub_101
8a823348-f173-4345-877d-7c11a6a2565b,8a176764-6f34-497d-ba92-8314ab2d7719,2026-01-21 13:08:17.000,pub_204
5db72d41-d1b1-4806-a92a-e55dfa5b8a0b,80b7708a-f34b-4cd7-9b3d-0594a66337d5,2026-01-21 13:30:03.000,pub_445
1a2ed74f-1300-4837-84e2-fda9807f0b03,6b5edc02-f930-4de2-a691-c965ad171ac9,2026-01-21 13:36:41.000,pub_204
4799c983-363a-4e81-b3d2-f1371cdc733d,80b7708a-f34b-4cd7-9b3d-0594a66337d5,2026-01-21 13:38:40.000,pub_318
fc22c232-464a-4f41-9993-a644f3033571,83f9bde8-6044-446e-b665-aee0bb0e656e,2026-01-21 13:42:26.000,pub_512
a94ca689-d842-44c7-bdfc-299b2770a489,83f9bde8-6044-446e-b665-aee0bb0e656e,2026-01-21 13:44:27.000,pub_445
24822cd0-87f2-4ff6-8da5-9e4837a5cd1b,33c7942d-55ce-48ca-9169-a374b1f497df,2026-01-21 13:46:14.000,pub_445
0eda7f02-00b7-4684-b716-0c637f45922d,6ecad2b7-b646-4008-9939-e26a0ffdc290,2026-01-21 13:48:01.000,pub_445
3bef9048-3d9f-48ef-9ec0-a9ef8b738427,3f1ed2cc-0767-4665-8370-36e46f39a07e,2026-01-21 13:49:07.000,pub_204
6f4671d6-2da4-40de-bc3c-db54324262b5,3f1ed2cc-0767-4665-8370-36e46f39a07e,2026-01-21 14:00:50.000,pub_204
c6c037c9-1fab-4da8-ab9f-5ce59c81f5ce,6ecad2b7-b646-4008-9939-e26a0ffdc290,2026-01-21 14:04:18.000,pub_512
b0467ed0-6d8b-46a4-9f3a-eaacd69fa9eb,80b7708a-f34b-4cd7-9b3d-0594a66337d5,2026-01-21 14:06:10.000,pub_204
252fcff0-dcee-4d0a-89bc-dd0838b0eafb,83f9bde8-6044-446e-b665-aee0bb0e656e,2026-01-21 14:08:41.000,pub_512
a73eab7b-b9d4-4e83-a9e6-0cd48c470f91,fdede5e3-9dba-4ca5-a36e-82895c4618f8,2026-01-21 14:34:40.000,pub_101
81cf08e3-0f20-4517-bfc9-f3cddc699438,33c7942d-55ce-48ca-9169-a374b1f497df,2026-01-21 14:41:09.000,pub_512
0f295da4-f1dc-461e-98ba-b3b0254f5d6c,6b5edc02-f930-4de2-a691-c965ad171ac9,2026-01-21 14:48:58.000,pub_445
4708023d-9765-4997-b2eb-d4560e6db7c7,6ecad2b7-b646-4008-9939-e26a0ffdc290,2026-01-21 14:53:42.000,pub_512
cd8464e4-e5a9-4def-ae21-f49ef11e80f7,6b5edc02-f930-4de2-a691-c965ad171ac9,2026-01-21 15:00:14.000,pub_101
b8d2d7d9-d036-48bc-8190-b28c5b4acf5c,33c7942d-55ce-48ca-9169-a374b1f497df,2026-01-21 15:11:15.000,pub_445
db0083fd-272e-41a0-a79f-f510ec1c2d8a,6b5edc02-f930-4de2-a691-c965ad171ac9,2026-01-21 15:19:22.000,pub_101
ec4b8d78-2cca-4f31-ada6-e5dc156abee1,33c7942d-55ce-48ca-9169-a374b1f497df,2026-01-21 15:30:28.000,pub_512
7f1e73dd-3180-40d7-a253-79e49195fc9b,8a176764-6f34-497d-ba92-8314ab2d7719,2026-01-21 15:38:00.000,pub_445
7dfb3666-9741-420d-90dc-2eaa654f672e,749c9934-39ec-4687-9dbd-78378124d954,2026-01-21 15:44:52.000,pub_512
c7173249-d7e1-47c2-a458-29a7ed2d07ec,6ecad2b7-b646-4008-9939-e26a0ffdc290,2026-01-21 15:58:02.000,pub_445
1b63439c-8747-4246-a24d-b6602b1885c2,393fc1c9-d322-4b8a-952e-5ad320900791,2026-01-21 15:58:25.000,pub_512
64bd954d-efd6-4914-a3d6-8e4ee5cf4abe,3f1ed2cc-0767-4665-8370-36e46f39a07e,2026-01-21 15:58:52.000,pub_512
0359d05a-206e-4a9f-b2fe-b7882cfe04a3,80b7708a-f34b-4cd7-9b3d-0594a66337d5,2026-01-21 15:59:56.000,pub_445
1a11a824-3f5a-473a-9bbd-4e59c8897942,80b7708a-f34b-4cd7-9b3d-0594a66337d5,2026-01-21 16:12:09.000,pub_318
224018f7-e0bb-401f-87a8-85d1410825cc,749c9934-39ec-4687-9dbd-78378124d954,2026-01-21 16:19:13.000,pub_101
6cf9dc71-696c-478e-b2c9-ac601a19a3e5,6ecad2b7-b646-4008-9939-e26a0ffdc290,2026-01-21 16:24:33.000,pub_512
51615525-32df-4b72-84f3-099fb52bf96f,749c9934-39ec-4687-9dbd-78378124d954,2026-01-21 16:26:42.000,pub_445
8a24a623-f639-4460-9757-4ebc29cb87ad,3f1ed2cc-0767-4665-8370-36e46f39a07e,2026-01-21 16:27:40.000,pub_204
f7808569-ab59-472b-b229-f9d87ace6b18,6b5edc02-f930-4de2-a691-c965ad171ac9,2026-01-21 16:34:20.000,pub_318
741c1bfa-7f03-447a-8cd1-e22f4601a272,fdede5e3-9dba-4ca5-a36e-82895c4618f8,2026-01-21 16:47:10.000,pub_204
950b38b2-33a2-4909-a97c-fa221a5b58ba,6ecad2b7-b646-4008-9939-e26a0ffdc290,2026-01-21 16:52:03.000,pub_318
c199e812-0b57-4b25-a612-719addf4805e,fdede5e3-9dba-4ca5-a36e-82895c4618f8,2026-01-21 16:52:06.000,pub_445
4e96f4f3-bed9-4f2a-af9c-d620ba79a05e,749c9934-39ec-4687-9dbd-78378124d954,2026-01-21 16:55:31.000,pub_101
e10146da-b938-40eb-b1eb-0add9c1bd64e,6b5edc02-f930-4de2-a691-c965ad171ac9,2026-01-21 16:56:08.000,pub_318
6d50cde7-822a-4dbe-a058-a54471c3c7db,749c9934-39ec-4687-9dbd-78378124d954,2026-01-21 17:10:42.000,pub_101
5a32a694-5c1e-4608-9526-f88745f0be49,83f9bde8-6044-446e-b665-aee0bb0e656e,2026-01-21 17:11:20.000,pub_512
00dd2a64-9ca4-4730-afd7-84f24fc20707,749c9934-39ec-4687-9dbd-78378124d954,2026-01-21 17:12:57.000,pub_318
6d9475d6-10b6-400f-8587-7fcbcdaef404,80b7708a-f34b-4cd7-9b3d-0594a66337d5,2026-01-21 17:17:49.000,pub_512
ee5cd584-7966-4de2-ab70-9b5b8c957ae9,83f9bde8-6044-446e-b665-aee0bb0e656e,2026-01-21 17:34:33.000,pub_101
14580f00-b4c8-49d7-9faf-ecf550850b68,8a176764-6f34-497d-ba92-8314ab2d7719,2026-01-21 17:34:42.000,pub_101
6cd77b17-fd72-4208-ae3c-3f2892df7568,393fc1c9-d322-4b8a-952e-5ad320900791,2026-01-21 17:37:27.000,pub_101
87b0c48a-2613-46b8-a5a9-8c20ee8b8c7a,3f1ed2cc-0767-4665-8370-36e46f39a07e,2026-01-21 18:01:08.000,pub_318
76f49671-d842-42e1-97aa-d5ee5a90a8a4,8a176764-6f34-497d-ba92-8314ab2d7719,2026-01-21 18:05:14.000,pub_445
64adf4d2-90d6-445c-bc9b-d6ad2d19bc4a,6b5edc02-f930-4de2-a691-c965ad171ac9,2026-01-21 18:08:18.000,pub_445
121cfba6-39e8-422a-8f8c-f5c60b0edf65,393fc1c9-d322-4b8a-952e-5ad320900791,2026-01-21 18:11:49.000,pub_101
77f7352c-beee-4772-89d8-ab1c9b8987e1,6ecad2b7-b646-4008-9939-e26a0ffdc290,2026-01-21 18:14:14.000,pub_318
1a8fe17d-daa8-47e6-b5f3-64534180fa13,83f9bde8-6044-446e-b665-aee0bb0e656e,2026-01-21 18:17:28.000,pub_512
163879e2-678a-4c5f-9d19-0cfd13791992,83f9bde8-6044-446e-b665-aee0bb0e656e,2026-01-21 18:20:37.000,pub_318
d9e4e51e-afe7-45f9-bd48-d5ec5b25b16a,80b7708a-f34b-4cd7-9b3d-0594a66337d5,2026-01-21 18:31:00.000,pub_101
4f08b5dd-29ad-4baf-b4c0-1fc676ee683d,749c9934-39ec-4687-9dbd-78378124d954,2026-01-21 18:33:30.000,pub_445
42c3137b-fe4b-47b9-ad27-7a1b4a5d6b91,8a176764-6f34-497d-ba92-8314ab2d7719,2026-01-21 18:46:45.000,pub_512
645baf62-984d-4e41-83b2-5db480211360,3f1ed2cc-0767-4665-8370-36e46f39a07e,2026-01-21 19:09:41.000,pub_512
69fdfd47-1070-46dc-bfbd-c84339a86e88,6b5edc02-f930-4de2-a691-c965ad171ac9,2026-01-21 19:14:10.000,pub_204
620c5854-8f8f-4a38-be85-47a37aab97ab,393fc1c9-d322-4b8a-952e-5ad320900791,2026-01-21 19:14:52.000,pub_318
7c82a1e0-f09c-44a9-896d-c6a1cc4c6967,33c7942d-55ce-48ca-9169-a374b1f497df,2026-01-21 19:15:59.000,pub_512
ddc2e48f-747e-464a-b39f-f2a3c92797c6,83f9bde8-6044-446e-b665-aee0bb0e656e,2026-01-21 19:17:18.000,pub_445
af54e361-7256-4814-8942-4fc507a281ee,6b5edc02-f930-4de2-a691-c965ad171ac9,2026-01-21 19:34:48.000,pub_445
b756ea5f-800a-43c3-86fd-f8e827a4c3e9,3f1ed2cc-0767-4665-8370-36e46f39a07e,2026-01-21 19:49:05.000,pub_512
39d81132-38f0-41d4-9bb6-7535a380b044,6b5edc02-f930-4de2-a691-c965ad171ac9,2026-01-21 20:05:25.000,pub_101
42cd28ac-bf53-4b8e-9727-6dd8892acd4f,749c9934-39ec-4687-9dbd-78378124d954,2026-01-21 20:11:57.000,pub_318
de012730-9058-4213-bc8e-a78ba90f42ef,749c9934-39ec-4687-9dbd-78378124d954,2026-01-21 20:16:18.000,pub_204
fff5346c-0c12-4d0b-ae37-12e7e84599f1,33c7942d-55ce-48ca-9169-a374b1f497df,2026-01-21 20:26:38.000,pub_101
65342c41-c49a-491f-bf5c-caad5ace89d5,6b5edc02-f930-4de2-a691-c965ad171ac9,2026-01-21 20:34:13.000,pub_204
1bbfd0a3-914f-4de9-8501-4551c5fc61a8,6ecad2b7-b646-4008-9939-e26a0ffdc290,2026-01-21 20:44:16.000,pub_204
6c73e4a6-4ff0-4b58-91f6-79a886d48c86,749c9934-39ec-4687-9dbd-78378124d954,2026-01-21 21:06:50.000,pub_445
10077a33-2b01-4092-a070-6238025918a8,3f1ed2cc-0767-4665-8370-36e46f39a07e,2026-01-21 21:13:06.000,pub_101
32362fb3-c409-4580-92d8-629ce4460d2b,6ecad2b7-b646-4008-9939-e26a0ffdc290,2026-01-21 21:24:24.000,pub_318
a2f13ce5-b528-46ce-8b56-b7d501bf91f7,393fc1c9-d322-4b8a-952e-5ad320900791,2026-01-21 21:27:35.000,pub_101
c59610f5-0222-46cf-9480-0e261ce9699e,83f9bde8-6044-446e-b665-aee0bb0e656e,2026-01-21 21:39:14.000,pub_204
832c3dfe-fe47-4d43-be04-08291b6f49c4,749c9934-39ec-4687-9dbd-78378124d954,2026-01-21 21:42:33.000,pub_101
c17f7eda-0609-4256-8252-200c554bfa6b,8a176764-6f34-497d-ba92-8314ab2d7719,2026-01-21 21:46:47.000,pub_204
ee107150-7dd2-4720-bbf1-75bcc8d7301b,749c9934-39ec-4687-9dbd-78378124d954,2026-01-21 21:47:11.000,pub_204
f34fa0e2-13ba-4d34-9619-ca7086d73b63,fdede5e3-9dba-4ca5-a36e-82895c4618f8,2026-01-21 21:55:22.000,pub_445
12b1468c-e368-48bc-b9c3-33f197a89754,fdede5e3-9dba-4ca5-a36e-82895c4618f8,2026-01-21 22:04:02.000,pub_204
2832a6ec-75c8-4d5a-b9b5-47049610f7eb,33c7942d-55ce-48ca-9169-a374b1f497df,2026-01-21 22:05:33.000,pub_204
168c6117-3a9e-47e3-a16e-ba6925d367c7,6ecad2b7-b646-4008-9939-e26a0ffdc290,2026-01-21 22:15:01.000,pub_512
332030ea-a109-4914-be8b-cc131d61b7b4,3f1ed2cc-0767-4665-8370-36e46f39a07e,2026-01-21 22:19:27.000,pub_445
e9dfed11-dde8-4645-a95c-a203a4706990,83f9bde8-6044-446e-b665-aee0bb0e656e,2026-01-21 22:26:48.000,pub_204
3cd5b431-1cf1-4793-a847-e5d0ba418504,6ecad2b7-b646-4008-9939-e26a0ffdc290,2026-01-21 22:30:39.000,pub_204
8812153b-4504-4db3-951b-eaa3ef7e2f6e,393fc1c9-d322-4b8a-952e-5ad320900791,2026-01-21 22:31:41.000,pub_204
d3753d01-4fbc-4819-a5a8-f42b9189bcce,749c9934-39ec-4687-9dbd-78378124d954,2026-01-21 22:42:11.000,pub_204
28e816ac-27ce-4295-8423-75741e0e3962,3f1ed2cc-0767-4665-8370-36e46f39a07e,2026-01-21 22:46:11.000,pub_445
e56208cd-b2db-4d7f-b2f1-051470555312,749c9934-39ec-4687-9dbd-78378124d954,2026-01-21 22:58:48.000,pub_101
201f392c-31f7-46ee-a642-cfe42c1bd3b5,393fc1c9-d322-4b8a-952e-5ad320900791,2026-01-21 23:09:58.000,pub_101
e962c9e5-127b-48c8-ac3a-c4d14828d33e,33c7942d-55ce-48ca-9169-a374b1f497df,2026-01-21 23:16:21.000,pub_204
8714d0d8-69a0-42a7-b622-aa3ea835aec1,393fc1c9-d322-4b8a-952e-5ad320900791,2026-01-21 23:20:59.000,pub_318
759d86c9-2f5d-4ef4-9d7d-f541b482b633,83f9bde8-6044-446e-b665-aee0bb0e656e,2026-01-21 23:34:16.000,pub_445
94929884-b8c5-4544-bb1b-03fbd47c2f18,8a176764-6f34-497d-ba92-8314ab2d7719,2026-01-21 23:54:20.000,pub_445
be559b7f-1986-4f15-a892-1f97dbe8e4ff,749c9934-39ec-4687-9dbd-78378124d954,2026-01-21 23:57:18.000,pub_445
a7a0c83e-c7e3-4fc5-9264-1f092cc78ef4,83f9bde8-6044-446e-b665-aee0bb0e656e,2026-01-22 00:23:58.000,pub_204
9047bc78-56d2-4d95-a69c-417981af36ac,8a176764-6f34-497d-ba92-8314ab2d7719,2026-01-22 00:25:22.000,pub_318
d7cbf1cb-7332-4d30-98f6-9ab5efbd3619,80b7708a-f34b-4cd7-9b3d-0594a66337d5,2026-01-22 00:30:38.000,pub_318
c9a2f6a9-18b3-4c21-8045-8161f3369b58,80b7708a-f34b-4cd7-9b3d-0594a66337d5,2026-01-22 00:36:53.000,pub_204
c5e4a0bf-3bca-4351-97e8-c8d5a0436338,8a176764-6f34-497d-ba92-8314ab2d7719,2026-01-22 01:01:51.000,pub_445
eb1301b4-c6ba-4cab-a9f0-f843c0b4d29b,83f9bde8-6044-446e-b665-aee0bb0e656e,2026-01-22 01:08:24.000,pub_101
ac43ea3c-704a-4a7e-b770-9774595934ad,749c9934-39ec-4687-9dbd-78378124d954,2026-01-22 01:15:23.000,pub_204
dd4772af-bed3-4507-a1c7-628497a633aa,fdede5e3-9dba-4ca5-a36e-82895c4618f8,2026-01-22 01:24:44.000,pub_512
2d52eace-c7f8-442f-8594-b82668d40312,6b5edc02-f930-4de2-a691-c965ad171ac9,2026-01-22 01:28:33.000,pub_318
4615247b-6c21-4b82-b125-030c9db34563,393fc1c9-d322-4b8a-952e-5ad320900791,2026-01-22 01:29:56.000,pub_445
5c18e5e9-7a34-44a2-9263-2538c990ed93,6ecad2b7-b646-4008-9939-e26a0ffdc290,2026-01-22 01:43:51.000,pub_101
6ab3aace-9045-4c5c-8dee-904eb105f452,3f1ed2cc-0767-4665-8370-36e46f39a07e,2026-01-22 01:52:48.000,pub_204
9412c75a-64f3-4291-bb68-b7ca14e012ff,393fc1c9-d322-4b8a-952e-5ad320900791,2026-01-22 02:01:05.000,pub_101
146691d6-ba52-4dc1-9793-f0bc49fbb10e,393fc1c9-d322-4b8a-952e-5ad320900791,2026-01-22 02:47:30.000,pub_204
0348e7e2-3f58-4c90-9a63-de4175f56ece,83f9bde8-6044-446e-b665-aee0bb0e656e,2026-01-22 02:59:48.000,pub_445
cad6f8d7-c06a-4b40-a95f-b16f72b11574,80b7708a-f34b-4cd7-9b3d-0594a66337d5,2026-01-22 03:01:59.000,pub_512
fe1b21cc-dd42-49dc-8de4-54be4f24c54c,83f9bde8-6044-446e-b665-aee0bb0e656e,2026-01-22 03:05:19.000,pub_101
6e7f8d7f-a23c-488f-97bc-dff37a6ccf4b,6ecad2b7-b646-4008-9939-e26a0ffdc290,2026-01-22 03:22:45.000,pub_204
f28a389f-e353-4e9e-8f92-286bab2cd477,6b5edc02-f930-4de2-a691-c965ad171ac9,2026-01-22 03:26:16.000,pub_204
4ffba109-b078-42ab-9c32-2fb38ab51667,6b5edc02-f930-4de2-a691-c965ad171ac9,2026-01-22 03:35:59.000,pub_512
dcb9f4a3-882a-47e0-99a0-89c2dd81e41f,8a176764-6f34-497d-ba92-8314ab2d7719,2026-01-22 03:36:56.000,pub_318
d470e622-c1af-428f-acea-bd5140a6ede5,83f9bde8-6044-446e-b665-aee0bb0e656e,2026-01-22 03:49:57.000,pub_445
e769c98b-9873-413b-974b-0c46baa78859,6ecad2b7-b646-4008-9939-e26a0ffdc290,2026-01-22 03:51:10.000,pub_318
792f92fb-ae8a-4598-9ab9-cb72b2187413,749c9934-39ec-4687-9dbd-78378124d954,2026-01-22 03:57:59.000,pub_204
e9e034d0-a10c-454f-8fc5-287397aa58f7,fdede5e3-9dba-4ca5-a36e-82895c4618f8,2026-01-22 04:07:24.000,pub_101
50854ba9-990f-40c1-a99b-c61989ef5e1e,83f9bde8-6044-446e-b665-aee0bb0e656e,2026-01-22 04:07:54.000,pub_445
0d054b8a-0083-4d9c-be54-446936b329fb,8a176764-6f34-497d-ba92-8314ab2d7719,2026-01-22 04:10:04.000,pub_512
df325122-33a5-491d-bf14-1410065d29c2,8a176764-6f34-497d-ba92-8314ab2d7719,2026-01-22 04:14:41.000,pub_101
79ce8035-5c81-4162-a19c-68b6019f20c7,8a176764-6f34-497d-ba92-8314ab2d7719,2026-01-22 04:19:00.000,pub_445
8246ce95-333d-4bfe-a187-004f581dfaa3,6b5edc02-f930-4de2-a691-c965ad171ac9,2026-01-22 04:36:58.000,pub_101
7000245e-a07a-48da-9fa1-dd110b6607e1,fdede5e3-9dba-4ca5-a36e-82895c4618f8,2026-01-22 04:48:21.000,pub_101
9e360aaa-41da-48ad-be3c-8f10428415ea,6ecad2b7-b646-4008-9939-e26a0ffdc290,2026-01-22 04:59:18.000,pub_445
a6802f82-1935-411e-996c-9b4b187de193,80b7708a-f34b-4cd7-9b3d-0594a66337d5,2026-01-22 05:01:01.000,pub_101
d45ba27f-3c24-4df4-a3a2-551464d20b55,749c9934-39ec-4687-9dbd-78378124d954,2026-01-22 05:05:06.000,pub_445
b12ea217-c901-44db-841d-240af3659268,749c9934-39ec-4687-9dbd-78378124d954,2026-01-22 05:09:43.000,pub_204
ad6e0203-eba2-405d-a16e-eb654d25db48,fdede5e3-9dba-4ca5-a36e-82895c4618f8,2026-01-22 05:14:41.000,pub_204
0710cbfb-31eb-4960-80bd-7521f4f3e6f6,3f1ed2cc-0767-4665-8370-36e46f39a07e,2026-01-22 05:22:58.000,pub_101
0340f1cc-8f1b-42a2-a69c-e5b2a9bda717,6ecad2b7-b646-4008-9939-e26a0ffdc290,2026-01-22 05:25:31.000,pub_512
037c13bf-90f5-4281-bdda-e261fc71c03a,8a176764-6f34-497d-ba92-8314ab2d7719,2026-01-22 05:33:22.000,pub_101
c499e308-f471-471c-92e0-afccf61aa25f,393fc1c9-d322-4b8a-952e-5ad320900791,2026-01-22 05:37:56.000,pub_101
e4d93656-b196-4abd-8e9f-141169208510,33c7942d-55ce-48ca-9169-a374b1f497df,2026-01-22 05:42:29.000,pub_204
83777979-5158-41f0-8e1c-d21555ff948e,33c7942d-55ce-48ca-9169-a374b1f497df,2026-01-22 05:43:01.000,pub_318
d3d38ff2-14e2-4608-8480-811b3ca28a6e,6ecad2b7-b646-4008-9939-e26a0ffdc290,2026-01-22 05:55:35.000,pub_101
74994abc-8042-4fac-af09-89522402891d,749c9934-39ec-4687-9dbd-78378124d954,2026-01-22 05:58:27.000,pub_512
1537370d-e557-4f5c-95d6-3552248d75da,6b5edc02-f930-4de2-a691-c965ad171ac9,2026-01-22 06:01:31.000,pub_445
8b479bfc-62cc-43e3-8ff6-8154ca3dc3a7,749c9934-39ec-4687-9dbd-78378124d954,2026-01-22 06:02:16.000,pub_318
3156bae0-de70-47be-8c31-4730c7b7bd5a,749c9934-39ec-4687-9dbd-78378124d954,2026-01-22 06:25:24.000,pub_512
1799ebd3-e406-474a-93e0-3313175ffefb,33c7942d-55ce-48ca-9169-a374b1f497df,2026-01-22 06:26:32.000,pub_445
d32cf9a8-3cce-4502-a075-eb365b2582ee,749c9934-39ec-4687-9dbd-78378124d954,2026-01-22 06:27:06.000,pub_318
837d2079-105f-4d4c-ad1e-2a1df2dd07c8,fdede5e3-9dba-4ca5-a36e-82895c4618f8,2026-01-22 06:46:13.000,pub_445
8a2db935-8d00-4863-9702-fec31408842c,393fc1c9-d322-4b8a-952e-5ad320900791,2026-01-22 06:54:50.000,pub_445
6836d438-2ab3-4a2c-93bc-e665ca547c0c,3f1ed2cc-0767-4665-8370-36e46f39a07e,2026-01-22 06:55:25.000,pub_101
b890235d-1385-4390-950f-1f3638763da9,8a176764-6f34-497d-ba92-8314ab2d7719,2026-01-22 06:56:38.000,pub_445
492a485c-dbc8-48e3-a54e-b4026d62e1d7,fdede5e3-9dba-4ca5-a36e-82895c4618f8,2026-01-22 06:58:24.000,pub_445
bf3c0036-6163-4f3a-af49-a3802908046e,6b5edc02-f930-4de2-a691-c965ad171ac9,2026-01-22 07:06:00.000,pub_445
a0956fed-1a16-4283-8b92-d6c32557e028,6ecad2b7-b646-4008-9939-e26a0ffdc290,2026-01-22 07:17:32.000,pub_318
9b601555-8a5f-4fbc-9bc2-2a6b60828f58,8a176764-6f34-497d-ba92-8314ab2d7719,2026-01-22 07:24:49.000,pub_445
a60d242b-a1a3-4053-8b10-db9f1779e0f4,80b7708a-f34b-4cd7-9b3d-0594a66337d5,2026-01-22 07:25:43.000,pub_204
0fe98b3a-36f6-4f2c-a672-0695551a7f84,393fc1c9-d322-4b8a-952e-5ad320900791,2026-01-22 07:28:55.000,pub_512
92974d69-d4c9-40df-810f-1b6562312ce3,6ecad2b7-b646-4008-9939-e26a0ffdc290,2026-01-22 07:48:15.000,pub_512
84b6eeca-4e03-4e9e-8368-a295649eea14,6ecad2b7-b646-4008-9939-e26a0ffdc290,2026-01-22 08:10:39.000,pub_445
3c712bac-46c5-46bf-8a05-5d3e28d0cfe9,6ecad2b7-b646-4008-9939-e26a0ffdc290,2026-01-22 08:13:07.000,pub_101
797652f9-4aec-4a8e-90e8-cae405a141e0,6ecad2b7-b646-4008-9939-e26a0ffdc290,2026-01-22 08:21:38.000,pub_101
c9916404-f20b-4596-9400-c9b802eb28e9,749c9934-39ec-4687-9dbd-78378124d954,2026-01-22 08:28:32.000,pub_318
e7820586-831e-4d4f-a5e8-d93f494ea20d,8a176764-6f34-497d-ba92-8314ab2d7719,2026-01-22 08:28:36.000,pub_318
24f6094d-797e-4c68-b61f-d597a5098ba8,83f9bde8-6044-446e-b665-aee0bb0e656e,2026-01-22 08:28:39.000,pub_101
c784002b-b121-4716-a8b0-595a735b15cd,6ecad2b7-b646-4008-9939-e26a0ffdc290,2026-01-22 08:31:08.000,pub_204
e77290c3-fb5f-4681-a460-96e94055b962,749c9934-39ec-4687-9dbd-78378124d954,2026-01-22 08:53:48.000,pub_318
01432c44-f8ba-4f7b-b489-99772ebc1f37,6b5edc02-f930-4de2-a691-c965ad171ac9,2026-01-22 09:03:06.000,pub_204
2a768fc6-78e2-445e-952f-39ac68d61be1,393fc1c9-d322-4b8a-952e-5ad320900791,2026-01-22 09:15:18.000,pub_101
f2b5683d-c948-4eef-827f-a7989a845da0,80b7708a-f34b-4cd7-9b3d-0594a66337d5,2026-01-22 09:29:17.000,pub_512
8b6980e5-b83d-4f34-bd8e-811b1c56444a,33c7942d-55ce-48ca-9169-a374b1f497df,2026-01-22 09:35:46.000,pub_101
a88107aa-9039-4571-a06e-49c11d668f7f,6ecad2b7-b646-4008-9939-e26a0ffdc290,2026-01-22 09:36:05.000,pub_318
94764966-018e-4cd1-9d7f-d1da526180ea,393fc1c9-d322-4b8a-952e-5ad320900791,2026-01-22 10:11:56.000,pub_318
261a077c-7b30-492d-b517-383227a79412,33c7942d-55ce-48ca-9169-a374b1f497df,2026-01-22 10:24:20.000,pub_512
b1a67b95-4efd-44c5-a5d8-9de0bff81071,393fc1c9-d322-4b8a-952e-5ad320900791,2026-01-22 10:24:27.000,pub_318
316cf8c5-7b63-4883-b3b8-f750b7b37338,fdede5e3-9dba-4ca5-a36e-82895c4618f8,2026-01-22 10:25:04.000,pub_318
173bd8d0-0ac0-42b0-9ee7-6851731037d3,6ecad2b7-b646-4008-9939-e26a0ffdc290,2026-01-22 10:36:15.000,pub_204
84aa8c13-08bd-4ecf-a39b-b157b1d94553,6ecad2b7-b646-4008-9939-e26a0ffdc290,2026-01-22 10:53:41.000,pub_512
35e66456-f6e8-4bd4-baff-99beb588d1d8,80b7708a-f34b-4cd7-9b3d-0594a66337d5,2026-01-22 10:54:39.000,pub_445
9badf372-03a8-418e-bfda-281e2a0c1d79,6ecad2b7-b646-4008-9939-e26a0ffdc290,2026-01-22 10:59:42.000,pub_512
a2d2ebc1-8a6c-45ee-b109-77d1381ae2d6,33c7942d-55ce-48ca-9169-a374b1f497df,2026-01-22 11:01:12.000,pub_204
db275283-b58f-4568-92e1-f91535944f43,6b5edc02-f930-4de2-a691-c965ad171ac9,2026-01-22 11:02:06.000,pub_101
13bf431f-3463-4ee7-9b60-366310a60c2a,6b5edc02-f930-4de2-a691-c965ad171ac9,2026-01-22 11:03:40.000,pub_318
0a21ca08-8188-4b56-a89d-45e42a3293bc,3f1ed2cc-0767-4665-8370-36e46f39a07e,2026-01-22 11:05:25.000,pub_318
ba92a0c4-5f83-4d81-8996-0b5fa3aa61eb,8a176764-6f34-497d-ba92-8314ab2d7719,2026-01-22 11:12:35.000,pub_318
03ce3a37-1d9d-4eae-9059-53cdd90dfb63,80b7708a-f34b-4cd7-9b3d-0594a66337d5,2026-01-22 11:33:17.000,pub_318
fc435f46-15df-4d9e-b8f7-8a9cec3643d5,393fc1c9-d322-4b8a-952e-5ad320900791,2026-01-22 11:34:08.000,pub_204
4ac035f4-1196-40b6-bf2f-61b2f8a8df61,8a176764-6f34-497d-ba92-8314ab2d7719,2026-01-22 11:34:55.000,pub_204
659bbc8e-76e4-4edc-bdfb-f25161a4da0b,6b5edc02-f930-4de2-a691-c965ad171ac9,2026-01-22 11:35:30.000,pub_101
153bbee7-86a4-4b9c-b8ca-d487031fc284,80b7708a-f34b-4cd7-9b3d-0594a66337d5,2026-01-22 11:36:55.000,pub_445
3979b9a4-bbbc-4d8f-8ab3-85ac586028ad,749c9934-39ec-4687-9dbd-78378124d954,2026-01-22 11:38:07.000,pub_512
e467b491-e83a-482e-a7a8-6e7fcf339e88,fdede5e3-9dba-4ca5-a36e-82895c4618f8,2026-01-22 11:42:54.000,pub_204
5e196a8b-cad2-44c0-98a5-0f0580c2d3da,80b7708a-f34b-4cd7-9b3d-0594a66337d5,2026-01-22 12:05:12.000,pub_204
72f470d6-d85b-45fe-b297-a9cc9d3c2dce,6ecad2b7-b646-4008-9939-e26a0ffdc290,2026-01-22 12:06:34.000,pub_101
39a9f97c-a147-4ee6-bc6e-08c192174473,33c7942d-55ce-48ca-9169-a374b1f497df,2026-01-22 12:08:15.000,pub_318
0c3d50ac-f586-4121-b468-0c40c1fec80c,3f1ed2cc-0767-4665-8370-36e46f39a07e,2026-01-22 12:12:24.000,pub_204
702ce712-a2e0-419e-99b1-a42c74c86899,33c7942d-55ce-48ca-9169-a374b1f497df,2026-01-22 12:15:50.000,pub_445
3f6863e1-d1be-409b-8731-c2f69ce5ae13,393fc1c9-d322-4b8a-952e-5ad320900791,2026-01-22 12:34:22.000,pub_101
1649ac4c-1aab-4dcf-96f3-462285033f69,6b5edc02-f930-4de2-a691-c965ad171ac9,2026-01-22 12:45:49.000,pub_318
7f4a2797-9477-4d1a-8fca-727760f74171,8a176764-6f34-497d-ba92-8314ab2d7719,2026-01-22 13:10:21.000,pub_445
2503cae9-c6ff-48da-8740-cecb737a28a4,749c9934-39ec-4687-9dbd-78378124d954,2026-01-22 13:16:00.000,pub_101
1b88ecc8-7b49-4707-86f7-e134e22eff9b,33c7942d-55ce-48ca-9169-a374b1f497df,2026-01-22 13:16:55.000,pub_101
027f08c7-c62d-4d3e-ba31-59a611eb4b74,80b7708a-f34b-4cd7-9b3d-0594a66337d5,2026-01-22 13:19:13.000,pub_101
586b816d-c476-45ce-88a9-cc97933b729d,3f1ed2cc-0767-4665-8370-36e46f39a07e,2026-01-22 13:40:39.000,pub_204
ac2ee855-996b-4122-882d-6a9d023bc620,749c9934-39ec-4687-9dbd-78378124d954,2026-01-22 13:44:37.000,pub_204
264a7a80-205e-422f-83eb-68f9bbb0dfa9,3f1ed2cc-0767-4665-8370-36e46f39a07e,2026-01-22 13:51:21.000,pub_101
0db4f087-8bf8-4f8c-b6ca-b3911ffc6dd7,33c7942d-55ce-48ca-9169-a374b1f497df,2026-01-22 14:04:49.000,pub_318
746ad665-412b-4380-be58-cc04621b8188,33c7942d-55ce-48ca-9169-a374b1f497df,2026-01-22 14:09:17.000,pub_318
578233be-db00-428c-9e8e-831660ca78c3,6b5edc02-f930-4de2-a691-c965ad171ac9,2026-01-22 14:15:14.000,pub_512
e0264be8-6616-408c-8ab5-d8685581b5e9,80b7708a-f34b-4cd7-9b3d-0594a66337d5,2026-01-22 14:15:29.000,pub_512
9111e51f-591f-4d22-84e1-b7531fee33b0,83f9bde8-6044-446e-b665-aee0bb0e656e,2026-01-22 14:16:54.000,pub_204
05c3d97f-312f-4ff2-9937-336658feda3d,6ecad2b7-b646-4008-9939-e26a0ffdc290,2026-01-22 14:35:11.000,pub_101
cf3d6f89-91ef-41ef-b738-07b445c91731,6ecad2b7-b646-4008-9939-e26a0ffdc290,2026-01-22 14:35:31.000,pub_101
ee14d96e-b7f0-44c1-8960-4478c62e2c4d,83f9bde8-6044-446e-b665-aee0bb0e656e,2026-01-22 14:45:40.000,pub_445
d3b7c10b-aba6-448b-b030-96efb152901a,83f9bde8-6044-446e-b665-aee0bb0e656e,2026-01-22 15:01:29.000,pub_101
2f5386f8-d81c-47d3-8b08-1351897b2ad9,393fc1c9-d322-4b8a-952e-5ad320900791,2026-01-22 15:05:44.000,pub_512
0384266b-4655-48a8-9ad7-a192dd3cf80e,33c7942d-55ce-48ca-9169-a374b1f497df,2026-01-22 15:08:01.000,pub_512
7b57a7b1-aaae-47e5-84e8-ab9a6a7b441f,6ecad2b7-b646-4008-9939-e26a0ffdc290,2026-01-22 15:18:53.000,pub_101
8f91ed00-7165-4a3a-ae03-7a162df3a9cd,749c9934-39ec-4687-9dbd-78378124d954,2026-01-22 15:26:30.000,pub_204
bc3344b2-b60f-4874-9b45-e48785f4aae4,33c7942d-55ce-48ca-9169-a374b1f497df,2026-01-22 15:29:24.000,pub_101
dfaff2df-05ad-43e8-838a-0a09a846af5f,fdede5e3-9dba-4ca5-a36e-82895c4618f8,2026-01-22 15:32:54.000,pub_101
7c63fada-d29f-488e-9e41-de26e13d1c6d,6ecad2b7-b646-4008-9939-e26a0ffdc290,2026-01-22 15:41:34.000,pub_204
cd76d50a-e465-41a5-9d63-c5228541787c,6b5edc02-f930-4de2-a691-c965ad171ac9,2026-01-22 15:44:47.000,pub_512
4368fc02-af5d-4585-8e56-73cc656c4684,6b5edc02-f930-4de2-a691-c965ad171ac9,2026-01-22 15:49:07.000,pub_101
fa3209ca-a855-4d03-97d8-49085eeeac17,80b7708a-f34b-4cd7-9b3d-0594a66337d5,2026-01-22 15:50:52.000,pub_204
a84d6538-504f-400e-ae1b-c025fad4162a,33c7942d-55ce-48ca-9169-a374b1f497df,2026-01-22 15:55:42.000,pub_318
88703b11-1cb9-4727-958b-067f10c085a8,393fc1c9-d322-4b8a-952e-5ad320900791,2026-01-22 16:08:29.000,pub_512
6f23a6a8-0dbc-4fd1-8448-713ebdfaf42e,8a176764-6f34-497d-ba92-8314ab2d7719,2026-01-22 16:52:19.000,pub_318
a5b3f50b-7238-4a04-91a7-16daa09e6d11,393fc1c9-d322-4b8a-952e-5ad320900791,2026-01-22 16:53:01.000,pub_318
37a89493-bd64-4bf0-a641-25b3bdb5189f,6b5edc02-f930-4de2-a691-c965ad171ac9,2026-01-22 16:53:31.000,pub_318
8f791dce-c1b3-4198-8b4c-17ef2484f3cb,80b7708a-f34b-4cd7-9b3d-0594a66337d5,2026-01-22 16:59:39.000,pub_318
5d18f040-940b-4f68-a82c-07e13e54f315,33c7942d-55ce-48ca-9169-a374b1f497df,2026-01-22 17:32:02.000,pub_445
3765e421-3a08-41b3-baab-9cfed17275ab,80b7708a-f34b-4cd7-9b3d-0594a66337d5,2026-01-22 17:52:57.000,pub_101
2be8dfe2-4a13-49b3-9856-f8ea1eec8274,3f1ed2cc-0767-4665-8370-36e46f39a07e,2026-01-22 18:04:21.000,pub_101
6a4f4e57-84aa-4c49-afd2-fbc51042d498,fdede5e3-9dba-4ca5-a36e-82895c4618f8,2026-01-22 18:48:58.000,pub_318
419aea5e-e5df-42bd-b8f0-5eda8be79856,33c7942d-55ce-48ca-9169-a374b1f497df,2026-01-22 18:54:26.000,pub_204
69a38648-2497-499e-a793-ca65454b5ebb,83f9bde8-6044-446e-b665-aee0bb0e656e,2026-01-22 18:57:41.000,pub_318
ba7fbb0e-a700-4eae-ba16-31f83c25cfae,749c9934-39ec-4687-9dbd-78378124d954,2026-01-22 19:00:03.000,pub_445
1cf7c064-cd91-46a4-8033-6f7925272078,fdede5e3-9dba-4ca5-a36e-82895c4618f8,2026-01-22 19:01:47.000,pub_204
2529bf1b-3b2a-4912-b07a-47b9be15b087,8a176764-6f34-497d-ba92-8314ab2d7719,2026-01-22 19:12:35.000,pub_204
15b2d434-2a9f-46c4-8fca-45a932b2daa3,393fc1c9-d322-4b8a-952e-5ad320900791,2026-01-22 19:16:20.000,pub_204
d758171b-a268-4962-8b05-43accad5de41,6b5edc02-f930-4de2-a691-c965ad171ac9,2026-01-22 19:21:35.000,pub_512
58c8fde2-1724-4c04-8bc8-d721e6eadc25,6b5edc02-f930-4de2-a691-c965ad171ac9,2026-01-22 19:47:34.000,pub_512
03d59a01-3853-4953-9a96-da7c69457c39,fdede5e3-9dba-4ca5-a36e-82895c4618f8,2026-01-22 20:02:22.000,pub_318
d3be33a5-38b6-498c-baa8-b31238fbeb2b,33c7942d-55ce-48ca-9169-a374b1f497df,2026-01-22 20:21:35.000,pub_445
5229981c-0a28-4300-a395-e3b615dc9382,83f9bde8-6044-446e-b665-aee0bb0e656e,2026-01-22 20:23:43.000,pub_318
10f06e7c-70ed-4b3f-9f9a-2d62d3353563,80b7708a-f34b-4cd7-9b3d-0594a66337d5,2026-01-22 20:25:21.000,pub_318
ecdc53d4-f023-45b0-89b3-f1a726398abc,3f1ed2cc-0767-4665-8370-36e46f39a07e,2026-01-22 20:36:09.000,pub_512
f51a0474-668a-4406-a591-35c4be2d968e,83f9bde8-6044-446e-b665-aee0bb0e656e,2026-01-22 20:42:03.000,pub_512
aae3515e-11aa-44eb-8b48-928fa9bce60c,83f9bde8-6044-446e-b665-aee0bb0e656e,2026-01-22 20:46:34.000,pub_445
18f7d2b9-f23b-43f9-857b-2317f0773e43,80b7708a-f34b-4cd7-9b3d-0594a66337d5,2026-01-22 20:52:29.000,pub_512
d557c121-f97d-492d-bd05-9cd0756bd528,fdede5e3-9dba-4ca5-a36e-82895c4618f8,2026-01-22 20:52:33.000,pub_445
745fb867-d438-4841-a08c-07f9867f21af,80b7708a-f34b-4cd7-9b3d-0594a66337d5,2026-01-22 20:53:14.000,pub_445
5c5961be-9705-4a69-99fc-f6ccb5d90338,8a176764-6f34-497d-ba92-8314ab2d7719,2026-01-22 21:02:26.000,pub_318
6118cf78-131b-4d19-b8f0-102b95cd6579,33c7942d-55ce-48ca-9169-a374b1f497df,2026-01-22 21:13:20.000,pub_204
ec7a0cec-7137-4481-8860-906c9c349867,80b7708a-f34b-4cd7-9b3d-0594a66337d5,2026-01-22 21:22:42.000,pub_204
7eb035a2-57a7-469b-b08b-4e65f49db528,3f1ed2cc-0767-4665-8370-36e46f39a07e,2026-01-22 21:25:33.000,pub_204
c07fdedc-b500-488e-a3b3-df30856363c6,83f9bde8-6044-446e-b665-aee0bb0e656e,2026-01-22 21:41:05.000,pub_204
9d6d7f98-1c48-44f8-8991-a3f3d1fadd5d,6ecad2b7-b646-4008-9939-e26a0ffdc290,2026-01-22 21:47:16.000,pub_101
bdca5d25-2015-4476-bccb-40c77e44e1af,33c7942d-55ce-48ca-9169-a374b1f497df,2026-01-22 21:56:36.000,pub_445
2f5e84ab-a956-4881-9de9-8b753cf3b7de,80b7708a-f34b-4cd7-9b3d-0594a66337d5,2026-01-22 22:05:58.000,pub_204
9699d160-fd5c-448d-88a3-0c995dc4759b,fdede5e3-9dba-4ca5-a36e-82895c4618f8,2026-01-22 22:09:47.000,pub_445
17580b3b-4226-4c4a-8a52-496e131aa709,8a176764-6f34-497d-ba92-8314ab2d7719,2026-01-22 22:15:59.000,pub_101
7899d194-718b-4e9c-b2f1-3352a91f848c,749c9934-39ec-4687-9dbd-78378124d954,2026-01-22 22:18:02.000,pub_101
94c1dddf-136a-426e-b708-982551050618,749c9934-39ec-4687-9dbd-78378124d954,2026-01-22 22:30:32.000,pub_318
1268e7d7-6fc9-489e-8136-ed4218baba8e,393fc1c9-d322-4b8a-952e-5ad320900791,2026-01-22 22:40:48.000,pub_318
8e89548f-30f3-4dbd-b7fe-2643a845cda2,80b7708a-f34b-4cd7-9b3d-0594a66337d5,2026-01-22 22:44:22.000,pub_204
eecfefb0-fffa-457f-ac67-ee02fe3ec581,8a176764-6f34-497d-ba92-8314ab2d7719,2026-01-22 22:49:25.000,pub_204
89c4bbab-dac8-43bd-bbef-4b65ad5a291e,fdede5e3-9dba-4ca5-a36e-82895c4618f8,2026-01-22 22:54:16.000,pub_101
23853cad-5cc9-4db7-ba0d-c439b166d794,fdede5e3-9dba-4ca5-a36e-82895c4618f8,2026-01-22 22:55:59.000,pub_204
8849865a-8dc0-4edb-a81f-13a385630e34,749c9934-39ec-4687-9dbd-78378124d954,2026-01-22 23:05:17.000,pub_445
5139625e-f0a0-49f5-aa5a-0f13d0e1bb00,749c9934-39ec-4687-9dbd-78378124d954,2026-01-22 23:18:38.000,pub_101
e00db567-1c4c-4907-a527-7a05b29ab1a7,749c9934-39ec-4687-9dbd-78378124d954,2026-01-22 23:30:04.000,pub_318
251659f9-8128-439f-a264-ddbd7140e89a,3f1ed2cc-0767-4665-8370-36e46f39a07e,2026-01-22 23:30:43.000,pub_318
ce565153-9485-46a3-96e9-c5d06fa20a8f,fdede5e3-9dba-4ca5-a36e-82895c4618f8,2026-01-22 23:31:58.000,pub_204
8302f970-48b5-48cc-85b1-5ecc3b84d805,749c9934-39ec-4687-9dbd-78378124d954,2026-01-23 00:05:17.000,pub_101
eb7632ba-fa86-42cd-b3f9-65db3dd6db59,749c9934-39ec-4687-9dbd-78378124d954,2026-01-23 00:06:46.000,pub_445
e149eb11-6e82-4d15-b40c-a7dd0c2b02e2,393fc1c9-d322-4b8a-952e-5ad320900791,2026-01-23 00:15:44.000,pub_445
a7dca116-ac06-44cd-9b7d-20f3f9588215,fdede5e3-9dba-4ca5-a36e-82895c4618f8,2026-01-23 00:18:00.000,pub_318
b5112631-bc45-4463-9904-74f3fdd5a5d7,33c7942d-55ce-48ca-9169-a374b1f497df,2026-01-23 00:19:26.000,pub_512
35e13289-53e5-4335-80a8-f647da86b0e7,6ecad2b7-b646-4008-9939-e26a0ffdc290,2026-01-23 00:36:21.000,pub_318
4323374f-b2d9-4077-b6e1-29515365346c,33c7942d-55ce-48ca-9169-a374b1f497df,2026-01-23 00:37:00.000,pub_512
5be577b9-2487-482d-b6f3-fc4eb9bedcd8,6ecad2b7-b646-4008-9939-e26a0ffdc290,2026-01-23 00:37:35.000,pub_101
c43b5705-e6fa-4a37-8d90-e6164e8420d1,8a176764-6f34-497d-ba92-8314ab2d7719,2026-01-23 00:38:37.000,pub_445
85128d59-e55d-4fab-b803-a3458da9261a,6ecad2b7-b646-4008-9939-e26a0ffdc290,2026-01-23 00:46:22.000,pub_318
16ebf0ce-5871-4dc4-a796-f5864b6a8864,393fc1c9-d322-4b8a-952e-5ad320900791,2026-01-23 00:46:59.000,pub_101
85431802-ecc5-4746-9400-69abc2f9316e,6ecad2b7-b646-4008-9939-e26a0ffdc290,2026-01-23 01:01:44.000,pub_101
fc193af3-0665-41e2-af4e-61d6d4052781,393fc1c9-d322-4b8a-952e-5ad320900791,2026-01-23 01:02:15.000,pub_512
659e246a-582d-4b50-9b2f-c48103165a8d,749c9934-39ec-4687-9dbd-78378124d954,2026-01-23 01:18:32.000,pub_101
564b07ea-43a6-426b-b564-43f88d808413,3f1ed2cc-0767-4665-8370-36e46f39a07e,2026-01-23 01:22:35.000,pub_204
398b1125-2755-4883-9f00-6629be5cc023,6ecad2b7-b646-4008-9939-e26a0ffdc290,2026-01-23 01:24:28.000,pub_512
71104d3f-f89e-40cf-bbb4-89294509de6f,6b5edc02-f930-4de2-a691-c965ad171ac9,2026-01-23 01:40:55.000,pub_512
ef1e85ad-9467-4bab-9b4e-861de7a894b7,6ecad2b7-b646-4008-9939-e26a0ffdc290,2026-01-23 01:41:16.000,pub_101
f1ef1722-c48b-4a4e-b04b-2f5bc4e3f85e,749c9934-39ec-4687-9dbd-78378124d954,2026-01-23 01:43:31.000,pub_512
75944a8e-f693-42f0-aef3-43230b16c0c9,80b7708a-f34b-4cd7-9b3d-0594a66337d5,2026-01-23 01:45:16.000,pub_101
880e59c0-8b28-4583-a67e-1096d0daabc5,749c9934-39ec-4687-9dbd-78378124d954,2026-01-23 01:45:31.000,pub_445
3ced7cdf-791a-442d-abbc-2b1999aa6249,fdede5e3-9dba-4ca5-a36e-82895c4618f8,2026-01-23 01:51:50.000,pub_318
7557c09d-b05b-411a-b9a5-445b39fb9bef,3f1ed2cc-0767-4665-8370-36e46f39a07e,2026-01-23 02:06:03.000,pub_445
89942f31-3c42-4260-8a6d-d044f808cfd7,3f1ed2cc-0767-4665-8370-36e46f39a07e,2026-01-23 02:06:40.000,pub_445
fe02361b-66d7-4214-8696-d14efdcdf7ac,33c7942d-55ce-48ca-9169-a374b1f497df,2026-01-23 02:07:23.000,pub_318
3750ff5a-5576-407a-82cb-d33a610862ab,80b7708a-f34b-4cd7-9b3d-0594a66337d5,2026-01-23 02:08:44.000,pub_512
a5e8ad31-5773-41a8-8770-46ab75e6f8bc,8a176764-6f34-497d-ba92-8314ab2d7719,2026-01-23 02:20:37.000,pub_512
ab7af143-2e96-4e7c-8947-588400103d3c,6b5edc02-f930-4de2-a691-c965ad171ac9,2026-01-23 02:23:54.000,pub_512
d559fc67-6272-445c-a586-a74871f5a4d5,749c9934-39ec-4687-9dbd-78378124d954,2026-01-23 02:30:03.000,pub_204
336d51bc-249e-4d3d-81ff-e3d5cde6ca13,fdede5e3-9dba-4ca5-a36e-82895c4618f8,2026-01-23 02:35:53.000,pub_445
b660ec12-da5c-487c-9208-e5edf103e0bf,83f9bde8-6044-446e-b665-aee0bb0e656e,2026-01-23 02:37:37.000,pub_512
b2b6855a-a314-402d-b948-bb36a4f627a0,8a176764-6f34-497d-ba92-8314ab2d7719,2026-01-23 03:01:38.000,pub_204
fe8e9e47-3827-46b5-9c06-fc8ffbf0673a,33c7942d-55ce-48ca-9169-a374b1f497df,2026-01-23 03:12:44.000,pub_318
6c14b6c6-a5c1-42e2-949a-fb800e932baa,749c9934-39ec-4687-9dbd-78378124d954,2026-01-23 03:34:42.000,pub_445
c942d843-7057-41bb-89d0-c5fb067ef557,33c7942d-55ce-48ca-9169-a374b1f497df,2026-01-23 03:38:08.000,pub_318
e499f076-ed90-4cb8-9e83-833e433c1d47,83f9bde8-6044-446e-b665-aee0bb0e656e,2026-01-23 03:47:12.000,pub_101
fdff9f1c-dc1f-404a-bd5a-9b622f132388,8a176764-6f34-497d-ba92-8314ab2d7719,2026-01-23 03:52:55.000,pub_101
7fd0441a-61b4-4aa4-8ceb-d2df70870875,3f1ed2cc-0767-4665-8370-36e46f39a07e,2026-01-23 03:54:41.000,pub_512
18f3f23d-57fb-4cda-b159-3c1710aebd8f,393fc1c9-d322-4b8a-952e-5ad320900791,2026-01-23 04:00:16.000,pub_318
8b0c457a-090d-4381-baa4-e3f404f6b2ba,80b7708a-f34b-4cd7-9b3d-0594a66337d5,2026-01-23 04:12:31.000,pub_512
9b10df50-2bbb-443c-b05d-95ca5fa27d3c,fdede5e3-9dba-4ca5-a36e-82895c4618f8,2026-01-23 04:23:22.000,pub_101
27394f53-38b9-4b0a-afea-db7bef7ee6be,33c7942d-55ce-48ca-9169-a374b1f497df,2026-01-23 04:32:22.000,pub_101
690326df-8717-431a-a31e-d2294a98f9c8,33c7942d-55ce-48ca-9169-a374b1f497df,2026-01-23 04:42:18.000,pub_318
0c51d397-6f2b-4e60-ab08-35d81f89fa2b,83f9bde8-6044-446e-b665-aee0bb0e656e,2026-01-23 04:42:44.000,pub_204
97a24e0b-78d7-4aa8-a173-b0f1a6d475bb,6b5edc02-f930-4de2-a691-c965ad171ac9,2026-01-23 04:56:54.000,pub_101
f8d90ed1-0eb6-4316-bc79-519d132b0a4d,33c7942d-55ce-48ca-9169-a374b1f497df,2026-01-23 05:03:50.000,pub_204
90b41d7f-6536-4682-8a39-d715e6c39b0e,3f1ed2cc-0767-4665-8370-36e46f39a07e,2026-01-23 05:06:33.000,pub_204
21589c13-e903-4e49-a034-ef69eebbd73b,749c9934-39ec-4687-9dbd-78378124d954,2026-01-23 05:26:46.000,pub_512
6031898f-c120-4913-b097-efa3f6862c78,fdede5e3-9dba-4ca5-a36e-82895c4618f8,2026-01-23 05:53:26.000,pub_445
0d8ad7c4-635d-4902-a95b-ab0a8fe59b3b,83f9bde8-6044-446e-b665-aee0bb0e656e,2026-01-23 06:02:24.000,pub_512
95a16404-03e5-4318-a057-3a09694db613,fdede5e3-9dba-4ca5-a36e-82895c4618f8,2026-01-23 06:07:55.000,pub_318
6fd3cdf0-0124-4230-bcc7-fc729e1e4605,749c9934-39ec-4687-9dbd-78378124d954,2026-01-23 06:08:32.000,pub_101
fb9fd99d-72fb-4ed1-aa1f-506e2fcbee91,80b7708a-f34b-4cd7-9b3d-0594a66337d5,2026-01-23 06:36:04.000,pub_204
28e947ba-af78-409c-814c-94e0941f4c64,749c9934-39ec-4687-9dbd-78378124d954,2026-01-23 06:46:17.000,pub_318
3f8502ec-a0d7-415a-881b-31fb8b183de0,fdede5e3-9dba-4ca5-a36e-82895c4618f8,2026-01-23 06:53:02.000,pub_445
53efaac1-a139-4854-a261-e86fdb608bf0,6ecad2b7-b646-4008-9939-e26a0ffdc290,2026-01-23 07:13:41.000,pub_204
87ffbfa9-9aea-4cb0-a596-7aebf393bac3,393fc1c9-d322-4b8a-952e-5ad320900791,2026-01-23 07:16:07.000,pub_512
da61da3a-6abb-4b6b-8c89-59e47c56fb11,6b5edc02-f930-4de2-a691-c965ad171ac9,2026-01-23 07:21:50.000,pub_512
8ba2a544-9cae-4209-8442-04c38e280959,393fc1c9-d322-4b8a-952e-5ad320900791,2026-01-23 07:39:09.000,pub_101
ec9a0a1b-6bcc-4395-86cb-92ef376b7b2e,3f1ed2cc-0767-4665-8370-36e46f39a07e,2026-01-23 08:03:06.000,pub_318
1f1902f1-b41b-4851-9be3-7cd202a9f599,8a176764-6f34-497d-ba92-8314ab2d7719,2026-01-23 08:07:43.000,pub_445
645f089e-4ba3-4916-ad2d-e3232834c442,8a176764-6f34-497d-ba92-8314ab2d7719,2026-01-23 08:10:37.000,pub_445
f5f0b31b-996f-4805-877c-d4f9b1a0dbbd,83f9bde8-6044-446e-b665-aee0bb0e656e,2026-01-23 08:11:45.000,pub_101
16481ce6-fdb7-4434-a459-3bd6ca29cb44,fdede5e3-9dba-4ca5-a36e-82895c4618f8,2026-01-23 08:12:37.000,pub_445
04c635f1-0355-48e5-9d1d-733fd2fdaf3c,393fc1c9-d322-4b8a-952e-5ad320900791,2026-01-23 08:13:01.000,pub_512
eee53d71-5f35-4977-9806-1dfd69f022b0,749c9934-39ec-4687-9dbd-78378124d954,2026-01-23 08:20:44.000,pub_101
e962f772-67c7-4f8b-8daf-826654f032ab,3f1ed2cc-0767-4665-8370-36e46f39a07e,2026-01-23 08:21:04.000,pub_318
cacf7575-54f3-43ac-b02d-9538b8acaac7,83f9bde8-6044-446e-b665-aee0bb0e656e,2026-01-23 08:38:28.000,pub_318
dd732f67-d25b-49c7-a782-bddee900fabd,6b5edc02-f930-4de2-a691-c965ad171ac9,2026-01-23 08:52:30.000,pub_318
95518e09-dc64-414a-b3ce-6857b64e5059,6ecad2b7-b646-4008-9939-e26a0ffdc290,2026-01-23 09:03:01.000,pub_101
48d45d88-a487-4c28-9a7c-e3aed5a411f5,83f9bde8-6044-446e-b665-aee0bb0e656e,2026-01-23 09:04:28.000,pub_445
08e963fe-cdf0-47ce-89c6-f8cb18e5266d,80b7708a-f34b-4cd7-9b3d-0594a66337d5,2026-01-23 09:13:49.000,pub_204
86103929-ba40-410a-8539-dd01f4644f2e,6b5edc02-f930-4de2-a691-c965ad171ac9,2026-01-23 09:16:42.000,pub_318
fa962aa0-1ed3-4f2c-91db-2d8267fddd4f,3f1ed2cc-0767-4665-8370-36e46f39a07e,2026-01-23 09:18:47.000,pub_445
895e36a1-0cb2-4f2b-8ca4-9031a5ddc96c,83f9bde8-6044-446e-b665-aee0bb0e656e,2026-01-23 09:24:46.000,pub_512
08078e94-e0d0-46fb-b0fc-122e404c8ec7,33c7942d-55ce-48ca-9169-a374b1f497df,2026-01-23 09:30:30.000,pub_204
8da72c26-63d3-4d76-a79f-7f6889d9d7eb,fdede5e3-9dba-4ca5-a36e-82895c4618f8,2026-01-23 09:37:32.000,pub_101
378de0d8-519d-4412-bb32-52dac1bfc737,8a176764-6f34-497d-ba92-8314ab2d7719,2026-01-23 09:53:46.000,pub_318
85154408-b8cb-4bec-a56e-2683b21bbab4,6ecad2b7-b646-4008-9939-e26a0ffdc290,2026-01-23 09:55:03.000,pub_204
2a0ad89a-3a7d-41ba-9a09-8efe206541af,33c7942d-55ce-48ca-9169-a374b1f497df,2026-01-23 09:58:08.000,pub_445
0d4f3bce-cd14-4cda-8a5f-484f89ca1e83,fdede5e3-9dba-4ca5-a36e-82895c4618f8,2026-01-23 10:09:25.000,pub_445
33f7a36a-d942-4488-a20d-95704215ae84,83f9bde8-6044-446e-b665-aee0bb0e656e,2026-01-23 10:14:29.000,pub_445
ced9c6c4-0ab0-482c-88ff-b05804eaa264,749c9934-39ec-4687-9dbd-78378124d954,2026-01-23 10:18:37.000,pub_204
1aadf6b5-e7ce-476e-a233-42ac2ae17453,fdede5e3-9dba-4ca5-a36e-82895c4618f8,2026-01-23 10:19:09.000,pub_101
510e52a4-76fb-41a9-88ee-75653208d36b,393fc1c9-d322-4b8a-952e-5ad320900791,2026-01-23 10:27:50.000,pub_101
b3844e0d-bd78-44db-ac50-b7e4b986f503,80b7708a-f34b-4cd7-9b3d-0594a66337d5,2026-01-23 10:35:36.000,pub_101
a9fab911-6773-43b5-b3f7-736a76f26025,33c7942d-55ce-48ca-9169-a374b1f497df,2026-01-23 10:44:28.000,pub_204
ccac6812-81c7-4c76-9d80-29d6e41c836a,fdede5e3-9dba-4ca5-a36e-82895c4618f8,2026-01-23 10:45:50.000,pub_204
251a2efd-a3bc-4732-b2b3-7a9fbfab2251,33c7942d-55ce-48ca-9169-a374b1f497df,2026-01-23 10:46:59.000,pub_512
020bc645-4690-494f-925b-dc0f1b82de79,80b7708a-f34b-4cd7-9b3d-0594a66337d5,2026-01-23 11:05:53.000,pub_512
ffefb5c1-792d-42c9-bf12-42add8db13ae,8a176764-6f34-497d-ba92-8314ab2d7719,2026-01-23 11:06:46.000,pub_101
2f220dc9-ebe4-4282-bb5e-095e488a17d3,8a176764-6f34-497d-ba92-8314ab2d7719,2026-01-23 11:17:40.000,pub_204
f41b7115-48bf-4604-8e63-8c42b1d6264c,3f1ed2cc-0767-4665-8370-36e46f39a07e,2026-01-23 11:26:25.000,pub_101
f2fb8064-e121-40c8-b060-eb279f232ca3,33c7942d-55ce-48ca-9169-a374b1f497df,2026-01-23 11:50:16.000,pub_318
ba7a26bb-e866-4cb2-b08c-703177a11be5,83f9bde8-6044-446e-b665-aee0bb0e656e,2026-01-23 12:01:10.000,pub_445
efbf1249-d56f-4510-a30a-7c59571c174a,749c9934-39ec-4687-9dbd-78378124d954,2026-01-23 12:02:44.000,pub_204
ee442519-b920-40a8-9892-d4341a3f0534,8a176764-6f34-497d-ba92-8314ab2d7719,2026-01-23 12:19:13.000,pub_204
5f88fe80-9c65-465b-afa5-f32ac4cedf42,749c9934-39ec-4687-9dbd-78378124d954,2026-01-23 12:20:33.000,pub_101
e6da7df8-4ef3-42c6-9082-a64b9eeec2a8,8a176764-6f34-497d-ba92-8314ab2d7719,2026-01-23 12:29:56.000,pub_318
008dd6f8-9142-46d2-8c7e-6d17a094212d,fdede5e3-9dba-4ca5-a36e-82895c4618f8,2026-01-23 12:33:24.000,pub_445
2133e910-51ba-467b-8fb9-bf70cfe570a6,33c7942d-55ce-48ca-9169-a374b1f497df,2026-01-23 12:47:06.000,pub_445
428cb16f-584c-48ce-b087-05163ba08c77,749c9934-39ec-4687-9dbd-78378124d954,2026-01-23 12:53:06.000,pub_445
40c11f4f-5a75-4f21-9f1c-fca79bbc4a22,83f9bde8-6044-446e-b665-aee0bb0e656e,2026-01-23 12:54:38.000,pub_204
a476a2a3-ddaa-4dfc-b978-0f95e17c2eae,6b5edc02-f930-4de2-a691-c965ad171ac9,2026-01-23 13:00:14.000,pub_204
b1774471-85c3-4603-a76b-c4834560e00b,8a176764-6f34-497d-ba92-8314ab2d7719,2026-01-23 13:06:51.000,pub_204
b97cf5d0-8860-41f9-9c20-3b3f37b0653d,33c7942d-55ce-48ca-9169-a374b1f497df,2026-01-23 13:11:23.000,pub_318
e496d756-b8c2-4cdc-9d99-0ea38ee39524,83f9bde8-6044-446e-b665-aee0bb0e656e,2026-01-23 13:14:23.000,pub_101
05d80484-b44d-46bd-857c-17436797f1fa,6ecad2b7-b646-4008-9939-e26a0ffdc290,2026-01-23 13:24:57.000,pub_512
98623405-dbe9-4ecd-85b7-81d62c8e3bce,6ecad2b7-b646-4008-9939-e26a0ffdc290,2026-01-23 13:27:23.000,pub_318
07e0b444-7e1b-44b5-aa9e-ca7a682d605a,393fc1c9-d322-4b8a-952e-5ad320900791,2026-01-23 13:29:18.000,pub_318
facffb04-2067-4516-9279-f31859a52b3b,83f9bde8-6044-446e-b665-aee0bb0e656e,2026-01-23 13:35:34.000,pub_101
e16ff440-263d-4ee6-9400-dcef2a435687,393fc1c9-d322-4b8a-952e-5ad320900791,2026-01-23 13:37:51.000,pub_101
9954f6f1-903a-477d-be74-21673dc1fd17,fdede5e3-9dba-4ca5-a36e-82895c4618f8,2026-01-23 13:40:27.000,pub_101
6acfe781-fde8-4f2e-a16b-81c0280ac345,33c7942d-55ce-48ca-9169-a374b1f497df,2026-01-23 13:41:24.000,pub_512
9f166423-d865-46e0-984f-4a5563f71aa2,749c9934-39ec-4687-9dbd-78378124d954,2026-01-23 13:41:37.000,pub_204
bf859f85-dfdb-4971-8e07-c9ec4854eaa4,80b7708a-f34b-4cd7-9b3d-0594a66337d5,2026-01-23 13:41:59.000,pub_445
e18f0603-f865-4452-85ad-ba23b26e08cc,749c9934-39ec-4687-9dbd-78378124d954,2026-01-23 13:45:01.000,pub_445
05f88631-29c4-4935-af7e-45443c32603c,749c9934-39ec-4687-9dbd-78378124d954,2026-01-23 13:52:06.000,pub_445
3db13000-572f-4007-a4bd-9872fe7c57ed,749c9934-39ec-4687-9dbd-78378124d954,2026-01-23 14:10:31.000,pub_512
829555a5-81eb-4d1b-896d-38c0f0f76078,33c7942d-55ce-48ca-9169-a374b1f497df,2026-01-23 14:13:34.000,pub_445
aa7aee46-1f3c-46a0-a74e-d3c4c772239f,fdede5e3-9dba-4ca5-a36e-82895c4618f8,2026-01-23 14:23:12.000,pub_445
368a3e0e-fbcd-4f8f-a1c4-238c352de516,80b7708a-f34b-4cd7-9b3d-0594a66337d5,2026-01-23 14:34:54.000,pub_445
1bf60011-49e4-4a00-a3c7-d5e708af80c7,33c7942d-55ce-48ca-9169-a374b1f497df,2026-01-23 14:35:50.000,pub_445
11462a5d-f226-4911-84e1-bc05b1784086,8a176764-6f34-497d-ba92-8314ab2d7719,2026-01-23 14:44:06.000,pub_512
616d9387-23c8-46f8-a2a8-ad287b4f3994,749c9934-39ec-4687-9dbd-78378124d954,2026-01-23 14:47:12.000,pub_445
980309b1-b2a9-47b7-9d2b-d63dc6800828,83f9bde8-6044-446e-b665-aee0bb0e656e,2026-01-23 14:50:28.000,pub_445
6148616d-ffa8-44d6-a803-491874f1cc33,8a176764-6f34-497d-ba92-8314ab2d7719,2026-01-23 14:56:02.000,pub_101
1a791713-a443-4260-ba6d-265c03263a7c,8a176764-6f34-497d-ba92-8314ab2d7719,2026-01-23 14:59:36.000,pub_318
cfcd4762-d584-4119-8ab8-f10677cf003b,749c9934-39ec-4687-9dbd-78378124d954,2026-01-23 15:01:03.000,pub_318
9254ef88-bb26-483c-a161-057b412de60e,80b7708a-f34b-4cd7-9b3d-0594a66337d5,2026-01-23 15:20:09.000,pub_445
dbf4f00d-2bf6-4d14-ac37-20386512d9a6,6b5edc02-f930-4de2-a691-c965ad171ac9,2026-01-23 15:44:33.000,pub_318
a6e0b351-c858-47c0-a1e5-6fc824a5c6d9,749c9934-39ec-4687-9dbd-78378124d954,2026-01-23 15:56:59.000,pub_101
6f66f790-1044-47cf-b119-aac7dcfb6fb1,80b7708a-f34b-4cd7-9b3d-0594a66337d5,2026-01-23 16:07:23.000,pub_101
73a10220-54bd-4cf3-9fe3-6183a6b867fe,33c7942d-55ce-48ca-9169-a374b1f497df,2026-01-23 16:08:43.000,pub_445
4e4da081-145c-4919-99c2-6407ca3de6b3,6b5edc02-f930-4de2-a691-c965ad171ac9,2026-01-23 16:26:18.000,pub_318
e260b65a-32c5-4450-b479-bd8fbe92474a,8a176764-6f34-497d-ba92-8314ab2d7719,2026-01-23 16:32:14.000,pub_101
9b4d3714-a4da-4eab-85d8-b07d1d5df2b4,6ecad2b7-b646-4008-9939-e26a0ffdc290,2026-01-23 16:32:56.000,pub_204
4529e41e-0d6b-4040-9de3-0ddcfdea968e,749c9934-39ec-4687-9dbd-78378124d954,2026-01-23 16:34:02.000,pub_512
3b735142-ae0d-4366-8c56-e0f58fd5b353,749c9934-39ec-4687-9dbd-78378124d954,2026-01-23 17:43:09.000,pub_318
27d51752-f4a7-4d9b-a204-ba3af8bbaed1,3f1ed2cc-0767-4665-8370-36e46f39a07e,2026-01-23 17:46:48.000,pub_512
253ba11b-3ddc-4f52-b93d-75f913047faf,749c9934-39ec-4687-9dbd-78378124d954,2026-01-23 17:56:05.000,pub_204
271d36e7-544b-4038-8b32-1a31a60783e9,749c9934-39ec-4687-9dbd-78378124d954,2026-01-23 18:02:06.000,pub_512
7bdb12a7-347a-489f-8807-498eae007c83,83f9bde8-6044-446e-b665-aee0bb0e656e,2026-01-23 18:07:11.000,pub_445
39fa29ec-f13d-449a-b0da-991244ae79e8,393fc1c9-d322-4b8a-952e-5ad320900791,2026-01-23 18:16:18.000,pub_445
5a35b0ab-66ee-409a-afca-282f3ea2c5b5,393fc1c9-d322-4b8a-952e-5ad320900791,2026-01-23 18:31:13.000,pub_101
83b05fdf-0e36-4800-b0ce-930f74280f62,6ecad2b7-b646-4008-9939-e26a0ffdc290,2026-01-23 18:33:10.000,pub_445
af24ea78-7fab-44c4-933c-3a5ad613f0ac,33c7942d-55ce-48ca-9169-a374b1f497df,2026-01-23 18:39:18.000,pub_512
22275e75-4e97-4981-9e25-440e4c08f494,83f9bde8-6044-446e-b665-aee0bb0e656e,2026-01-23 18:41:43.000,pub_512
8e436e9f-5890-4174-9230-ca9b4162ce8f,33c7942d-55ce-48ca-9169-a374b1f497df,2026-01-23 18:53:13.000,pub_445
0902e24a-2aa0-4758-bcf1-cc259a89dace,393fc1c9-d322-4b8a-952e-5ad320900791,2026-01-23 19:14:24.000,pub_512
bba5b817-9f93-4f0d-931b-f3cbdaf27911,6ecad2b7-b646-4008-9939-e26a0ffdc290,2026-01-23 19:22:17.000,pub_101
c6a2fa73-759a-4b2c-9425-8960d8a2b2a6,fdede5e3-9dba-4ca5-a36e-82895c4618f8,2026-01-23 19:27:55.000,pub_101
2298e18c-66cd-444e-9c81-16d0204706ea,fdede5e3-9dba-4ca5-a36e-82895c4618f8,2026-01-23 19:36:06.000,pub_318
e6faeae4-0a90-46cd-a5d1-7c9136b1d4c7,33c7942d-55ce-48ca-9169-a374b1f497df,2026-01-23 19:43:26.000,pub_204
dd1b71a2-4be1-4a3f-8d53-10feca37e153,83f9bde8-6044-446e-b665-aee0bb0e656e,2026-01-23 19:45:38.000,pub_204
fd6144b7-5801-4aaa-b908-3279d1a07c6a,33c7942d-55ce-48ca-9169-a374b1f497df,2026-01-23 19:48:16.000,pub_445
cfc043a1-e448-4105-a3c6-3837c4a86184,fdede5e3-9dba-4ca5-a36e-82895c4618f8,2026-01-23 19:56:49.000,pub_101
2e5e6472-d9ad-4f28-b02e-2afc77e97146,393fc1c9-d322-4b8a-952e-5ad320900791,2026-01-23 19:57:26.000,pub_204
31cfa37d-5c44-4d0c-8f06-f0db6b442880,6ecad2b7-b646-4008-9939-e26a0ffdc290,2026-01-23 20:09:52.000,pub_101
088e9a61-a5ec-4c87-8f31-3760eaa8d745,393fc1c9-d322-4b8a-952e-5ad320900791,2026-01-23 20:10:29.000,pub_101
ae52e201-862d-4469-8a45-c8e0b07ef30b,fdede5e3-9dba-4ca5-a36e-82895c4618f8,2026-01-23 20:12:53.000,pub_101
284f8c65-7fd6-409f-a414-8a2bc58e1c4e,393fc1c9-d322-4b8a-952e-5ad320900791,2026-01-23 20:21:00.000,pub_512
91e49bb7-661b-43e4-9d99-7a39ff32ed30,6ecad2b7-b646-4008-9939-e26a0ffdc290,2026-01-23 20:25:15.000,pub_445
fc106736-cdfb-433a-a931-5903bf695f5d,393fc1c9-d322-4b8a-952e-5ad320900791,2026-01-23 20:26:48.000,pub_101
c84a81be-547e-41e5-bf10-930df45dccef,6ecad2b7-b646-4008-9939-e26a0ffdc290,2026-01-23 20:30:26.000,pub_318
ce302f3c-d19d-477d-9b4f-ecd7ae2f3283,33c7942d-55ce-48ca-9169-a374b1f497df,2026-01-23 20:32:28.000,pub_204
0bf40837-471d-4682-9c14-1132a58fd57b,83f9bde8-6044-446e-b665-aee0bb0e656e,2026-01-23 20:33:16.000,pub_512
62561958-6651-4692-b7db-9b42e7b11889,3f1ed2cc-0767-4665-8370-36e46f39a07e,2026-01-23 20:43:47.000,pub_318
624e33af-06a8-4410-88ba-f46e315884cd,fdede5e3-9dba-4ca5-a36e-82895c4618f8,2026-01-23 20:44:36.000,pub_512
c1ff0a3c-ca26-4272-aa85-9d815a1f2820,393fc1c9-d322-4b8a-952e-5ad320900791,2026-01-23 20:59:50.000,pub_204
0ec7598b-5c18-45ed-a09a-6bc4dadd7ae6,3f1ed2cc-0767-4665-8370-36e46f39a07e,2026-01-23 21:13:16.000,pub_445
30c1106e-03e6-48e7-8d5e-d30fd09d7602,8a176764-6f34-497d-ba92-8314ab2d7719,2026-01-23 21:19:29.000,pub_101
196b93d5-adf9-474b-a9aa-e8813bc9405c,fdede5e3-9dba-4ca5-a36e-82895c4618f8,2026-01-23 21:44:04.000,pub_204
9f5f805f-82af-498f-ab45-698e98e16822,83f9bde8-6044-446e-b665-aee0bb0e656e,2026-01-23 21:46:29.000,pub_101
2f4b471b-5b28-420e-ae39-4dbf4cc4cd28,393fc1c9-d322-4b8a-952e-5ad320900791,2026-01-23 21:55:28.000,pub_512
68f40838-85e4-45e1-8aa9-03c7ad79c86c,6ecad2b7-b646-4008-9939-e26a0ffdc290,2026-01-23 22:06:59.000,pub_204
245843d7-5d13-45a9-89c2-eabc34cd4038,fdede5e3-9dba-4ca5-a36e-82895c4618f8,2026-01-23 22:10:32.000,pub_204
86dcfbce-7ebf-47c2-8266-a5ba9484e54c,8a176764-6f34-497d-ba92-8314ab2d7719,2026-01-23 22:10:33.000,pub_204
e55c1e60-d9bf-46f3-b4be-e6bcbe34dd80,6b5edc02-f930-4de2-a691-c965ad171ac9,2026-01-23 22:16:34.000,pub_445
63f3f665-d423-4e9b-96f5-fa9eb46bc063,749c9934-39ec-4687-9dbd-78378124d954,2026-01-23 22:23:25.000,pub_101
87e27f3c-4985-4a3f-8a24-a85f940fc24c,80b7708a-f34b-4cd7-9b3d-0594a66337d5,2026-01-23 22:52:01.000,pub_445
82b5382e-faff-4b96-8846-353001b52e48,3f1ed2cc-0767-4665-8370-36e46f39a07e,2026-01-23 22:59:23.000,pub_204
a6b71ab2-0ba5-4244-829a-dfecc61c8209,6b5edc02-f930-4de2-a691-c965ad171ac9,2026-01-23 23:03:12.000,pub_445
2e04c12c-788f-4e20-987b-4e1b5dd9e52a,3f1ed2cc-0767-4665-8370-36e46f39a07e,2026-01-23 23:14:26.000,pub_318
1939780c-f63a-43d3-83a4-2bca2e94da43,80b7708a-f34b-4cd7-9b3d-0594a66337d5,2026-01-23 23:28:43.000,pub_101
23ef9b1e-8d94-47e8-9442-9be8361c1697,3f1ed2cc-0767-4665-8370-36e46f39a07e,2026-01-23 23:39:16.000,pub_445
6628cdc1-37c3-490b-840c-7ab8163e1289,3f1ed2cc-0767-4665-8370-36e46f39a07e,2026-01-23 23:41:39.000,pub_101
9cd28c18-da1d-4eea-854b-53bd59e01169,749c9934-39ec-4687-9dbd-78378124d954,2026-01-23 23:43:21.000,pub_318
70df5846-ddde-4734-8e9e-38d9cc28e356,3f1ed2cc-0767-4665-8370-36e46f39a07e,2026-01-23 23:56:19.000,pub_512
7b61db35-952d-466b-a421-6a3c49785b9c,749c9934-39ec-4687-9dbd-78378124d954,2026-01-23 23:57:06.000,pub_512
502bee8b-3817-4453-9263-399439ed361c,393fc1c9-d322-4b8a-952e-5ad320900791,2026-01-23 23:57:18.000,pub_204
f8ef32d9-edc8-4356-b868-6aad8a34dc6b,749c9934-39ec-4687-9dbd-78378124d954,2026-01-24 00:03:07.000,pub_512
57f90e88-db1e-4348-a76c-7ba3f82b4d54,8a176764-6f34-497d-ba92-8314ab2d7719,2026-01-24 00:04:18.000,pub_204
45202127-0c7b-4631-bc6c-2b02951ec79b,83f9bde8-6044-446e-b665-aee0bb0e656e,2026-01-24 00:05:56.000,pub_101
b1ae5c43-4813-4d67-a81e-7907090136e8,6b5edc02-f930-4de2-a691-c965ad171ac9,2026-01-24 00:07:30.000,pub_101
d79f842c-0016-4e98-a066-60f22966764d,393fc1c9-d322-4b8a-952e-5ad320900791,2026-01-24 00:14:08.000,pub_204
b86e8638-5f71-491c-8fc7-801b6b5958f3,33c7942d-55ce-48ca-9169-a374b1f497df,2026-01-24 00:28:52.000,pub_204
7d1d7452-9754-48d0-a15c-6243a55536a9,6ecad2b7-b646-4008-9939-e26a0ffdc290,2026-01-24 00:55:42.000,pub_512
e67124a3-e1ba-44c4-95c5-3635e85dc5af,3f1ed2cc-0767-4665-8370-36e46f39a07e,2026-01-24 00:56:15.000,pub_318
577dfda6-b4aa-4955-81df-9f40a03ba212,33c7942d-55ce-48ca-9169-a374b1f497df,2026-01-24 00:57:51.000,pub_512
b8882f5e-cfec-4fa9-bcd5-f00ef83f9282,749c9934-39ec-4687-9dbd-78378124d954,2026-01-24 00:58:43.000,pub_445
352b2704-fbf3-4efb-b780-dd0a429bff55,83f9bde8-6044-446e-b665-aee0bb0e656e,2026-01-24 01:05:01.000,pub_318
ee5e49a9-8b0c-4bcc-8167-357d021a16d8,6b5edc02-f930-4de2-a691-c965ad171ac9,2026-01-24 01:09:21.000,pub_101
aa4ded34-b2c0-46e7-adae-eda7935b9f51,6b5edc02-f930-4de2-a691-c965ad171ac9,2026-01-24 01:34:26.000,pub_512
647883b7-000c-4101-9c60-0bf80b8d1b6a,393fc1c9-d322-4b8a-952e-5ad320900791,2026-01-24 01:40:09.000,pub_318
527bde1a-d664-4e52-8524-ee78c623fd96,749c9934-39ec-4687-9dbd-78378124d954,2026-01-24 01:40:24.000,pub_318
a3c677fd-3b38-4d5c-b363-705452a28e32,83f9bde8-6044-446e-b665-aee0bb0e656e,2026-01-24 01:43:40.000,pub_445
a89f39a7-5d2d-4505-bc61-aec86281df1a,80b7708a-f34b-4cd7-9b3d-0594a66337d5,2026-01-24 01:59:34.000,pub_318
7970468e-1ca6-4873-b2c3-5c71eb7b8d81,3f1ed2cc-0767-4665-8370-36e46f39a07e,2026-01-24 02:08:52.000,pub_512
a3bc89d4-3277-46dc-897c-65da5e35a59f,6b5edc02-f930-4de2-a691-c965ad171ac9,2026-01-24 02:15:35.000,pub_445
d8b47a2f-6775-4e2b-ae64-695ac0e851a4,8a176764-6f34-497d-ba92-8314ab2d7719,2026-01-24 02:28:35.000,pub_512
2b845d48-63b3-46ee-b3c4-35404e81e815,80b7708a-f34b-4cd7-9b3d-0594a66337d5,2026-01-24 02:35:41.000,pub_204
453d8bd9-79fd-4263-a5df-c3d091d60145,6b5edc02-f930-4de2-a691-c965ad171ac9,2026-01-24 02:37:53.000,pub_204
e4554257-45b0-4e77-a670-ad5c9d371952,6b5edc02-f930-4de2-a691-c965ad171ac9,2026-01-24 02:45:53.000,pub_445
022b2921-1936-4677-828a-b9714955e93d,80b7708a-f34b-4cd7-9b3d-0594a66337d5,2026-01-24 02:51:01.000,pub_318
aa5bcc4e-86e2-417f-a90b-29d2815bfdc8,393fc1c9-d322-4b8a-952e-5ad320900791,2026-01-24 02:51:37.000,pub_512
c94c608a-651f-4544-84ba-9ac1bee7ec5b,8a176764-6f34-497d-ba92-8314ab2d7719,2026-01-24 03:03:40.000,pub_318
e28f944e-389c-4975-9e43-51254f909486,393fc1c9-d322-4b8a-952e-5ad320900791,2026-01-24 03:10:06.000,pub_204
076d7678-c748-4dbb-ab22-646304cc1279,3f1ed2cc-0767-4665-8370-36e46f39a07e,2026-01-24 03:11:47.000,pub_101
a6f97e20-cd08-4457-be32-95e04ef3df07,80b7708a-f34b-4cd7-9b3d-0594a66337d5,2026-01-24 03:12:58.000,pub_445
593cabcf-a25a-496c-882d-e3a03e652c3d,6ecad2b7-b646-4008-9939-e26a0ffdc290,2026-01-24 03:13:38.000,pub_318
97ac32a2-ddc4-4356-9507-e79b69e57072,fdede5e3-9dba-4ca5-a36e-82895c4618f8,2026-01-24 03:16:54.000,pub_204
d272a20f-9055-4bfe-93a7-99fa67519c41,80b7708a-f34b-4cd7-9b3d-0594a66337d5,2026-01-24 03:35:03.000,pub_512
89c74550-a765-46a5-b63c-391ff96e53ee,83f9bde8-6044-446e-b665-aee0bb0e656e,2026-01-24 03:51:48.000,pub_318
ca7ce77c-e35f-41b3-b118-79d853d6d714,83f9bde8-6044-446e-b665-aee0bb0e656e,2026-01-24 03:52:16.000,pub_101
0b23548e-9174-4615-b7bd-5de7770c9efa,3f1ed2cc-0767-4665-8370-36e46f39a07e,2026-01-24 04:04:27.000,pub_445
c78b2869-e703-4a79-984b-36f77c9c327f,8a176764-6f34-497d-ba92-8314ab2d7719,2026-01-24 04:13:48.000,pub_318
9d90c546-06c0-4e1d-9efb-0729aa3207fa,6ecad2b7-b646-4008-9939-e26a0ffdc290,2026-01-24 04:16:27.000,pub_318
adaf96f0-5619-4f28-ba47-6842c77d9b6e,80b7708a-f34b-4cd7-9b3d-0594a66337d5,2026-01-24 04:26:08.000,pub_318
35e3e0bb-08ea-4bf4-bc59-38c1b4473a6a,6ecad2b7-b646-4008-9939-e26a0ffdc290,2026-01-24 04:33:40.000,pub_101
d87dab0c-b01e-4258-8121-c2603aabfb08,83f9bde8-6044-446e-b665-aee0bb0e656e,2026-01-24 04:53:51.000,pub_101
1d6709c7-c67c-4d10-b9d1-a46f04bc2e0a,8a176764-6f34-497d-ba92-8314ab2d7719,2026-01-24 05:04:22.000,pub_445
68ab1e49-5924-4a94-84ac-3c6cda304977,80b7708a-f34b-4cd7-9b3d-0594a66337d5,2026-01-24 05:12:10.000,pub_101
b43bccc7-69a4-4873-ac6e-c8d7cd5a1a41,6b5edc02-f930-4de2-a691-c965ad171ac9,2026-01-24 05:15:31.000,pub_101
da916ef8-1bd0-4095-8dd2-17e5fdc4971a,3f1ed2cc-0767-4665-8370-36e46f39a07e,2026-01-24 05:25:20.000,pub_512
54972e13-141f-40ff-aa82-7b400e0a8e43,fdede5e3-9dba-4ca5-a36e-82895c4618f8,2026-01-24 05:29:07.000,pub_512
20955c12-7adf-4f9e-a2d4-b285f2a56bb1,6b5edc02-f930-4de2-a691-c965ad171ac9,2026-01-24 05:42:52.000,pub_318
7c816a16-d70c-4fe9-956b-279fd09129ac,8a176764-6f34-497d-ba92-8314ab2d7719,2026-01-24 05:45:57.000,pub_204
f076a20d-580e-46e5-8458-875df7c59dea,8a176764-6f34-497d-ba92-8314ab2d7719,2026-01-24 05:51:34.000,pub_445
f05480b8-4d67-4a5e-88e0-80e104ebabe4,8a176764-6f34-497d-ba92-8314ab2d7719,2026-01-24 05:51:55.000,pub_101
4cb60eb3-e589-47e1-b402-24ea4f3b7c1d,fdede5e3-9dba-4ca5-a36e-82895c4618f8,2026-01-24 05:58:59.000,pub_204
85b228b7-d934-4fc2-b81d-1a77c7066af8,fdede5e3-9dba-4ca5-a36e-82895c4618f8,2026-01-24 06:03:12.000,pub_101
28173dfc-1077-484e-a47a-dd59707a8bc6,6b5edc02-f930-4de2-a691-c965ad171ac9,2026-01-24 06:05:12.000,pub_318
e08cc743-bc33-48b2-bb4d-789320b504db,33c7942d-55ce-48ca-9169-a374b1f497df,2026-01-24 06:10:04.000,pub_204
53779430-fcfc-4484-9f8d-e0ef0f444df2,749c9934-39ec-4687-9dbd-78378124d954,2026-01-24 06:12:05.000,pub_445
f944ff88-0949-4179-a21e-ba7a04cf74e5,33c7942d-55ce-48ca-9169-a374b1f497df,2026-01-24 06:16:29.000,pub_204
29250f0e-462b-4bfe-80a6-8db7addffa3b,80b7708a-f34b-4cd7-9b3d-0594a66337d5,2026-01-24 06:18:10.000,pub_101
d90c6382-3220-4c3d-92c4-07c9da2d6cca,80b7708a-f34b-4cd7-9b3d-0594a66337d5,2026-01-24 06:23:21.000,pub_101
ba5f518d-411e-4b2e-9c49-b8a767fe4f01,6ecad2b7-b646-4008-9939-e26a0ffdc290,2026-01-24 06:30:05.000,pub_512
107deb50-0a45-4a7f-9f9d-ce736149363e,3f1ed2cc-0767-4665-8370-36e46f39a07e,2026-01-24 06:39:21.000,pub_318
5ddc02c4-4dd7-4026-a615-9315838248f5,749c9934-39ec-4687-9dbd-78378124d954,2026-01-24 06:52:15.000,pub_512
4e50343b-390c-4db7-ae7e-3623adf1ff9f,749c9934-39ec-4687-9dbd-78378124d954,2026-01-24 06:52:22.000,pub_512
9f0ce78e-e234-4441-9c27-2cadc00960c9,6b5edc02-f930-4de2-a691-c965ad171ac9,2026-01-24 07:04:57.000,pub_101
255b7a58-b5be-4917-bf39-30850315aeb4,749c9934-39ec-4687-9dbd-78378124d954,2026-01-24 07:11:12.000,pub_445
162c9a65-7cea-49c1-89f0-90a50bb07783,393fc1c9-d322-4b8a-952e-5ad320900791,2026-01-24 07:12:05.000,pub_445
85ec34a9-cbca-464c-8331-b728608dc234,80b7708a-f34b-4cd7-9b3d-0594a66337d5,2026-01-24 07:27:55.000,pub_318
de9c8724-9144-4964-99ca-f1d688bb6ec9,83f9bde8-6044-446e-b665-aee0bb0e656e,2026-01-24 07:40:17.000,pub_512
0da3429f-d384-41b0-975b-628208479b3c,393fc1c9-d322-4b8a-952e-5ad320900791,2026-01-24 07:44:01.000,pub_512
4e9846df-ced0-49ff-af9e-177393bc7049,393fc1c9-d322-4b8a-952e-5ad320900791,2026-01-24 07:55:43.000,pub_318
9c0530ee-b37a-4b5f-88fb-ebf93c1a126f,80b7708a-f34b-4cd7-9b3d-0594a66337d5,2026-01-24 08:00:00.000,pub_101
1654bdd8-1733-4f6e-bd24-f01e38575f31,6b5edc02-f930-4de2-a691-c965ad171ac9,2026-01-24 08:00:50.000,pub_318
f916878f-0de4-4cde-b079-aa73605cb01c,6b5edc02-f930-4de2-a691-c965ad171ac9,2026-01-24 08:06:35.000,pub_318
2426c4da-bf5c-4029-a147-010492b7ba44,3f1ed2cc-0767-4665-8370-36e46f39a07e,2026-01-24 08:13:27.000,pub_101
435648ad-45e1-415a-8720-148c5f77c730,6ecad2b7-b646-4008-9939-e26a0ffdc290,2026-01-24 08:19:35.000,pub_204
1a5af0e8-a2b4-444c-90ba-014762478de7,33c7942d-55ce-48ca-9169-a374b1f497df,2026-01-24 08:36:16.000,pub_101
6c006485-abb3-4980-9658-c213b6ab9b98,33c7942d-55ce-48ca-9169-a374b1f497df,2026-01-24 08:40:23.000,pub_318
abdb2d6c-3096-4ebb-b489-ef6d65b6966e,80b7708a-f34b-4cd7-9b3d-0594a66337d5,2026-01-24 08:44:30.000,pub_445
8aa1ac14-2c5c-476e-9b0e-54286eaaacb4,8a176764-6f34-497d-ba92-8314ab2d7719,2026-01-24 08:49:23.000,pub_204
b4c592b1-aeca-47a9-9e96-ba687c935640,80b7708a-f34b-4cd7-9b3d-0594a66337d5,2026-01-24 08:52:15.000,pub_512
7d7675de-0abe-4d86-8083-b543c722f865,33c7942d-55ce-48ca-9169-a374b1f497df,2026-01-24 09:04:31.000,pub_204
64a93b87-0958-4872-96b2-3030933036cb,6b5edc02-f930-4de2-a691-c965ad171ac9,2026-01-24 09:06:03.000,pub_445
74cf9554-88ff-48f9-8789-de4b2b225395,80b7708a-f34b-4cd7-9b3d-0594a66337d5,2026-01-24 09:08:02.000,pub_445
837b9f65-e8f4-4aea-b155-214d39bf85d8,8a176764-6f34-497d-ba92-8314ab2d7719,2026-01-24 09:11:03.000,pub_204
091c20c5-e794-4a1d-823d-efe1d304573d,6b5edc02-f930-4de2-a691-c965ad171ac9,2026-01-24 09:29:19.000,pub_318
858cf93e-4d1b-4ced-a449-6e0aee23d57d,fdede5e3-9dba-4ca5-a36e-82895c4618f8,2026-01-24 09:46:01.000,pub_512
560c3240-75d1-483b-9255-0fe69053ee4f,83f9bde8-6044-446e-b665-aee0bb0e656e,2026-01-24 09:46:21.000,pub_101
a2923b6b-5c8b-49cb-a9c2-f01a9c71877b,fdede5e3-9dba-4ca5-a36e-82895c4618f8,2026-01-24 09:51:05.000,pub_204
4735e38d-4611-442c-b44a-ae6f0dd66c5b,6ecad2b7-b646-4008-9939-e26a0ffdc290,2026-01-24 10:00:25.000,pub_445
75a0d87b-4a04-49f4-9e17-8fb11a152b46,83f9bde8-6044-446e-b665-aee0bb0e656e,2026-01-24 10:06:56.000,pub_204
1c48ff2a-8325-4006-ac0a-88850790ed83,6b5edc02-f930-4de2-a691-c965ad171ac9,2026-01-24 10:15:33.000,pub_204
f0bb2dfa-f467-4e5b-9826-201d0616ade4,749c9934-39ec-4687-9dbd-78378124d954,2026-01-24 10:23:37.000,pub_204
a8220529-70d7-44c6-8891-ed962f2e54e5,83f9bde8-6044-446e-b665-aee0bb0e656e,2026-01-24 10:38:58.000,pub_318
5e35dd35-2791-411f-8ba5-47c25cfccdf3,3f1ed2cc-0767-4665-8370-36e46f39a07e,2026-01-24 10:39:23.000,pub_512
4fc6f046-6e21-400c-b799-5fd197d1232a,83f9bde8-6044-446e-b665-aee0bb0e656e,2026-01-24 10:45:59.000,pub_512
dfa934da-4703-4063-b1f3-715f500d444f,6ecad2b7-b646-4008-9939-e26a0ffdc290,2026-01-24 10:49:42.000,pub_445
3e973bc8-27d5-4e1e-b7fe-1925c21a104b,33c7942d-55ce-48ca-9169-a374b1f497df,2026-01-24 10:52:51.000,pub_318
dad2b5d0-01e6-4bf9-9d6d-4f386d3d7dd6,3f1ed2cc-0767-4665-8370-36e46f39a07e,2026-01-24 10:58:25.000,pub_445
065fd476-b618-4a2a-9541-a5f9bf0d8f6c,3f1ed2cc-0767-4665-8370-36e46f39a07e,2026-01-24 11:02:53.000,pub_318
7622f5eb-3544-4b1b-a14a-7b5ecd831690,33c7942d-55ce-48ca-9169-a374b1f497df,2026-01-24 11:08:34.000,pub_318
c17a4326-e978-41a8-9f83-7f5860154c58,83f9bde8-6044-446e-b665-aee0bb0e656e,2026-01-24 11:18:55.000,pub_445
9553e727-e172-4939-bd62-3a4bb4d60b8e,6ecad2b7-b646-4008-9939-e26a0ffdc290,2026-01-24 11:35:47.000,pub_445
7468c563-9013-48e6-a687-90da5e338c1f,3f1ed2cc-0767-4665-8370-36e46f39a07e,2026-01-24 11:40:33.000,pub_101
d8c4bc03-da49-4442-b474-a83f86a3ba2e,8a176764-6f34-497d-ba92-8314ab2d7719,2026-01-24 11:43:12.000,pub_318
c3541086-aaf5-424b-b9ba-178160598aa0,6ecad2b7-b646-4008-9939-e26a0ffdc290,2026-01-24 11:53:56.000,pub_445
b0ab930b-f2e1-4cbc-b7bc-f7ff193d7192,80b7708a-f34b-4cd7-9b3d-0594a66337d5,2026-01-24 12:07:26.000,pub_445
c6e83eb2-3dd6-4af0-81cb-cdc9383729a0,6b5edc02-f930-4de2-a691-c965ad171ac9,2026-01-24 12:11:02.000,pub_318
0243e99a-74ce-4258-8d37-03db7c47a7d7,393fc1c9-d322-4b8a-952e-5ad320900791,2026-01-24 12:11:52.000,pub_445
01c559ea-7011-43fc-8ead-5039a6743cf2,6ecad2b7-b646-4008-9939-e26a0ffdc290,2026-01-24 12:47:29.000,pub_445
7e0236d0-89d0-426b-9020-d08597f5b6aa,749c9934-39ec-4687-9dbd-78378124d954,2026-01-24 12:56:53.000,pub_445
8fdf1834-0973-4269-b73f-eac36bdf4592,393fc1c9-d322-4b8a-952e-5ad320900791,2026-01-24 13:00:49.000,pub_512
fa678cb4-1043-44ff-aca4-8f6d271e0db9,83f9bde8-6044-446e-b665-aee0bb0e656e,2026-01-24 13:17:54.000,pub_445
f9ca49f2-5bf4-4c99-93fa-7fad4756da56,393fc1c9-d322-4b8a-952e-5ad320900791,2026-01-24 13:25:04.000,pub_445
34beb263-4090-400a-a909-fe49609c4588,fdede5e3-9dba-4ca5-a36e-82895c4618f8,2026-01-24 13:29:50.000,pub_204
4689f07c-0818-4531-8e87-7525ba769a2d,33c7942d-55ce-48ca-9169-a374b1f497df,2026-01-24 13:34:45.000,pub_318
795f6262-5c86-479b-a007-9844d15c6fec,33c7942d-55ce-48ca-9169-a374b1f497df,2026-01-24 13:39:17.000,pub_204
63d9af59-062f-4e74-847a-f6659a450830,80b7708a-f34b-4cd7-9b3d-0594a66337d5,2026-01-24 13:48:50.000,pub_101
a7e9b35f-af49-481e-b2b4-61925b2c38b5,33c7942d-55ce-48ca-9169-a374b1f497df,2026-01-24 14:08:39.000,pub_101
626cc8c5-69fc-40c5-8f6b-8a8eaa2aa240,33c7942d-55ce-48ca-9169-a374b1f497df,2026-01-24 14:08:42.000,pub_445
65388ba6-773d-44f9-b5eb-e8191f078ee8,33c7942d-55ce-48ca-9169-a374b1f497df,2026-01-24 14:08:54.000,pub_101
4f213379-00be-4d21-bc3f-d6c5f78537a2,fdede5e3-9dba-4ca5-a36e-82895c4618f8,2026-01-24 14:13:11.000,pub_101
5176c0e3-5103-4ae8-a722-9c4793418f06,8a176764-6f34-497d-ba92-8314ab2d7719,2026-01-24 14:29:43.000,pub_512
598a7201-723b-48f2-a674-9913df3e3b8b,8a176764-6f34-497d-ba92-8314ab2d7719,2026-01-24 14:31:09.000,pub_204
e476319c-b361-45b1-ab9c-e2affc54b9e1,fdede5e3-9dba-4ca5-a36e-82895c4618f8,2026-01-24 14:50:01.000,pub_101
5dedf9f8-8c7c-4b84-acaf-afe34c0c73be,3f1ed2cc-0767-4665-8370-36e46f39a07e,2026-01-24 14:57:55.000,pub_101
4bff8e0f-e1ec-4dd8-b0ed-0ede907229c5,3f1ed2cc-0767-4665-8370-36e46f39a07e,2026-01-24 14:58:05.000,pub_512
540f2f57-fec0-4c80-ae5d-3467fd1273a4,33c7942d-55ce-48ca-9169-a374b1f497df,2026-01-24 14:58:18.000,pub_445
18fff4e4-3c8a-4e64-b57a-55b07390fe88,6ecad2b7-b646-4008-9939-e26a0ffdc290,2026-01-24 15:01:44.000,pub_318
755bb2ec-89c3-4bad-9d24-e10450ef2c90,3f1ed2cc-0767-4665-8370-36e46f39a07e,2026-01-24 15:04:22.000,pub_318
8cd50987-9710-43a1-ab6d-52fd4748909e,749c9934-39ec-4687-9dbd-78378124d954,2026-01-24 15:14:05.000,pub_445
eda07f67-7ea0-4b69-92eb-fbbfbc5c93a4,393fc1c9-d322-4b8a-952e-5ad320900791,2026-01-24 15:21:29.000,pub_101
fe94ce84-d574-4ba8-a358-90e412682a68,3f1ed2cc-0767-4665-8370-36e46f39a07e,2026-01-24 15:37:04.000,pub_318
016b818a-b526-4930-93e6-212e7d6a2d29,83f9bde8-6044-446e-b665-aee0bb0e656e,2026-01-24 15:37:17.000,pub_204
0b81beed-f2fb-4e8d-abb9-96ac90bbc1ba,749c9934-39ec-4687-9dbd-78378124d954,2026-01-24 15:48:35.000,pub_512
6c4acbfd-6387-4630-a762-cbbbc8c4a704,fdede5e3-9dba-4ca5-a36e-82895c4618f8,2026-01-24 15:52:34.000,pub_101
40361591-a437-4d92-b9f7-153b37d590f1,393fc1c9-d322-4b8a-952e-5ad320900791,2026-01-24 15:58:28.000,pub_445
c6808a1e-bbe8-44b1-9bc7-4f59955085fb,83f9bde8-6044-446e-b665-aee0bb0e656e,2026-01-24 16:18:49.000,pub_445
587c5516-5162-45be-affa-0244ac6cfc7d,3f1ed2cc-0767-4665-8370-36e46f39a07e,2026-01-24 16:26:47.000,pub_204
716e15d7-f46b-4d94-859d-a0d30d25d267,393fc1c9-d322-4b8a-952e-5ad320900791,2026-01-24 16:55:09.000,pub_204
81cccfd9-a6ec-490a-a925-afd11e1795be,749c9934-39ec-4687-9dbd-78378124d954,2026-01-24 16:55:17.000,pub_512
df2ceacf-c078-4391-bb44-36e035f18c8f,33c7942d-55ce-48ca-9169-a374b1f497df,2026-01-24 17:17:05.000,pub_445
006534ac-6312-4703-851b-5516f6bd2f8a,83f9bde8-6044-446e-b665-aee0bb0e656e,2026-01-24 17:17:08.000,pub_318
cdf59d26-f438-46bc-a315-1280e82998ce,8a176764-6f34-497d-ba92-8314ab2d7719,2026-01-24 17:22:34.000,pub_204
4dd2552e-61ef-469c-96ea-6057f5932ced,3f1ed2cc-0767-4665-8370-36e46f39a07e,2026-01-24 17:31:33.000,pub_101
9b0fe6bf-a873-493e-959c-6aa5564d5f8e,83f9bde8-6044-446e-b665-aee0bb0e656e,2026-01-24 17:41:56.000,pub_445
ce078c74-9b8c-4990-b9dc-6265df4fd457,6b5edc02-f930-4de2-a691-c965ad171ac9,2026-01-24 17:43:47.000,pub_318
a31b0443-a460-4f08-969e-3ae3d1cf7ec5,80b7708a-f34b-4cd7-9b3d-0594a66337d5,2026-01-24 17:48:19.000,pub_512
99bcf19a-dfce-4413-b65a-7c574416231d,8a176764-6f34-497d-ba92-8314ab2d7719,2026-01-24 17:50:20.000,pub_318
413bd800-c01d-4b13-9900-e27d6a750bb5,749c9934-39ec-4687-9dbd-78378124d954,2026-01-24 17:56:09.000,pub_101
78f9bc1b-00ce-4913-bed8-4031bb89b1a6,83f9bde8-6044-446e-b665-aee0bb0e656e,2026-01-24 17:58:29.000,pub_204
a65774f1-b0ac-44c7-8e84-b81f9e198d4a,6b5edc02-f930-4de2-a691-c965ad171ac9,2026-01-24 17:59:50.000,pub_445
cc1d61d1-85d9-46ca-8af7-2fbd52e3ef89,fdede5e3-9dba-4ca5-a36e-82895c4618f8,2026-01-24 18:07:50.000,pub_512
4b963fde-79d8-4548-8819-86a111d33de6,80b7708a-f34b-4cd7-9b3d-0594a66337d5,2026-01-24 18:15:38.000,pub_204
9a156746-deec-4607-83f0-7e3b14f44372,8a176764-6f34-497d-ba92-8314ab2d7719,2026-01-24 18:21:24.000,pub_445
6c3d570e-a7fb-4e20-bc5d-5d6fac3d79e7,80b7708a-f34b-4cd7-9b3d-0594a66337d5,2026-01-24 18:22:06.000,pub_318
02561719-75ae-4edc-ba84-a3c81a678b57,6ecad2b7-b646-4008-9939-e26a0ffdc290,2026-01-24 18:23:55.000,pub_101
ad025faf-a42c-4ff4-a4d8-6c2f75db026e,3f1ed2cc-0767-4665-8370-36e46f39a07e,2026-01-24 18:28:20.000,pub_204
7ac99a53-aac4-4e1e-9360-cabd9fcdcf71,6ecad2b7-b646-4008-9939-e26a0ffdc290,2026-01-24 18:28:27.000,pub_318
8766c9d3-7d51-4037-8c3f-90bc0d3fdd21,80b7708a-f34b-4cd7-9b3d-0594a66337d5,2026-01-24 18:47:09.000,pub_512
98e4e9bf-9324-41d0-9c8b-5826cfa13885,8a176764-6f34-497d-ba92-8314ab2d7719,2026-01-24 19:00:01.000,pub_318
dac273b4-d465-43e9-b5ea-c71d1a089d5e,8a176764-6f34-497d-ba92-8314ab2d7719,2026-01-24 19:00:44.000,pub_318
e77b2725-769f-4bd1-80f7-0f6e6091e96b,749c9934-39ec-4687-9dbd-78378124d954,2026-01-24 19:05:58.000,pub_318
65b5643d-895d-4766-a296-63fcae3c2789,8a176764-6f34-497d-ba92-8314ab2d7719,2026-01-24 19:08:59.000,pub_445
dfbacdb7-4f00-4024-8b42-10e947798c2e,8a176764-6f34-497d-ba92-8314ab2d7719,2026-01-24 19:10:59.000,pub_512
3cd1a3dc-c0e9-4724-9775-117c1e5af821,fdede5e3-9dba-4ca5-a36e-82895c4618f8,2026-01-24 19:12:16.000,pub_445
f1eff82b-2578-46ad-9b78-8560929cb07d,393fc1c9-d322-4b8a-952e-5ad320900791,2026-01-24 19:18:32.000,pub_512
b2fb435b-51dd-4a6f-b589-68d6010db6ec,6ecad2b7-b646-4008-9939-e26a0ffdc290,2026-01-24 19:23:59.000,pub_101
74de1d5a-c423-4f26-a5b8-fed055750359,6b5edc02-f930-4de2-a691-c965ad171ac9,2026-01-24 19:26:00.000,pub_318
8070f676-210a-4336-ad80-04bfe05e90cb,6b5edc02-f930-4de2-a691-c965ad171ac9,2026-01-24 19:32:47.000,pub_512
90e88878-96ed-46c6-919a-e52f21f56127,83f9bde8-6044-446e-b665-aee0bb0e656e,2026-01-24 19:34:25.000,pub_101
1659efd5-ff72-4f2b-a2a5-2890ec311cce,8a176764-6f34-497d-ba92-8314ab2d7719,2026-01-24 19:35:40.000,pub_204
f29fdc52-bad8-49a0-b547-0134cbe3a012,8a176764-6f34-497d-ba92-8314ab2d7719,2026-01-24 19:39:44.000,pub_318
50e69285-f983-4287-83c5-177f8e2a7416,6b5edc02-f930-4de2-a691-c965ad171ac9,2026-01-24 19:47:10.000,pub_204
5b17b850-a427-4858-949e-7017192f6401,3f1ed2cc-0767-4665-8370-36e46f39a07e,2026-01-24 19:50:05.000,pub_445
7e9c380e-a23e-4fbd-8753-0714dbb8c44f,8a176764-6f34-497d-ba92-8314ab2d7719,2026-01-24 19:50:53.000,pub_445
ee486886-10b3-4831-aa0c-0784ebb1adb7,33c7942d-55ce-48ca-9169-a374b1f497df,2026-01-24 19:52:33.000,pub_445
507260aa-cf5d-4ffc-9e2f-921d9cd85dd8,83f9bde8-6044-446e-b665-aee0bb0e656e,2026-01-24 19:59:13.000,pub_445
45a2e410-1298-4ed8-9d81-b2f325836e5d,83f9bde8-6044-446e-b665-aee0bb0e656e,2026-01-24 20:10:18.000,pub_204
989d748c-acb5-43c1-be74-1ebb13648498,393fc1c9-d322-4b8a-952e-5ad320900791,2026-01-24 20:20:07.000,pub_101
306ea48a-039b-46f1-a705-753faff24393,6b5edc02-f930-4de2-a691-c965ad171ac9,2026-01-24 20:31:44.000,pub_101
250404fd-48ac-4087-a462-070581596014,749c9934-39ec-4687-9dbd-78378124d954,2026-01-24 20:35:06.000,pub_445
d35d469f-3760-4369-845d-55f542d4d4e6,393fc1c9-d322-4b8a-952e-5ad320900791,2026-01-24 20:36:27.000,pub_101
696424ed-9c55-4e31-a13c-b824a544be83,6b5edc02-f930-4de2-a691-c965ad171ac9,2026-01-24 20:39:43.000,pub_445
83667b6d-3c03-445e-beef-5bd357be572b,6ecad2b7-b646-4008-9939-e26a0ffdc290,2026-01-24 20:51:04.000,pub_445
8b9d9c0f-f145-4074-8480-b8a2783b86b3,fdede5e3-9dba-4ca5-a36e-82895c4618f8,2026-01-24 20:51:45.000,pub_445
ce21594e-912c-45da-aec0-f33481874d70,fdede5e3-9dba-4ca5-a36e-82895c4618f8,2026-01-24 20:53:50.000,pub_204
a2b1c70e-d074-4270-b8df-6f8073f0a999,80b7708a-f34b-4cd7-9b3d-0594a66337d5,2026-01-24 20:54:07.000,pub_445
7d06e55c-5a7c-4bd2-a472-f24dc65fdb46,fdede5e3-9dba-4ca5-a36e-82895c4618f8,2026-01-24 21:00:45.000,pub_204
eb01e11f-c86d-4802-aa24-4c8c2f35d06b,8a176764-6f34-497d-ba92-8314ab2d7719,2026-01-24 21:03:33.000,pub_445
c16d91d1-5f22-4994-812a-3fc79ad60483,393fc1c9-d322-4b8a-952e-5ad320900791,2026-01-24 21:08:30.000,pub_445
b9aecd58-6a36-4798-a970-313eb40e4116,3f1ed2cc-0767-4665-8370-36e46f39a07e,2026-01-24 21:13:00.000,pub_204
3c8a3249-77dc-4cf2-8087-b2a74203044d,fdede5e3-9dba-4ca5-a36e-82895c4618f8,2026-01-24 21:45:08.000,pub_445
21071e97-52f1-423d-b1d2-787b2e6dbb0a,8a176764-6f34-497d-ba92-8314ab2d7719,2026-01-24 21:48:33.000,pub_204
2efa4c6c-99cf-4142-b174-8ef5efaa12de,33c7942d-55ce-48ca-9169-a374b1f497df,2026-01-24 21:56:57.000,pub_101
c9f6a736-1ddf-43c6-82b5-e9dde3431da5,6b5edc02-f930-4de2-a691-c965ad171ac9,2026-01-24 21:58:55.000,pub_512
0d3a11f0-99f5-44f3-8569-436ef0f565f1,33c7942d-55ce-48ca-9169-a374b1f497df,2026-01-24 22:11:51.000,pub_512
1d0c6a0d-394d-4341-ba0a-48439902936c,3f1ed2cc-0767-4665-8370-36e46f39a07e,2026-01-24 22:20:41.000,pub_318
a5d8ad98-246a-4103-8be8-992f119af19c,33c7942d-55ce-48ca-9169-a374b1f497df,2026-01-24 22:26:42.000,pub_101
5fb209a8-70b9-41b7-aad2-27359f65e824,33c7942d-55ce-48ca-9169-a374b1f497df,2026-01-24 22:31:51.000,pub_204
9cdb33ec-f3b6-4639-9a34-a7bba568afc8,80b7708a-f34b-4cd7-9b3d-0594a66337d5,2026-01-24 22:41:03.000,pub_318
0f9dffc3-f86d-47c3-84b6-dc5f1dcf1c1a,33c7942d-55ce-48ca-9169-a374b1f497df,2026-01-24 22:43:42.000,pub_318
4e60dadf-686b-449e-94e4-5861f3ef5393,3f1ed2cc-0767-4665-8370-36e46f39a07e,2026-01-24 22:47:44.000,pub_204
29e32102-6805-484a-969f-400ea9899865,fdede5e3-9dba-4ca5-a36e-82895c4618f8,2026-01-24 23:27:43.000,pub_318
7f610aed-587e-49ad-97cb-80310c468d79,6b5edc02-f930-4de2-a691-c965ad171ac9,2026-01-24 23:34:38.000,pub_101
ee8490b4-0ba4-4915-bb77-4aca266ccaaa,33c7942d-55ce-48ca-9169-a374b1f497df,2026-01-24 23:44:51.000,pub_445
3d3ed351-a29c-442b-99c9-cee526caedd7,3f1ed2cc-0767-4665-8370-36e46f39a07e,2026-01-24 23:47:06.000,pub_204
be572047-cea7-4dc0-a524-c97019859f7b,fdede5e3-9dba-4ca5-a36e-82895c4618f8,2026-01-24 23:50:13.000,pub_318
10c17359-5688-4e46-876e-f1a6e3cfaad5,749c9934-39ec-4687-9dbd-78378124d954,2026-01-24 23:53:44.000,pub_101
6e71cb0a-1281-465e-ab8b-3ac3893425f0,8a176764-6f34-497d-ba92-8314ab2d7719,2026-01-24 23:57:14.000,pub_512
95e7e3d0-fa24-469b-87bd-8459951d1dfd,6ecad2b7-b646-4008-9939-e26a0ffdc290,2026-01-24 23:58:51.000,pub_445
0a9109d5-36c7-48c6-be8b-ec3b1595b83c,6b5edc02-f930-4de2-a691-c965ad171ac9,2026-01-25 00:10:16.000,pub_445
117e2bec-2392-43dc-9e00-554b1d338903,fdede5e3-9dba-4ca5-a36e-82895c4618f8,2026-01-25 00:15:26.000,pub_101
dc782ed2-e247-4b1d-a7d8-5dd996d4f243,3f1ed2cc-0767-4665-8370-36e46f39a07e,2026-01-25 00:25:31.000,pub_101
24ea55d2-d26e-4ccf-8788-0e8011a9db81,8a176764-6f34-497d-ba92-8314ab2d7719,2026-01-25 00:28:28.000,pub_445
8e7d21bf-b41c-49d0-9a21-05f17c36a1dc,33c7942d-55ce-48ca-9169-a374b1f497df,2026-01-25 00:38:02.000,pub_204
b5410f4a-a413-475b-8856-511af7ec91a3,6b5edc02-f930-4de2-a691-c965ad171ac9,2026-01-25 00:38:03.000,pub_318
c9a28ce1-611f-485b-ac69-05ced90929e3,393fc1c9-d322-4b8a-952e-5ad320900791,2026-01-25 00:41:15.000,pub_101
1477fbae-8b24-4743-aaba-ae01c16e65b6,6b5edc02-f930-4de2-a691-c965ad171ac9,2026-01-25 00:44:47.000,pub_318
5e5a8d08-a460-48ab-9bb4-5fa45f2b7c78,33c7942d-55ce-48ca-9169-a374b1f497df,2026-01-25 00:46:53.000,pub_445
5711b1d6-2ab5-482f-96c6-d575c049e9bd,33c7942d-55ce-48ca-9169-a374b1f497df,2026-01-25 00:55:00.000,pub_204
9a49cb58-4f75-4079-b3f6-d0f8f0709e7d,80b7708a-f34b-4cd7-9b3d-0594a66337d5,2026-01-25 00:55:54.000,pub_204
030f2b2c-dbd5-4e7d-a040-a3ce8b0a34f5,8a176764-6f34-497d-ba92-8314ab2d7719,2026-01-25 01:02:56.000,pub_204
f97e13e5-8e03-4613-b685-41f156f5ad07,3f1ed2cc-0767-4665-8370-36e46f39a07e,2026-01-25 01:04:54.000,pub_512
f60b611e-5208-4e2a-8bcf-e1a3ef82cffa,6ecad2b7-b646-4008-9939-e26a0ffdc290,2026-01-25 01:05:32.000,pub_512
611e2a3e-11ff-401a-a1b6-ef2d681df310,6ecad2b7-b646-4008-9939-e26a0ffdc290,2026-01-25 01:05:58.000,pub_101
215a3ad8-6431-40ce-a4d5-0684ea9f366c,3f1ed2cc-0767-4665-8370-36e46f39a07e,2026-01-25 01:08:00.000,pub_318
3849ebf6-b982-40a7-ba16-d133c8e358f0,80b7708a-f34b-4cd7-9b3d-0594a66337d5,2026-01-25 01:09:50.000,pub_204
628861af-9614-44e9-b58c-015ebcb8baa4,80b7708a-f34b-4cd7-9b3d-0594a66337d5,2026-01-25 01:15:47.000,pub_318
ae8dadaf-7f01-45ae-b29b-e3b24d877df0,8a176764-6f34-497d-ba92-8314ab2d7719,2026-01-25 01:23:11.000,pub_318
ec6bebb9-ccfd-49ee-82c6-f8153d6b97ff,80b7708a-f34b-4cd7-9b3d-0594a66337d5,2026-01-25 01:32:09.000,pub_512
7c313691-50e7-4a36-b216-b97c499c97aa,8a176764-6f34-497d-ba92-8314ab2d7719,2026-01-25 01:38:05.000,pub_204
3865585f-4a98-4421-bb4c-0ca5c9d9a4e7,6ecad2b7-b646-4008-9939-e26a0ffdc290,2026-01-25 01:40:03.000,pub_318
22118cd9-bfeb-4de7-a401-eaa78daa4245,393fc1c9-d322-4b8a-952e-5ad320900791,2026-01-25 01:48:04.000,pub_204
d60c8365-5e1f-4b5f-895f-b4d8d6bdea00,8a176764-6f34-497d-ba92-8314ab2d7719,2026-01-25 02:03:05.000,pub_318
8be8d396-733b-4dc6-a2ca-fb0984d6a34d,fdede5e3-9dba-4ca5-a36e-82895c4618f8,2026-01-25 02:05:50.000,pub_204
77436eeb-cc79-4e76-9411-f34c5d326c5e,6ecad2b7-b646-4008-9939-e26a0ffdc290,2026-01-25 02:07:07.000,pub_445
2cf870cf-e32b-438a-b38a-de75264183d1,3f1ed2cc-0767-4665-8370-36e46f39a07e,2026-01-25 02:20:39.000,pub_512
4015ad41-4993-4740-9813-02a28eec0b99,6ecad2b7-b646-4008-9939-e26a0ffdc290,2026-01-25 02:21:46.000,pub_318
66cea5a8-dbe1-4378-ab65-42cee4149afd,3f1ed2cc-0767-4665-8370-36e46f39a07e,2026-01-25 02:43:45.000,pub_318
5e0d2923-4218-4808-af1c-bd51658c98f5,fdede5e3-9dba-4ca5-a36e-82895c4618f8,2026-01-25 03:06:37.000,pub_204
48bc4a0e-a86d-4ba9-91d8-21931bfa658f,8a176764-6f34-497d-ba92-8314ab2d7719,2026-01-25 03:12:06.000,pub_512
2fd314e3-353b-4e91-aaea-64715359c9ad,33c7942d-55ce-48ca-9169-a374b1f497df,2026-01-25 03:12:08.000,pub_101
2677d2fa-a2c4-40d6-8c69-0fdb009204da,fdede5e3-9dba-4ca5-a36e-82895c4618f8,2026-01-25 03:12:50.000,pub_512
c39a567d-dd8e-41f3-b1df-38f27429c969,fdede5e3-9dba-4ca5-a36e-82895c4618f8,2026-01-25 03:28:55.000,pub_101
5e5b9048-e92e-40a7-9d97-eb751485984f,393fc1c9-d322-4b8a-952e-5ad320900791,2026-01-25 03:29:45.000,pub_445
b130d436-1d55-44e7-ad5b-64d30c8a9a18,749c9934-39ec-4687-9dbd-78378124d954,2026-01-25 03:40:46.000,pub_318
b252df38-7950-4f90-af21-a9bc2392cb9a,83f9bde8-6044-446e-b665-aee0bb0e656e,2026-01-25 03:41:12.000,pub_512
2f5810ab-bc91-4d53-ba19-bd0871fa580c,6ecad2b7-b646-4008-9939-e26a0ffdc290,2026-01-25 03:45:56.000,pub_445
477fc8be-c60c-4d4e-a183-44e81d13dd50,fdede5e3-9dba-4ca5-a36e-82895c4618f8,2026-01-25 03:48:19.000,pub_204
7addcffb-97d8-481d-a403-698e80a38e02,fdede5e3-9dba-4ca5-a36e-82895c4618f8,2026-01-25 03:54:28.000,pub_204
29291dd2-b1fa-4cee-83fe-bd9464353f37,749c9934-39ec-4687-9dbd-78378124d954,2026-01-25 04:00:59.000,pub_101
a30579c3-d9ed-4968-9eba-6a6816fddc11,83f9bde8-6044-446e-b665-aee0bb0e656e,2026-01-25 04:10:25.000,pub_204
120467b4-d65e-4b79-8718-283e4dbe946e,fdede5e3-9dba-4ca5-a36e-82895c4618f8,2026-01-25 04:22:09.000,pub_101
47ca1331-568b-4bc2-8cf0-2186b3751af7,3f1ed2cc-0767-4665-8370-36e46f39a07e,2026-01-25 04:26:47.000,pub_204
c3f96fae-21a3-4d93-bf81-7201ecbbb0da,6ecad2b7-b646-4008-9939-e26a0ffdc290,2026-01-25 04:38:58.000,pub_318
f327cdd3-07f7-4d37-92d5-b692d9191098,33c7942d-55ce-48ca-9169-a374b1f497df,2026-01-25 04:40:23.000,pub_318
a3a720e9-f9cb-4a46-9e1e-72974d6c0b12,8a176764-6f34-497d-ba92-8314ab2d7719,2026-01-25 04:57:37.000,pub_512
32b14625-08b8-4df3-9cc6-e05e07146bbb,8a176764-6f34-497d-ba92-8314ab2d7719,2026-01-25 04:58:13.000,pub_101
33abbbb8-4895-46f5-abc7-907255f3e535,6ecad2b7-b646-4008-9939-e26a0ffdc290,2026-01-25 05:06:33.000,pub_445
df304dbb-a71d-4608-ac6f-6448f7332958,749c9934-39ec-4687-9dbd-78378124d954,2026-01-25 05:07:57.000,pub_445
5801e5eb-c7d7-45d3-ba69-fb46265ed3f7,33c7942d-55ce-48ca-9169-a374b1f497df,2026-01-25 05:13:50.000,pub_445
b7c2e6fd-b12a-415d-9dcc-128579c5ab33,393fc1c9-d322-4b8a-952e-5ad320900791,2026-01-25 05:17:31.000,pub_204
9d4c337d-7085-404a-9843-8a3ddac2e4d1,8a176764-6f34-497d-ba92-8314ab2d7719,2026-01-25 05:20:51.000,pub_204
3c2df192-90a1-461c-ac9f-76da537c3bb6,393fc1c9-d322-4b8a-952e-5ad320900791,2026-01-25 05:24:52.000,pub_512
68a033c7-ddaf-45e1-bd54-d1d1dba51e48,6ecad2b7-b646-4008-9939-e26a0ffdc290,2026-01-25 05:25:42.000,pub_512
91e03448-90bc-4ce6-aea6-18908e7b4ec2,3f1ed2cc-0767-4665-8370-36e46f39a07e,2026-01-25 05:32:11.000,pub_445
a6441f03-5aa4-49e5-bf22-51f4f0cba7e2,33c7942d-55ce-48ca-9169-a374b1f497df,2026-01-25 05:40:09.000,pub_318
b0732fbe-b9f7-4748-91b5-875bdfacc381,80b7708a-f34b-4cd7-9b3d-0594a66337d5,2026-01-25 05:51:46.000,pub_204
a016f2c9-e8ee-4922-9e1b-ea908b11b4c8,80b7708a-f34b-4cd7-9b3d-0594a66337d5,2026-01-25 06:04:25.000,pub_204
45e97d1e-da71-4f19-b8a0-c9d65b86419a,749c9934-39ec-4687-9dbd-78378124d954,2026-01-25 06:11:12.000,pub_318
21f54f42-da15-4c32-9e3b-09503f1081b0,83f9bde8-6044-446e-b665-aee0bb0e656e,2026-01-25 06:13:25.000,pub_204
2d992eab-054f-4a45-9a5b-d0aac9f5b679,83f9bde8-6044-446e-b665-aee0bb0e656e,2026-01-25 06:19:38.000,pub_318
6f92a0ab-9361-44cc-9979-57e0b5e418b4,6ecad2b7-b646-4008-9939-e26a0ffdc290,2026-01-25 06:26:53.000,pub_101
46622cc6-8c0c-43d9-a4a6-b886ee42d6c3,6ecad2b7-b646-4008-9939-e26a0ffdc290,2026-01-25 06:29:00.000,pub_204
5f22efaa-96bd-4473-8415-5d8336c065fd,393fc1c9-d322-4b8a-952e-5ad320900791,2026-01-25 06:32:10.000,pub_318
b4dbc9a3-5949-4e43-9054-a767049a8446,749c9934-39ec-4687-9dbd-78378124d954,2026-01-25 06:32:35.000,pub_101
4a7de47e-a8aa-4444-92a0-a10333b7275a,8a176764-6f34-497d-ba92-8314ab2d7719,2026-01-25 06:36:19.000,pub_204
6c4a60b6-277a-4029-a521-a5d55dda717e,80b7708a-f34b-4cd7-9b3d-0594a66337d5,2026-01-25 06:37:58.000,pub_101
cc67d43e-b1fc-4983-9826-3a97b46a831b,3f1ed2cc-0767-4665-8370-36e46f39a07e,2026-01-25 06:55:17.000,pub_445
54a72785-f67a-47f9-88bd-a4e4f2c47af8,33c7942d-55ce-48ca-9169-a374b1f497df,2026-01-25 07:13:30.000,pub_204
9ae54d19-a521-4658-8083-1f618d159437,393fc1c9-d322-4b8a-952e-5ad320900791,2026-01-25 07:36:21.000,pub_512
f17f320d-3f2e-465b-b97b-f81752ffd492,8a176764-6f34-497d-ba92-8314ab2d7719,2026-01-25 07:47:48.000,pub_204
9b36ed93-b2ae-4d7b-bbc8-ae0274afd2ae,fdede5e3-9dba-4ca5-a36e-82895c4618f8,2026-01-25 08:09:15.000,pub_512
7ef5f545-7560-4901-acb0-3aee3b1ff9e5,fdede5e3-9dba-4ca5-a36e-82895c4618f8,2026-01-25 08:17:20.000,pub_445
6ca87903-1524-4c7f-8ca7-2b94346f7e38,6b5edc02-f930-4de2-a691-c965ad171ac9,2026-01-25 08:19:11.000,pub_204
6fb0d0d7-c4a0-4809-98b8-76838ffbe834,33c7942d-55ce-48ca-9169-a374b1f497df,2026-01-25 08:21:48.000,pub_101
6df1176b-becb-41b8-9e27-a6e4f0df9613,6ecad2b7-b646-4008-9939-e26a0ffdc290,2026-01-25 08:25:46.000,pub_512
cf361094-6e97-49eb-9b05-4ed16e4e62bb,6b5edc02-f930-4de2-a691-c965ad171ac9,2026-01-25 08:33:23.000,pub_318
06f47cde-06ec-430d-b2ce-51e7597d050d,83f9bde8-6044-446e-b665-aee0bb0e656e,2026-01-25 08:37:59.000,pub_318
2c1c84a4-220b-49d4-9aa3-aa1e0e9991d0,80b7708a-f34b-4cd7-9b3d-0594a66337d5,2026-01-25 08:42:27.000,pub_445
2519651f-57d5-4745-99a2-f2c8a127733a,3f1ed2cc-0767-4665-8370-36e46f39a07e,2026-01-25 08:43:25.000,pub_318
d6b1127f-a570-43d9-812d-27ac3e435d01,33c7942d-55ce-48ca-9169-a374b1f497df,2026-01-25 08:51:52.000,pub_512
19381259-906a-4cc2-8d23-245b46919ba0,fdede5e3-9dba-4ca5-a36e-82895c4618f8,2026-01-25 08:57:25.000,pub_204
29eaeb03-91da-42bc-886c-ebfacaaeacaa,393fc1c9-d322-4b8a-952e-5ad320900791,2026-01-25 08:59:26.000,pub_512
3a1d5175-9ea2-49ad-aed2-0f7bcf8ceaae,749c9934-39ec-4687-9dbd-78378124d954,2026-01-25 09:04:02.000,pub_101
47731477-aeae-4bbf-b8cb-cd54efa03967,fdede5e3-9dba-4ca5-a36e-82895c4618f8,2026-01-25 09:04:43.000,pub_204
05b8abcd-c986-4ae4-84d0-d6ef9b94a091,6ecad2b7-b646-4008-9939-e26a0ffdc290,2026-01-25 09:12:41.000,pub_512
fde48bc4-d715-461f-8eee-7d1ad85833d2,33c7942d-55ce-48ca-9169-a374b1f497df,2026-01-25 09:18:46.000,pub_101
f83d0d5a-1e3a-4644-b436-c02cd3c13495,6b5edc02-f930-4de2-a691-c965ad171ac9,2026-01-25 09:25:32.000,pub_445
acef5dd2-f49c-4712-ae2f-62fd41c93d86,6ecad2b7-b646-4008-9939-e26a0ffdc290,2026-01-25 09:35:14.000,pub_101
1a7c01e5-e482-4723-aff2-80d41beb9737,8a176764-6f34-497d-ba92-8314ab2d7719,2026-01-25 09:36:59.000,pub_101
82df6ead-8b18-40a5-aaf2-facf28d4813b,8a176764-6f34-497d-ba92-8314ab2d7719,2026-01-25 09:46:04.000,pub_318
6e1b6885-0fb3-4aca-a219-1226ddb58825,8a176764-6f34-497d-ba92-8314ab2d7719,2026-01-25 09:51:47.000,pub_512
f4d5e95b-16bf-40ba-b698-7811d037cf36,80b7708a-f34b-4cd7-9b3d-0594a66337d5,2026-01-25 09:52:43.000,pub_101
75e16af9-8a02-4e9d-9094-093ef1383157,80b7708a-f34b-4cd7-9b3d-0594a66337d5,2026-01-25 09:55:43.000,pub_512
0a7b9fc9-70a2-44df-8a51-a6ecaa4e160d,6ecad2b7-b646-4008-9939-e26a0ffdc290,2026-01-25 10:22:54.000,pub_204
e671b3c8-c812-48ce-9f37-83cbb943d9ee,83f9bde8-6044-446e-b665-aee0bb0e656e,2026-01-25 10:25:15.000,pub_101
be6d60de-1e1b-4e56-8b10-1aff8e57732c,6b5edc02-f930-4de2-a691-c965ad171ac9,2026-01-25 10:31:36.000,pub_512
e0b17333-d696-4c6d-955d-f68ef7fc634d,393fc1c9-d322-4b8a-952e-5ad320900791,2026-01-25 10:45:32.000,pub_204
e9408d54-e65c-419f-a253-a9556453ab41,749c9934-39ec-4687-9dbd-78378124d954,2026-01-25 10:59:13.000,pub_318
fa20713a-6671-4291-9d71-65a4d35c28a5,6ecad2b7-b646-4008-9939-e26a0ffdc290,2026-01-25 11:04:42.000,pub_512
e0cdc402-dac8-4430-975f-c1eba0dcbae1,6ecad2b7-b646-4008-9939-e26a0ffdc290,2026-01-25 11:04:52.000,pub_318
0b4f9736-66a7-4688-a98c-da60004e03da,3f1ed2cc-0767-4665-8370-36e46f39a07e,2026-01-25 11:25:57.000,pub_204
dc0ff33a-5d7a-4b9c-bd0c-819c888cd51d,fdede5e3-9dba-4ca5-a36e-82895c4618f8,2026-01-25 11:39:45.000,pub_318
9f7c3353-8720-454d-84a2-f04b33ff8779,fdede5e3-9dba-4ca5-a36e-82895c4618f8,2026-01-25 11:47:46.000,pub_445
d6606963-4bb2-4dc8-a7f4-a043a4f8295d,393fc1c9-d322-4b8a-952e-5ad320900791,2026-01-25 11:47:52.000,pub_101
4f9242f9-d20a-4afb-80ff-61b39041f8fd,33c7942d-55ce-48ca-9169-a374b1f497df,2026-01-25 11:50:02.000,pub_512
001d67da-941a-4cf4-84c4-856100166eb5,3f1ed2cc-0767-4665-8370-36e46f39a07e,2026-01-25 11:56:26.000,pub_204
ed2bbd27-7825-486d-bd03-37038ffe1e97,33c7942d-55ce-48ca-9169-a374b1f497df,2026-01-25 11:56:51.000,pub_318
63f5f93d-c415-48f6-9218-b9f286cbc8cc,80b7708a-f34b-4cd7-9b3d-0594a66337d5,2026-01-25 12:00:34.000,pub_318
60b052a6-d7ca-4927-b96d-d239546377c6,fdede5e3-9dba-4ca5-a36e-82895c4618f8,2026-01-25 12:02:44.000,pub_204
2262ff4c-f6a9-43a7-bf57-f9a46b893a5e,6ecad2b7-b646-4008-9939-e26a0ffdc290,2026-01-25 12:05:33.000,pub_445
85564a60-760d-4ab3-9fbf-ca3f9e7dcd3c,3f1ed2cc-0767-4665-8370-36e46f39a07e,2026-01-25 12:09:29.000,pub_318
66b4f2f3-408a-4a0d-ba72-f7e44545bcf7,80b7708a-f34b-4cd7-9b3d-0594a66337d5,2026-01-25 12:23:52.000,pub_204
bc76eb6d-dd98-45f0-947d-9eeb2c34585a,fdede5e3-9dba-4ca5-a36e-82895c4618f8,2026-01-25 12:31:52.000,pub_204
2225f66c-5381-4471-a18b-076d97b5cdfc,80b7708a-f34b-4cd7-9b3d-0594a66337d5,2026-01-25 12:42:30.000,pub_512
ae849d13-18c3-44df-a92b-aa6cbc08072f,33c7942d-55ce-48ca-9169-a374b1f497df,2026-01-25 12:50:39.000,pub_445
5b6bf454-e548-4667-8331-326bef86422c,83f9bde8-6044-446e-b665-aee0bb0e656e,2026-01-25 12:52:40.000,pub_445
e029cdcb-f6ca-43ef-83fc-f13327b78d61,83f9bde8-6044-446e-b665-aee0bb0e656e,2026-01-25 12:56:06.000,pub_204
8b1493d9-f34e-456b-aa33-8bc126763a26,6ecad2b7-b646-4008-9939-e26a0ffdc290,2026-01-25 13:01:44.000,pub_445
bff45a2f-b971-4637-b539-2a1f826c1fa4,6b5edc02-f930-4de2-a691-c965ad171ac9,2026-01-25 13:13:17.000,pub_445
2426d7c3-ddba-4ce7-8074-0065dada15d9,8a176764-6f34-497d-ba92-8314ab2d7719,2026-01-25 13:31:35.000,pub_101
fa2bea0c-cad5-48b8-bef8-b494f4841760,80b7708a-f34b-4cd7-9b3d-0594a66337d5,2026-01-25 13:48:36.000,pub_101
389cfbe7-35d9-4c0f-9695-003710b436e7,393fc1c9-d322-4b8a-952e-5ad320900791,2026-01-25 13:52:33.000,pub_445
ef50e353-156c-4ba8-b39a-0259b213ba76,83f9bde8-6044-446e-b665-aee0bb0e656e,2026-01-25 14:13:27.000,pub_204
0340d438-ac99-451e-83b8-1e9bba0a3de4,80b7708a-f34b-4cd7-9b3d-0594a66337d5,2026-01-25 14:17:42.000,pub_318
94afea96-262b-4884-9d54-edda842f8397,6ecad2b7-b646-4008-9939-e26a0ffdc290,2026-01-25 14:19:51.000,pub_101
11f8916d-f654-4dfc-a4d7-d64a96b7f2b4,33c7942d-55ce-48ca-9169-a374b1f497df,2026-01-25 14:20:10.000,pub_512
23171ba0-d1ef-443b-ace9-2ec08974bcac,6ecad2b7-b646-4008-9939-e26a0ffdc290,2026-01-25 14:21:07.000,pub_512
25da0860-8d1b-421f-99fb-e86baf1fc2a1,6ecad2b7-b646-4008-9939-e26a0ffdc290,2026-01-25 14:22:14.000,pub_445
cc94daca-48d7-4b29-af93-beab94b7e249,fdede5e3-9dba-4ca5-a36e-82895c4618f8,2026-01-25 14:35:35.000,pub_318
906bec3c-7564-4aef-97d4-265ef92490d3,6b5edc02-f930-4de2-a691-c965ad171ac9,2026-01-25 14:39:07.000,pub_101
1034928b-68cf-41d5-8d20-6eff3d8ac3b8,6ecad2b7-b646-4008-9939-e26a0ffdc290,2026-01-25 14:46:04.000,pub_318
7b0c1142-617e-4cd0-82df-0d64a59134b7,749c9934-39ec-4687-9dbd-78378124d954,2026-01-25 15:02:20.000,pub_445
0a096284-7d56-48f0-98ed-62de8ea6801f,83f9bde8-6044-446e-b665-aee0bb0e656e,2026-01-25 15:04:46.000,pub_512
f0b7eeb4-3a45-49dc-a28d-be4519bad060,749c9934-39ec-4687-9dbd-78378124d954,2026-01-25 15:05:25.000,pub_101
77ded433-1cbb-4f48-9c68-2dd82ec3d246,749c9934-39ec-4687-9dbd-78378124d954,2026-01-25 15:10:59.000,pub_101
0176e576-7b0d-4fad-9bed-51c17d9fe61d,83f9bde8-6044-446e-b665-aee0bb0e656e,2026-01-25 15:19:40.000,pub_204
533508d5-ac65-43e2-8d8d-c99e4d342333,6b5edc02-f930-4de2-a691-c965ad171ac9,2026-01-25 15:26:19.000,pub_204
ab070fb7-081a-4779-a0bc-5f823f957217,80b7708a-f34b-4cd7-9b3d-0594a66337d5,2026-01-25 15:46:39.000,pub_318
d6c3592c-850b-44de-99c5-041a6239b7fb,6ecad2b7-b646-4008-9939-e26a0ffdc290,2026-01-25 15:48:15.000,pub_101
32b8f96c-2b6c-4f3f-ac0a-f87d185f6572,3f1ed2cc-0767-4665-8370-36e46f39a07e,2026-01-25 15:48:37.000,pub_445
e1375c22-cc88-423c-87cb-199e9b3e4e75,83f9bde8-6044-446e-b665-aee0bb0e656e,2026-01-25 16:04:30.000,pub_512
03506690-4ee7-4579-9958-b9b4eb99c41e,6ecad2b7-b646-4008-9939-e26a0ffdc290,2026-01-25 16:10:36.000,pub_512
64615e1c-db9c-4dbd-b623-afcdd8bea196,6b5edc02-f930-4de2-a691-c965ad171ac9,2026-01-25 16:15:47.000,pub_445
f194087b-7fdb-4f29-b288-7c422810cfe6,80b7708a-f34b-4cd7-9b3d-0594a66337d5,2026-01-25 16:25:55.000,pub_318
96359508-bfcd-4a9b-801c-fb88b801cd40,6ecad2b7-b646-4008-9939-e26a0ffdc290,2026-01-25 16:34:40.000,pub_445
3485c55a-24a2-4288-b118-d4b6c84d0052,8a176764-6f34-497d-ba92-8314ab2d7719,2026-01-25 16:35:12.000,pub_512
946425f3-09ff-456e-9aa5-56f7da8e066d,6ecad2b7-b646-4008-9939-e26a0ffdc290,2026-01-25 16:38:24.000,pub_512
facba4be-d69a-4ac6-8632-21bbca0c6b59,83f9bde8-6044-446e-b665-aee0bb0e656e,2026-01-25 16:43:11.000,pub_445
0442f30c-a426-4014-8a79-e9c62b9982d4,6ecad2b7-b646-4008-9939-e26a0ffdc290,2026-01-25 16:43:20.000,pub_318
23b9d345-5368-4418-8acf-162622284584,749c9934-39ec-4687-9dbd-78378124d954,2026-01-25 16:44:36.000,pub_204
ef5332e1-f814-407d-ba46-073864296e08,3f1ed2cc-0767-4665-8370-36e46f39a07e,2026-01-25 17:27:49.000,pub_101
239418fb-3af6-4df1-be9b-ee76f0620978,749c9934-39ec-4687-9dbd-78378124d954,2026-01-25 17:30:02.000,pub_445
dea0407d-85a2-42c8-8651-6782d06b3c5e,6ecad2b7-b646-4008-9939-e26a0ffdc290,2026-01-25 17:38:28.000,pub_445
b5093752-1069-4055-b0e3-4ded3ed9cc4d,8a176764-6f34-497d-ba92-8314ab2d7719,2026-01-25 17:54:00.000,pub_204
a8c57f8a-df0b-4551-87e5-43de21828ea4,83f9bde8-6044-446e-b665-aee0bb0e656e,2026-01-25 18:08:13.000,pub_204
ce7e13e5-3dd0-440a-8e38-8e9b7c1091b1,393fc1c9-d322-4b8a-952e-5ad320900791,2026-01-25 18:28:50.000,pub_318
ee214f23-5a4b-4922-8b42-b0d79bbde486,749c9934-39ec-4687-9dbd-78378124d954,2026-01-25 18:42:39.000,pub_445
7fbf761d-7e39-4373-a879-286485f14b98,fdede5e3-9dba-4ca5-a36e-82895c4618f8,2026-01-25 18:45:22.000,pub_101
86e47570-5ad7-47bf-8417-85fef743f416,3f1ed2cc-0767-4665-8370-36e46f39a07e,2026-01-25 18:49:52.000,pub_512
e4487b1b-8049-45be-9b1a-1bd89ea205f3,fdede5e3-9dba-4ca5-a36e-82895c4618f8,2026-01-25 18:57:07.000,pub_445
2c63bcf1-882d-4797-9291-b343bc2671c0,3f1ed2cc-0767-4665-8370-36e46f39a07e,2026-01-25 19:07:51.000,pub_318
c519026c-eb56-4b19-8a2e-7fafc37deb48,749c9934-39ec-4687-9dbd-78378124d954,2026-01-25 19:13:04.000,pub_445
2e2afa09-9378-4e81-8671-540610a85496,80b7708a-f34b-4cd7-9b3d-0594a66337d5,2026-01-25 19:14:49.000,pub_204
2938792b-aa3a-4374-907f-05f1d561fde9,6b5edc02-f930-4de2-a691-c965ad171ac9,2026-01-25 19:28:26.000,pub_101
6e7464e3-fbc3-497b-810b-9561f9b72652,6ecad2b7-b646-4008-9939-e26a0ffdc290,2026-01-25 19:38:15.000,pub_204
f80eff26-467a-412e-8b49-3681a983ea42,8a176764-6f34-497d-ba92-8314ab2d7719,2026-01-25 19:50:27.000,pub_318
0a344a29-e64b-4141-bdde-6a6eb3e08315,3f1ed2cc-0767-4665-8370-36e46f39a07e,2026-01-25 19:51:03.000,pub_101
f0ece859-1468-4eb8-b9aa-e6a0b2a9549b,6ecad2b7-b646-4008-9939-e26a0ffdc290,2026-01-25 19:57:29.000,pub_512
f9546f69-955d-448d-a74d-f52c707b192c,fdede5e3-9dba-4ca5-a36e-82895c4618f8,2026-01-25 19:59:24.000,pub_445
b4bc7ba4-9ff1-46ac-8ce0-faee382d4cd0,fdede5e3-9dba-4ca5-a36e-82895c4618f8,2026-01-25 20:02:22.000,pub_512
6ffb0c25-d158-4aec-af37-621f5856e3ff,80b7708a-f34b-4cd7-9b3d-0594a66337d5,2026-01-25 20:08:04.000,pub_512
53e3cc77-40a6-4b8d-8ee7-ef7ad82d1d00,fdede5e3-9dba-4ca5-a36e-82895c4618f8,2026-01-25 20:08:26.000,pub_512
52608c51-941b-49f5-9f7d-5530eadb66c6,fdede5e3-9dba-4ca5-a36e-82895c4618f8,2026-01-25 20:16:32.000,pub_445
2fbc4461-4c8a-4abf-89c5-6822c803341c,8a176764-6f34-497d-ba92-8314ab2d7719,2026-01-25 20:49:42.000,pub_512
a3dc3fe7-db51-421c-a108-a46a602d8183,80b7708a-f34b-4cd7-9b3d-0594a66337d5,2026-01-25 20:56:15.000,pub_101
2a71445e-0a9e-495a-aaee-bad9fa048fc0,80b7708a-f34b-4cd7-9b3d-0594a66337d5,2026-01-25 21:15:35.000,pub_101
150a3814-682f-4640-9bd6-57868242c795,80b7708a-f34b-4cd7-9b3d-0594a66337d5,2026-01-25 21:17:17.000,pub_445
b18447ba-ae18-41d1-9493-ca644dda67a6,749c9934-39ec-4687-9dbd-78378124d954,2026-01-25 21:47:18.000,pub_204
de75ce6f-3908-4f67-872a-9c1e01a58529,80b7708a-f34b-4cd7-9b3d-0594a66337d5,2026-01-25 21:50:05.000,pub_318
594ec196-c034-4586-8bb9-ce8cd36481bc,6ecad2b7-b646-4008-9939-e26a0ffdc290,2026-01-25 21:54:15.000,pub_512
387b751e-ca5f-435f-95b4-306b21eb2987,fdede5e3-9dba-4ca5-a36e-82895c4618f8,2026-01-25 22:00:20.000,pub_204
7a167485-da85-4e85-9ef4-75423e7d0d7d,8a176764-6f34-497d-ba92-8314ab2d7719,2026-01-25 22:06:09.000,pub_512
9b8d08dd-5de0-4051-b64a-5644a744e772,8a176764-6f34-497d-ba92-8314ab2d7719,2026-01-25 22:08:11.000,pub_101
29a3e1fa-eb35-422a-88d8-ec7b13be6935,6b5edc02-f930-4de2-a691-c965ad171ac9,2026-01-25 22:10:51.000,pub_318
9f84c6a5-fa0a-4954-a456-9608d0da5e43,80b7708a-f34b-4cd7-9b3d-0594a66337d5,2026-01-25 22:13:25.000,pub_101
f402f4ca-fb9c-4e0b-8d62-170248da0582,3f1ed2cc-0767-4665-8370-36e46f39a07e,2026-01-25 22:13:44.000,pub_204
bde58243-bd29-4586-a1c7-5bbcd8e7cc33,393fc1c9-d322-4b8a-952e-5ad320900791,2026-01-25 22:14:47.000,pub_512
2b9d4b5a-81b7-45f9-9ae3-e071d06f4171,6ecad2b7-b646-4008-9939-e26a0ffdc290,2026-01-25 22:16:16.000,pub_101
69c2166f-e087-45c9-8727-019e9b634993,6ecad2b7-b646-4008-9939-e26a0ffdc290,2026-01-25 22:29:08.000,pub_318
b9245fd3-d983-47a2-843e-8a7a06f32aff,80b7708a-f34b-4cd7-9b3d-0594a66337d5,2026-01-25 22:49:13.000,pub_101
b72ce7c9-d309-4fb0-b579-01e474bf9771,3f1ed2cc-0767-4665-8370-36e46f39a07e,2026-01-25 22:53:58.000,pub_512
565a0d62-2639-455f-bd79-e95dc06d3037,8a176764-6f34-497d-ba92-8314ab2d7719,2026-01-25 23:21:20.000,pub_512
43d17b52-3d15-406e-9f17-02120a40e980,33c7942d-55ce-48ca-9169-a374b1f497df,2026-01-25 23:25:31.000,pub_318
a42c7ad9-ca95-41f5-8dbd-d21b3287e618,80b7708a-f34b-4cd7-9b3d-0594a66337d5,2026-01-25 23:32:53.000,pub_101
ce809582-2305-4e08-af9e-00e8dd97cf60,8a176764-6f34-497d-ba92-8314ab2d7719,2026-01-25 23:41:52.000,pub_445
7d2d2bd6-f493-4ad6-b7e8-a891ca862673,393fc1c9-d322-4b8a-952e-5ad320900791,2026-01-25 23:42:41.000,pub_318
3a38a4df-4d03-4764-8211-8b933332d78a,6ecad2b7-b646-4008-9939-e26a0ffdc290,2026-01-25 23:53:31.000,pub_101
eae57f34-4c38-4487-9a9f-77ea7cc87f55,8a176764-6f34-497d-ba92-8314ab2d7719,2026-01-26 00:01:54.000,pub_512
821d132d-2eb0-49be-84f4-0a3fd4b2867b,393fc1c9-d322-4b8a-952e-5ad320900791,2026-01-26 00:19:57.000,pub_204
863deb74-4d4b-4537-bcd7-0dac9d95925f,6ecad2b7-b646-4008-9939-e26a0ffdc290,2026-01-26 00:28:11.000,pub_512
6e1f789b-8207-432b-8e70-663f01347477,33c7942d-55ce-48ca-9169-a374b1f497df,2026-01-26 00:32:42.000,pub_512
d5aa612c-e5c1-4506-8436-08492cd12fa9,33c7942d-55ce-48ca-9169-a374b1f497df,2026-01-26 00:38:05.000,pub_101
0393c7e8-5a6f-443a-929b-41a1fa20da10,80b7708a-f34b-4cd7-9b3d-0594a66337d5,2026-01-26 00:43:59.000,pub_318
3d5d8507-7bab-4cfe-b8c0-b7252674747b,6b5edc02-f930-4de2-a691-c965ad171ac9,2026-01-26 00:55:13.000,pub_101
3307b181-5b43-4f19-bae4-aeda7c2ad656,6b5edc02-f930-4de2-a691-c965ad171ac9,2026-01-26 00:58:48.000,pub_512
22ae0682-9318-49b7-8bf3-bfb5967b5a48,fdede5e3-9dba-4ca5-a36e-82895c4618f8,2026-01-26 01:32:25.000,pub_204
26cc5737-3d9f-41ad-83a6-91e0d9281179,8a176764-6f34-497d-ba92-8314ab2d7719,2026-01-26 01:46:03.000,pub_318
9d75d949-220d-4ad7-93ba-57d0c5459d63,749c9934-39ec-4687-9dbd-78378124d954,2026-01-26 01:46:15.000,pub_512
a1bdc931-3a5d-4978-9218-acec036e23f4,393fc1c9-d322-4b8a-952e-5ad320900791,2026-01-26 01:54:51.000,pub_204
60ffae49-4560-4677-aefe-bc4353f81eef,83f9bde8-6044-446e-b665-aee0bb0e656e,2026-01-26 02:08:11.000,pub_445
6096cf3f-10f6-41bd-aad5-c23a11061503,393fc1c9-d322-4b8a-952e-5ad320900791,2026-01-26 02:11:40.000,pub_318
013b0b14-302f-48c9-b8d2-60af50e6454e,393fc1c9-d322-4b8a-952e-5ad320900791,2026-01-26 02:18:47.000,pub_204
7181d5db-46a3-43b9-850a-25aba86ee3f7,33c7942d-55ce-48ca-9169-a374b1f497df,2026-01-26 02:19:00.000,pub_318
46b7846c-e543-447b-b775-04beb673eb79,393fc1c9-d322-4b8a-952e-5ad320900791,2026-01-26 02:20:44.000,pub_512
cafb43db-77ee-4c08-8dba-22145a964d87,83f9bde8-6044-446e-b665-aee0bb0e656e,2026-01-26 02:36:29.000,pub_318
59872cd2-6f6d-4c8d-bce6-e4db6077ce71,6ecad2b7-b646-4008-9939-e26a0ffdc290,2026-01-26 02:38:10.000,pub_318
78d1ca4b-f05a-4d9c-a4eb-8471bfbff7b5,80b7708a-f34b-4cd7-9b3d-0594a66337d5,2026-01-26 02:55:55.000,pub_445
f5c400ae-bb64-40db-b18c-3b52468339ee,6b5edc02-f930-4de2-a691-c965ad171ac9,2026-01-26 03:12:50.000,pub_101
f054c23a-5880-4658-84ac-050e2adf6403,749c9934-39ec-4687-9dbd-78378124d954,2026-01-26 03:19:00.000,pub_512
de157ba5-dde3-4217-a9af-b059b24de4a7,393fc1c9-d322-4b8a-952e-5ad320900791,2026-01-26 03:30:28.000,pub_512
3db0a192-f2c3-4aa2-b1fc-da0dde586674,80b7708a-f34b-4cd7-9b3d-0594a66337d5,2026-01-26 03:34:07.000,pub_512
2b5a80d8-d74a-46ed-9fbd-276f5ce2fc4d,fdede5e3-9dba-4ca5-a36e-82895c4618f8,2026-01-26 03:37:57.000,pub_204
a3a1defb-daab-4ca9-831c-40be5b9d43b9,6ecad2b7-b646-4008-9939-e26a0ffdc290,2026-01-26 03:42:45.000,pub_318
a71968c6-f14e-4791-97f4-014d4e47a695,6ecad2b7-b646-4008-9939-e26a0ffdc290,2026-01-26 03:46:35.000,pub_101
638517e1-fbd9-448b-abde-927df41a8e46,3f1ed2cc-0767-4665-8370-36e46f39a07e,2026-01-26 04:04:59.000,pub_204
b813009c-65cd-4882-8f27-96f0ff74fbb8,6ecad2b7-b646-4008-9939-e26a0ffdc290,2026-01-26 04:14:18.000,pub_204
3ff6b2f7-fd3a-42d0-bc96-ee0ba6da6914,6b5edc02-f930-4de2-a691-c965ad171ac9,2026-01-26 04:24:08.000,pub_445
6a79d158-b20c-4f0f-beee-766a52c2394c,83f9bde8-6044-446e-b665-aee0bb0e656e,2026-01-26 04:26:35.000,pub_512
04bf22ed-fc38-42e1-b170-af0406f83c86,8a176764-6f34-497d-ba92-8314ab2d7719,2026-01-26 04:28:11.000,pub_318
7b92fdc8-fbd9-4a68-8183-d2fed3bcdb5b,fdede5e3-9dba-4ca5-a36e-82895c4618f8,2026-01-26 04:33:49.000,pub_512
4225315a-48d0-47fc-b6b3-3121e2e9ea2e,8a176764-6f34-497d-ba92-8314ab2d7719,2026-01-26 04:38:12.000,pub_445
eaafc413-ec20-4a40-a251-e8ca88a74058,749c9934-39ec-4687-9dbd-78378124d954,2026-01-26 04:47:41.000,pub_512
871bd633-9f3b-4874-94c5-3b8df60f3bb1,80b7708a-f34b-4cd7-9b3d-0594a66337d5,2026-01-26 04:50:09.000,pub_318
e2f7eb02-7450-47b6-b682-0fb725ea9ae6,749c9934-39ec-4687-9dbd-78378124d954,2026-01-26 05:00:00.000,pub_318
e54a1674-821c-472a-a072-2070afe0a389,393fc1c9-d322-4b8a-952e-5ad320900791,2026-01-26 05:20:29.000,pub_101
00e33deb-f50a-4c89-bf42-bf8f14b4a744,6b5edc02-f930-4de2-a691-c965ad171ac9,2026-01-26 05:33:48.000,pub_445
ac0fe877-55a9-4158-ae74-a8d44459b79b,fdede5e3-9dba-4ca5-a36e-82895c4618f8,2026-01-26 05:33:59.000,pub_101
e1ed4b43-a543-4374-b5db-0b29b7440d42,fdede5e3-9dba-4ca5-a36e-82895c4618f8,2026-01-26 05:38:13.000,pub_101
2cb1cb85-5f56-4c2d-afd2-cf1a9cdb30cd,fdede5e3-9dba-4ca5-a36e-82895c4618f8,2026-01-26 05:39:42.000,pub_101
48330f26-e915-4d03-a2aa-88d48ce1dbf9,393fc1c9-d322-4b8a-952e-5ad320900791,2026-01-26 05:45:03.000,pub_512
f59ee298-a962-43e3-9a50-c83bcb6c30f1,fdede5e3-9dba-4ca5-a36e-82895c4618f8,2026-01-26 05:47:03.000,pub_445
2af27cd8-68cc-41bb-95f2-fdd5d35caeab,3f1ed2cc-0767-4665-8370-36e46f39a07e,2026-01-26 05:54:00.000,pub_318
5f6825c0-c44f-4b17-9a50-8b490019db85,3f1ed2cc-0767-4665-8370-36e46f39a07e,2026-01-26 06:26:34.000,pub_512
58c54e6d-eb2e-4065-bf42-986420c1f456,fdede5e3-9dba-4ca5-a36e-82895c4618f8,2026-01-26 06:31:01.000,pub_318
6dba8a37-b31b-4ec9-bff4-49f7f798a49a,33c7942d-55ce-48ca-9169-a374b1f497df,2026-01-26 06:38:59.000,pub_101
c855c7f7-e89e-42a8-b077-90ffcbfde011,83f9bde8-6044-446e-b665-aee0bb0e656e,2026-01-26 06:55:23.000,pub_101
7b926ccc-3826-40e4-ad24-76bcd05c5af5,6ecad2b7-b646-4008-9939-e26a0ffdc290,2026-01-26 07:00:11.000,pub_204
51c55b8c-823f-425c-82e7-1b544fb7738e,fdede5e3-9dba-4ca5-a36e-82895c4618f8,2026-01-26 07:10:15.000,pub_204
9e7fb02a-0e23-4fc5-9b04-36a065ac1834,33c7942d-55ce-48ca-9169-a374b1f497df,2026-01-26 07:21:29.000,pub_445
fc637f97-7261-4672-86e6-17642fe063c8,33c7942d-55ce-48ca-9169-a374b1f497df,2026-01-26 07:24:01.000,pub_318
fcd95575-fade-4775-98b2-e667cc467585,393fc1c9-d322-4b8a-952e-5ad320900791,2026-01-26 07:32:04.000,pub_318
2d7a2036-4473-4216-8f1a-7e57f481e8ab,3f1ed2cc-0767-4665-8370-36e46f39a07e,2026-01-26 07:53:14.000,pub_204
b4b52ad4-c4f6-4fa7-a659-00411a1a8c68,83f9bde8-6044-446e-b665-aee0bb0e656e,2026-01-26 08:09:24.000,pub_318
6c84566b-b47d-4cd0-beae-c8e2ad2b2bad,80b7708a-f34b-4cd7-9b3d-0594a66337d5,2026-01-26 08:13:32.000,pub_445
036218b5-a0ea-43d1-84be-a3acd12e35cb,6ecad2b7-b646-4008-9939-e26a0ffdc290,2026-01-26 08:16:30.000,pub_512
c4e2db12-e3ca-47ee-ade0-9882dd944cad,6b5edc02-f930-4de2-a691-c965ad171ac9,2026-01-26 08:33:49.000,pub_101
2c753bb7-3427-4c9a-9be9-dde128b47dc6,3f1ed2cc-0767-4665-8370-36e46f39a07e,2026-01-26 08:49:43.000,pub_445
be245924-b0e4-4395-9816-d60b11283331,8a176764-6f34-497d-ba92-8314ab2d7719,2026-01-26 08:56:44.000,pub_101
e9f3eee0-1eeb-4795-af58-0dc31b1eca97,6b5edc02-f930-4de2-a691-c965ad171ac9,2026-01-26 09:00:10.000,pub_512
01309bdf-3b8d-472a-b65f-1a190ab6f37e,83f9bde8-6044-446e-b665-aee0bb0e656e,2026-01-26 09:02:44.000,pub_512
3cca67ee-b88d-4ef0-acbe-797cde678e51,80b7708a-f34b-4cd7-9b3d-0594a66337d5,2026-01-26 09:28:48.000,pub_445
aced53da-31da-48b4-9bfd-cf2e39615a53,80b7708a-f34b-4cd7-9b3d-0594a66337d5,2026-01-26 09:32:13.000,pub_318
6a21fceb-e757-43a0-871f-e6aa8eeeb268,83f9bde8-6044-446e-b665-aee0bb0e656e,2026-01-26 09:38:56.000,pub_318
d95f7176-4067-4cd8-b93a-40f098508e0a,3f1ed2cc-0767-4665-8370-36e46f39a07e,2026-01-26 09:40:25.000,pub_318
97d81fe7-ed2f-429a-b6ec-1e9903cc0549,fdede5e3-9dba-4ca5-a36e-82895c4618f8,2026-01-26 09:45:17.000,pub_512
d296094d-19e9-400e-bccf-4e1a942fd842,8a176764-6f34-497d-ba92-8314ab2d7719,2026-01-26 09:48:42.000,pub_512
71e94079-53b1-4cbd-a074-150a2b3f586b,80b7708a-f34b-4cd7-9b3d-0594a66337d5,2026-01-26 09:52:29.000,pub_512
a65265ae-1969-46bb-a210-db2ca900fbeb,6ecad2b7-b646-4008-9939-e26a0ffdc290,2026-01-26 09:56:26.000,pub_204
500f7be0-d468-48df-aceb-71858343db89,393fc1c9-d322-4b8a-952e-5ad320900791,2026-01-26 10:26:22.000,pub_101
caa926e7-b367-4700-a87d-9f914cb66966,80b7708a-f34b-4cd7-9b3d-0594a66337d5,2026-01-26 10:27:38.000,pub_101
29d27010-669f-4413-a98c-542447691a21,83f9bde8-6044-446e-b665-aee0bb0e656e,2026-01-26 10:29:10.000,pub_204
a3b0b911-8ebc-4687-baca-3a4a187f8958,6ecad2b7-b646-4008-9939-e26a0ffdc290,2026-01-26 10:46:29.000,pub_512
114c9f96-a5b4-4b3b-a27f-b7d55d6065af,8a176764-6f34-497d-ba92-8314ab2d7719,2026-01-26 11:01:34.000,pub_512
346661e3-d6a6-4b10-91d8-2ab18db18eee,6ecad2b7-b646-4008-9939-e26a0ffdc290,2026-01-26 11:36:58.000,pub_512
6e7faf17-dc09-4959-b719-6d0ec217ead5,80b7708a-f34b-4cd7-9b3d-0594a66337d5,2026-01-26 11:37:30.000,pub_445
7d48f2d1-00ee-484b-8622-f0eed06abb77,80b7708a-f34b-4cd7-9b3d-0594a66337d5,2026-01-26 11:38:08.000,pub_318
8e6cc76f-5320-43ee-84b0-dcb74d3210b4,83f9bde8-6044-446e-b665-aee0bb0e656e,2026-01-26 11:43:19.000,pub_101
26d768ea-fb49-44ff-963e-b59fbc0d479e,80b7708a-f34b-4cd7-9b3d-0594a66337d5,2026-01-26 11:43:42.000,pub_445
5ef2c5cf-bd96-4b54-a986-f3dbe2ad2d86,6b5edc02-f930-4de2-a691-c965ad171ac9,2026-01-26 11:47:10.000,pub_318
08d80768-3169-4bf3-9519-bc9f1240d3b8,6ecad2b7-b646-4008-9939-e26a0ffdc290,2026-01-26 11:56:43.000,pub_445
57d37949-df97-4a15-b4ae-f4cc318588d8,fdede5e3-9dba-4ca5-a36e-82895c4618f8,2026-01-26 11:57:54.000,pub_318
5c5d6be0-4d3e-4f44-addb-b0679023e6b2,3f1ed2cc-0767-4665-8370-36e46f39a07e,2026-01-26 11:58:20.000,pub_318
7f7a6f1a-c970-4234-b5ca-06cf180d1591,fdede5e3-9dba-4ca5-a36e-82895c4618f8,2026-01-26 11:58:38.000,pub_101
f84127e5-085b-4977-b9cb-891ce0edb027,6b5edc02-f930-4de2-a691-c965ad171ac9,2026-01-26 11:58:58.000,pub_512
4a2a3e23-6ddc-4e0e-885d-129c9440a3cc,83f9bde8-6044-446e-b665-aee0bb0e656e,2026-01-26 12:10:29.000,pub_318
f541f53e-b3d0-4661-bdb3-d0a6ae1ecefa,8a176764-6f34-497d-ba92-8314ab2d7719,2026-01-26 12:13:30.000,pub_445
0a9a13d8-78ae-49d0-83cf-3eb9b7d021b2,fdede5e3-9dba-4ca5-a36e-82895c4618f8,2026-01-26 12:15:34.000,pub_445
8ee4eac0-9821-45f1-843e-0ba6e72cd562,3f1ed2cc-0767-4665-8370-36e46f39a07e,2026-01-26 12:25:47.000,pub_512
ca78f721-fbe5-4a6b-bbdd-a442adde44dd,8a176764-6f34-497d-ba92-8314ab2d7719,2026-01-26 12:28:47.000,pub_445
4429642e-ac66-4e29-8ca8-a4c4192ec694,6b5edc02-f930-4de2-a691-c965ad171ac9,2026-01-26 12:37:04.000,pub_204
713a1f0b-cd8b-440d-b248-8d752041381e,fdede5e3-9dba-4ca5-a36e-82895c4618f8,2026-01-26 12:46:38.000,pub_445
3b2eb4f7-5c69-48e1-b2fc-baf671dd10d0,749c9934-39ec-4687-9dbd-78378124d954,2026-01-26 13:07:55.000,pub_445
d0379dc6-0be5-46e6-aebf-4bfe418fb30b,fdede5e3-9dba-4ca5-a36e-82895c4618f8,2026-01-26 13:10:40.000,pub_318
cbe5c243-4d64-4df9-a87d-6e19c736ff87,6ecad2b7-b646-4008-9939-e26a0ffdc290,2026-01-26 13:17:33.000,pub_101
741dd970-9339-4c3e-8929-681378389782,3f1ed2cc-0767-4665-8370-36e46f39a07e,2026-01-26 13:20:23.000,pub_204
00d012a5-4dd2-420c-94d2-b5ebbab04b03,3f1ed2cc-0767-4665-8370-36e46f39a07e,2026-01-26 13:21:56.000,pub_318
6d28921b-d024-4ec6-a581-87d7f5e83e57,83f9bde8-6044-446e-b665-aee0bb0e656e,2026-01-26 13:27:13.000,pub_101
bef5ef34-c4ef-49e5-b2ef-7c7a16b63257,6ecad2b7-b646-4008-9939-e26a0ffdc290,2026-01-26 13:30:00.000,pub_445
9d82bb83-9cac-4198-a41c-bb4deec40398,749c9934-39ec-4687-9dbd-78378124d954,2026-01-26 13:39:38.000,pub_204
dc02395a-7c3e-4f83-8525-9241df9f7c8e,3f1ed2cc-0767-4665-8370-36e46f39a07e,2026-01-26 13:45:55.000,pub_101
5269a56e-b3fb-45cc-a56f-eed576627ff0,6b5edc02-f930-4de2-a691-c965ad171ac9,2026-01-26 13:49:04.000,pub_318
02008ccd-a818-4e33-b158-3cd3f48a1e73,8a176764-6f34-497d-ba92-8314ab2d7719,2026-01-26 13:53:27.000,pub_204
3b6a1a4c-3f05-4919-ae8f-50fffd778b3d,6ecad2b7-b646-4008-9939-e26a0ffdc290,2026-01-26 13:54:50.000,pub_512
78dbae00-e1ee-436a-af7f-b8960f8d6f55,80b7708a-f34b-4cd7-9b3d-0594a66337d5,2026-01-26 13:56:11.000,pub_512
4448a3b6-d715-45aa-888e-f13f8272ccf3,749c9934-39ec-4687-9dbd-78378124d954,2026-01-26 14:23:33.000,pub_512
86b7382a-194a-47f2-9a34-326a8856d7fb,6ecad2b7-b646-4008-9939-e26a0ffdc290,2026-01-26 14:27:09.000,pub_101
2e2145c6-205e-46f8-8779-f08a47c34939,33c7942d-55ce-48ca-9169-a374b1f497df,2026-01-26 14:47:04.000,pub_512
0a0c1e35-6de5-4ef0-bb32-b4a922b92d01,8a176764-6f34-497d-ba92-8314ab2d7719,2026-01-26 14:49:52.000,pub_445
6733dbff-e801-47a5-bdc9-3887d1db1d7a,6b5edc02-f930-4de2-a691-c965ad171ac9,2026-01-26 14:54:34.000,pub_318
0ae97ca1-fcb9-45d8-8443-14880e5321e3,fdede5e3-9dba-4ca5-a36e-82895c4618f8,2026-01-26 14:59:00.000,pub_318
0a4bdb1a-d0ce-444c-88cb-4fdaf30297be,6b5edc02-f930-4de2-a691-c965ad171ac9,2026-01-26 15:17:39.000,pub_512
aacd9ad5-7338-4fea-8d87-a76dccc83b22,fdede5e3-9dba-4ca5-a36e-82895c4618f8,2026-01-26 15:21:00.000,pub_101
d327bb8e-f215-4404-94ac-94344caba749,fdede5e3-9dba-4ca5-a36e-82895c4618f8,2026-01-26 15:29:54.000,pub_101
1cba8673-8606-4b72-b210-97b43605ffc5,393fc1c9-d322-4b8a-952e-5ad320900791,2026-01-26 15:31:27.000,pub_101
a59447e1-b87a-4f5e-b8e9-7cbf31c24d6f,393fc1c9-d322-4b8a-952e-5ad320900791,2026-01-26 15:37:39.000,pub_101
71affc60-94c5-4a02-b039-b8520da9e3bd,80b7708a-f34b-4cd7-9b3d-0594a66337d5,2026-01-26 16:01:15.000,pub_512
83af2b0c-ae15-4891-bf70-e4c0efd0ffbe,3f1ed2cc-0767-4665-8370-36e46f39a07e,2026-01-26 16:10:08.000,pub_512
3ca855df-12bd-4756-a6c2-5e683566d812,8a176764-6f34-497d-ba92-8314ab2d7719,2026-01-26 16:12:18.000,pub_445
5cecf062-1923-4fe6-a386-cfcfd450f67c,3f1ed2cc-0767-4665-8370-36e46f39a07e,2026-01-26 16:15:38.000,pub_101
2b69f2ed-52ae-4865-82ac-8932739e30b2,fdede5e3-9dba-4ca5-a36e-82895c4618f8,2026-01-26 16:16:59.000,pub_318
eeac95df-9742-4566-b043-b85682467c97,8a176764-6f34-497d-ba92-8314ab2d7719,2026-01-26 16:27:46.000,pub_318
ad72377c-0537-4b65-8487-b51361ef294b,393fc1c9-d322-4b8a-952e-5ad320900791,2026-01-26 16:48:58.000,pub_318
7bf11d19-e2b0-421b-bb34-ab80eade2eab,8a176764-6f34-497d-ba92-8314ab2d7719,2026-01-26 16:49:59.000,pub_318
09f04011-a2c6-44e7-b2f0-833580fd739b,6ecad2b7-b646-4008-9939-e26a0ffdc290,2026-01-26 16:51:55.000,pub_318
ff5ca93b-ea32-4106-b0ff-4527df32dc31,6b5edc02-f930-4de2-a691-c965ad171ac9,2026-01-26 17:01:08.000,pub_318
e2a5a11f-f26b-44dc-82e4-aece21135989,6ecad2b7-b646-4008-9939-e26a0ffdc290,2026-01-26 17:05:14.000,pub_445
df74e53e-c097-4f80-bd7a-8bd684a4556a,fdede5e3-9dba-4ca5-a36e-82895c4618f8,2026-01-26 17:13:44.000,pub_445
4ffd969b-d3cf-4ef7-8997-58520f26b35d,83f9bde8-6044-446e-b665-aee0bb0e656e,2026-01-26 17:35:48.000,pub_445
deb8f31b-5021-4a4e-9cd2-ee9f10e220c4,83f9bde8-6044-446e-b665-aee0bb0e656e,2026-01-26 17:54:24.000,pub_101
d7181707-70ee-4158-b430-37129682ada0,8a176764-6f34-497d-ba92-8314ab2d7719,2026-01-26 18:01:55.000,pub_204
8ff6df37-05f3-46ec-bb87-b80401545e19,80b7708a-f34b-4cd7-9b3d-0594a66337d5,2026-01-26 18:03:17.000,pub_318
185820e0-1bc5-4f55-9bcc-a8f7dcfc31cf,fdede5e3-9dba-4ca5-a36e-82895c4618f8,2026-01-26 18:05:12.000,pub_512
30aa56b8-df02-4229-acb8-200b2bd3eace,393fc1c9-d322-4b8a-952e-5ad320900791,2026-01-26 18:21:36.000,pub_204
1d151864-0399-4dcb-9cda-52ffc7ae7713,6b5edc02-f930-4de2-a691-c965ad171ac9,2026-01-26 18:30:30.000,pub_204
79a3711e-bb3c-481d-b3be-09e17b6fcdce,3f1ed2cc-0767-4665-8370-36e46f39a07e,2026-01-26 18:35:09.000,pub_204
a3e02f1a-4404-4c5c-bce0-0c331bfd47cc,fdede5e3-9dba-4ca5-a36e-82895c4618f8,2026-01-26 18:49:11.000,pub_204
14e59fee-65b5-4797-b44a-0c840ea3e9ca,6b5edc02-f930-4de2-a691-c965ad171ac9,2026-01-26 18:51:13.000,pub_445
da78be37-4803-498b-858d-62fb924b9cba,393fc1c9-d322-4b8a-952e-5ad320900791,2026-01-26 18:58:21.000,pub_445
bcd801f9-07b8-49f1-bfdd-afa21b48620c,3f1ed2cc-0767-4665-8370-36e46f39a07e,2026-01-26 19:18:46.000,pub_101
96131776-373d-459f-9e47-aab81c4fb915,6b5edc02-f930-4de2-a691-c965ad171ac9,2026-01-26 19:25:48.000,pub_445
77ed714f-3a10-4352-b7e5-4f8575d5a47c,fdede5e3-9dba-4ca5-a36e-82895c4618f8,2026-01-26 19:39:40.000,pub_204
43bc959c-5080-437e-be04-a7c5105ebe3e,3f1ed2cc-0767-4665-8370-36e46f39a07e,2026-01-26 19:44:18.000,pub_512
30059aa6-c225-4b01-b966-501b5403ce49,33c7942d-55ce-48ca-9169-a374b1f497df,2026-01-26 19:45:35.000,pub_318
6008dae1-53b6-434f-8e0b-da5e762f5e96,33c7942d-55ce-48ca-9169-a374b1f497df,2026-01-26 20:02:46.000,pub_204
27079f9d-51c3-4aff-b437-31f4bbc5a754,83f9bde8-6044-446e-b665-aee0bb0e656e,2026-01-26 20:13:15.000,pub_445
2cf2c8b7-981a-4892-a06a-76e5738f44bd,8a176764-6f34-497d-ba92-8314ab2d7719,2026-01-26 20:22:20.000,pub_512
ff87af26-ce71-4181-b206-db20dbf45c70,8a176764-6f34-497d-ba92-8314ab2d7719,2026-01-26 20:25:54.000,pub_204
7b45e1d8-4c6d-4e78-a4ee-5418755f7785,6b5edc02-f930-4de2-a691-c965ad171ac9,2026-01-26 20:28:16.000,pub_445
bfd45413-e4b3-4877-99ad-846d40f0b82d,749c9934-39ec-4687-9dbd-78378124d954,2026-01-26 20:41:35.000,pub_445
69c9a190-25be-476f-ae8c-2f490600d015,749c9934-39ec-4687-9dbd-78378124d954,2026-01-26 20:47:21.000,pub_318
91761739-1f16-4ab5-9dd2-2a31254e4f11,83f9bde8-6044-446e-b665-aee0bb0e656e,2026-01-26 20:49:17.000,pub_318
c8867567-99a3-4914-be5b-20a844a1ab57,393fc1c9-d322-4b8a-952e-5ad320900791,2026-01-26 20:55:18.000,pub_512
7cf6e6d9-3302-489c-9b1f-e4c5bf339ce2,83f9bde8-6044-446e-b665-aee0bb0e656e,2026-01-26 21:13:28.000,pub_445
efd491c6-2bc8-4eaf-920f-ef87a70a708e,83f9bde8-6044-446e-b665-aee0bb0e656e,2026-01-26 21:13:47.000,pub_101
edcce6cb-9640-44b4-8c32-213de9cee528,393fc1c9-d322-4b8a-952e-5ad320900791,2026-01-26 21:28:54.000,pub_512
dca81d99-e24b-4e30-8407-1a312d5f4a19,393fc1c9-d322-4b8a-952e-5ad320900791,2026-01-26 21:32:02.000,pub_512
60f92d2c-1469-471f-85cc-32588187b69b,3f1ed2cc-0767-4665-8370-36e46f39a07e,2026-01-26 21:32:49.000,pub_101
c2d2ff22-93c6-4943-86a6-5c6b24e9460c,fdede5e3-9dba-4ca5-a36e-82895c4618f8,2026-01-26 21:37:25.000,pub_512
6791c194-57c0-43e8-82b6-d9f1eee7b651,6ecad2b7-b646-4008-9939-e26a0ffdc290,2026-01-26 21:45:21.000,pub_204
a29f2284-30f8-495d-8797-d186ccbed781,33c7942d-55ce-48ca-9169-a374b1f497df,2026-01-26 21:47:36.000,pub_101
75b83320-5c7b-4057-bb91-8e98d7e95614,83f9bde8-6044-446e-b665-aee0bb0e656e,2026-01-26 21:53:16.000,pub_445
f5cd4381-96ce-40f7-9ade-5e16e59538cb,393fc1c9-d322-4b8a-952e-5ad320900791,2026-01-26 21:54:06.000,pub_204
9429bacb-d255-4e61-a79c-579b6f4584aa,6ecad2b7-b646-4008-9939-e26a0ffdc290,2026-01-26 22:02:20.000,pub_512
5be0d0d2-300e-4c7c-970c-398204d17626,8a176764-6f34-497d-ba92-8314ab2d7719,2026-01-26 22:05:06.000,pub_445
fcab9416-5451-4338-ab94-014368eb3e3e,83f9bde8-6044-446e-b665-aee0bb0e656e,2026-01-26 22:08:05.000,pub_318
8715e22d-74a9-4cb4-8a16-69cf7847ecd4,80b7708a-f34b-4cd7-9b3d-0594a66337d5,2026-01-26 22:17:21.000,pub_101
72467825-4c38-46c6-8c8d-bfe6e05198e9,3f1ed2cc-0767-4665-8370-36e46f39a07e,2026-01-26 22:17:56.000,pub_101
3167b3f0-69e3-4ec9-b38a-ade6f31456b3,80b7708a-f34b-4cd7-9b3d-0594a66337d5,2026-01-26 22:32:00.000,pub_318
b6eec57f-52c3-4f5c-b32a-975d4022ad2b,fdede5e3-9dba-4ca5-a36e-82895c4618f8,2026-01-26 22:38:41.000,pub_512
ef477140-b984-464c-ae01-d4342aadfbfd,fdede5e3-9dba-4ca5-a36e-82895c4618f8,2026-01-26 22:38:58.000,pub_445
951c0edb-c771-498d-8097-2f82bc1fb42b,fdede5e3-9dba-4ca5-a36e-82895c4618f8,2026-01-26 22:43:35.000,pub_445
92257e28-1930-437e-b67d-c5c00845abc1,83f9bde8-6044-446e-b665-aee0bb0e656e,2026-01-26 22:50:40.000,pub_445
f6135e3c-0e1b-4942-879e-e5a2f767741b,6b5edc02-f930-4de2-a691-c965ad171ac9,2026-01-26 22:50:53.000,pub_101
28d9a290-f53c-44b4-900b-1ab7e986c13f,393fc1c9-d322-4b8a-952e-5ad320900791,2026-01-26 23:17:09.000,pub_101
74e37183-4abc-4d2f-bcf5-ef331d5e3e6c,33c7942d-55ce-48ca-9169-a374b1f497df,2026-01-26 23:37:13.000,pub_512
bc335ca4-ae19-4c3f-8b5d-0a7d5610802a,33c7942d-55ce-48ca-9169-a374b1f497df,2026-01-26 23:39:32.000,pub_512
f8ad52c5-3a88-4f51-9e0b-8737ac5af634,8a176764-6f34-497d-ba92-8314ab2d7719,2026-01-26 23:44:22.000,pub_318
2411e4e1-f14a-490f-bdda-77820db58984,6b5edc02-f930-4de2-a691-c965ad171ac9,2026-01-26 23:51:57.000,pub_318
be2e5269-65e0-464d-8b17-47adfb6119a8,80b7708a-f34b-4cd7-9b3d-0594a66337d5,2026-01-26 23:55:10.000,pub_445
51e76379-4fcc-4211-b5eb-82b6b0bc3949,3f1ed2cc-0767-4665-8370-36e46f39a07e,2026-01-27 00:01:21.000,pub_204
ce3ddb8f-78f1-47ef-acca-90a57908462f,83f9bde8-6044-446e-b665-aee0bb0e656e,2026-01-27 00:03:02.000,pub_512
83e600aa-892b-42e6-90b1-fc9dbf2bc2bd,fdede5e3-9dba-4ca5-a36e-82895c4618f8,2026-01-27 00:03:38.000,pub_204
0272866e-192e-4591-9d0f-a31cd8a2a2bf,80b7708a-f34b-4cd7-9b3d-0594a66337d5,2026-01-27 00:05:33.000,pub_101
b0d74563-3cb8-4439-a578-31401002bd58,83f9bde8-6044-446e-b665-aee0bb0e656e,2026-01-27 00:21:06.000,pub_101
2992eb50-bf90-4c16-abb5-6f242585810d,3f1ed2cc-0767-4665-8370-36e46f39a07e,2026-01-27 00:32:52.000,pub_101
4f9e9ac1-f5c0-4335-aafc-fc49d8dd1909,83f9bde8-6044-446e-b665-aee0bb0e656e,2026-01-27 00:43:58.000,pub_204
e9551799-e1c5-46ad-859f-c2f20b24d628,6ecad2b7-b646-4008-9939-e26a0ffdc290,2026-01-27 00:58:59.000,pub_318
0065254d-7136-435a-9369-8b6904cf5890,fdede5e3-9dba-4ca5-a36e-82895c4618f8,2026-01-27 01:08:35.000,pub_512
5ba8be77-a85d-4196-b80e-0f2f7c3ed1f1,3f1ed2cc-0767-4665-8370-36e46f39a07e,2026-01-27 01:15:15.000,pub_204
1e7fddb2-3aa2-47f6-a440-d12f7af48f5c,33c7942d-55ce-48ca-9169-a374b1f497df,2026-01-27 01:17:24.000,pub_101
24799db5-1545-4868-b959-7acb08104bdc,fdede5e3-9dba-4ca5-a36e-82895c4618f8,2026-01-27 01:34:22.000,pub_101
1f2017a1-2c59-4968-ab2b-666b8c45250d,80b7708a-f34b-4cd7-9b3d-0594a66337d5,2026-01-27 01:49:38.000,pub_512
b1c5a6a2-e6d3-4b48-9c47-7bfe2a5d518f,393fc1c9-d322-4b8a-952e-5ad320900791,2026-01-27 02:04:13.000,pub_204
c57a5a06-a999-4c97-9a26-b74e6b531edc,8a176764-6f34-497d-ba92-8314ab2d7719,2026-01-27 02:07:35.000,pub_318
7dd0becf-6186-4214-a2f4-bf5484a834e0,393fc1c9-d322-4b8a-952e-5ad320900791,2026-01-27 02:09:19.000,pub_318
fc270c8d-ab9b-48fb-b37e-e6e5fe55f403,fdede5e3-9dba-4ca5-a36e-82895c4618f8,2026-01-27 02:23:22.000,pub_204
857c794d-3102-45b9-9b0a-776a3f3617fd,6ecad2b7-b646-4008-9939-e26a0ffdc290,2026-01-27 02:45:20.000,pub_512
4ec51140-bccb-48be-8aeb-d1fdcb2e077f,6b5edc02-f930-4de2-a691-c965ad171ac9,2026-01-27 03:08:10.000,pub_512
0a20a96c-9b30-48f3-80e7-a032d1fec38d,fdede5e3-9dba-4ca5-a36e-82895c4618f8,2026-01-27 03:17:44.000,pub_445
c489d278-c28a-4951-82aa-c59d3879f495,6b5edc02-f930-4de2-a691-c965ad171ac9,2026-01-27 03:29:19.000,pub_318
89f0bd13-acd1-4cb9-acf3-bbb314b76b3c,8a176764-6f34-497d-ba92-8314ab2d7719,2026-01-27 03:29:30.000,pub_445
206f6f70-05fa-47db-b3b8-a8324bccba89,80b7708a-f34b-4cd7-9b3d-0594a66337d5,2026-01-27 03:56:33.000,pub_101
cd447df0-7a44-4592-b197-2446bcd7b627,83f9bde8-6044-446e-b665-aee0bb0e656e,2026-01-27 03:57:14.000,pub_318
80946fc3-a173-40f8-8e70-732703a7ee03,8a176764-6f34-497d-ba92-8314ab2d7719,2026-01-27 04:13:38.000,pub_204
7e6aa4cb-f9ab-4e31-b2da-2c9cf6f1ae5c,6b5edc02-f930-4de2-a691-c965ad171ac9,2026-01-27 04:15:11.000,pub_204
2f6e1df1-9162-4d8f-8ebe-29611dd452b6,3f1ed2cc-0767-4665-8370-36e46f39a07e,2026-01-27 04:18:49.000,pub_101
96151cfc-32f9-4624-92ec-0a3750e35748,fdede5e3-9dba-4ca5-a36e-82895c4618f8,2026-01-27 04:19:49.000,pub_204
618948b4-9465-4036-877f-c249a274b0f9,83f9bde8-6044-446e-b665-aee0bb0e656e,2026-01-27 04:26:15.000,pub_512
b029a4f5-fae1-4297-ba9c-20f18509042f,6ecad2b7-b646-4008-9939-e26a0ffdc290,2026-01-27 04:27:20.000,pub_318
f1ddb426-af20-44f5-b3bc-1322d39f317a,6ecad2b7-b646-4008-9939-e26a0ffdc290,2026-01-27 04:41:39.000,pub_512
68b2c6fc-144e-4f8e-beeb-b3a43906c8f8,83f9bde8-6044-446e-b665-aee0bb0e656e,2026-01-27 04:46:09.000,pub_445
334ce832-b8e4-42e0-abd9-e7e6f1abd9b1,80b7708a-f34b-4cd7-9b3d-0594a66337d5,2026-01-27 05:05:04.000,pub_318
39a3bf8b-3bac-4309-9420-f42c205f7146,83f9bde8-6044-446e-b665-aee0bb0e656e,2026-01-27 05:07:26.000,pub_445
94904d78-cc2f-4ac0-a176-271b202c30e2,749c9934-39ec-4687-9dbd-78378124d954,2026-01-27 05:07:45.000,pub_318
1041a907-c216-44e1-8718-9a40c92ab220,83f9bde8-6044-446e-b665-aee0bb0e656e,2026-01-27 05:17:30.000,pub_318
441dcca9-7626-44c3-bed9-463adb4a1d96,749c9934-39ec-4687-9dbd-78378124d954,2026-01-27 05:22:11.000,pub_445
2c6fcd80-480d-45d4-8458-ac0ab59e105c,33c7942d-55ce-48ca-9169-a374b1f497df,2026-01-27 05:25:19.000,pub_318
2a8604dc-cb97-4305-899a-fb565a18ae56,749c9934-39ec-4687-9dbd-78378124d954,2026-01-27 05:34:32.000,pub_318
f2cf34e9-fe37-4d66-9a11-c349806b71d2,749c9934-39ec-4687-9dbd-78378124d954,2026-01-27 05:39:35.000,pub_101
8b9c8845-8e90-447c-8d3c-072dd7e5513f,fdede5e3-9dba-4ca5-a36e-82895c4618f8,2026-01-27 05:47:19.000,pub_318
f3a2c47b-bad7-4125-be20-410ff101acc8,80b7708a-f34b-4cd7-9b3d-0594a66337d5,2026-01-27 05:48:03.000,pub_318
87005624-2673-4246-9852-a121dfe1ae8f,8a176764-6f34-497d-ba92-8314ab2d7719,2026-01-27 05:49:34.000,pub_318
70f69fdc-ffee-4bf1-a8b6-de05bf1384aa,8a176764-6f34-497d-ba92-8314ab2d7719,2026-01-27 06:19:45.000,pub_101
383e0f09-3f87-4bde-b583-e02a95d44c40,6b5edc02-f930-4de2-a691-c965ad171ac9,2026-01-27 06:30:40.000,pub_101
87c9a589-e36a-42b9-87ed-21769d12b4ce,393fc1c9-d322-4b8a-952e-5ad320900791,2026-01-27 06:37:08.000,pub_318
9d26d8ce-f6e9-41f5-afe5-8ad258f20856,83f9bde8-6044-446e-b665-aee0bb0e656e,2026-01-27 06:40:03.000,pub_101
85e5ff3b-eeec-4484-9546-a40c06a95ace,749c9934-39ec-4687-9dbd-78378124d954,2026-01-27 06:47:56.000,pub_512
f791bc1f-e7be-4cee-aab6-853bad536e6b,749c9934-39ec-4687-9dbd-78378124d954,2026-01-27 06:50:01.000,pub_445
3068dc0b-2ed4-41ed-806a-a0cd4583a3d1,749c9934-39ec-4687-9dbd-78378124d954,2026-01-27 06:50:39.000,pub_445
5d02317e-c508-4d81-9820-14bf341f6a62,6b5edc02-f930-4de2-a691-c965ad171ac9,2026-01-27 07:08:21.000,pub_512
ff06044d-36e4-41f3-aa42-bd8b646f4d5e,6ecad2b7-b646-4008-9939-e26a0ffdc290,2026-01-27 07:28:26.000,pub_512
9d1dad30-6ccd-4904-b481-5f82c401aa5f,749c9934-39ec-4687-9dbd-78378124d954,2026-01-27 07:31:34.000,pub_101
58946e46-eb75-4a56-8a59-dc22e69434f9,8a176764-6f34-497d-ba92-8314ab2d7719,2026-01-27 07:37:15.000,pub_318
4a4f2c12-85df-4ddb-baa8-b7fa4422d535,83f9bde8-6044-446e-b665-aee0bb0e656e,2026-01-27 07:40:31.000,pub_318
d5ead0ba-11d0-4394-8801-832c10babefb,fdede5e3-9dba-4ca5-a36e-82895c4618f8,2026-01-27 07:43:10.000,pub_512
48b8520c-9d8a-47d8-b19c-a661c0c22598,8a176764-6f34-497d-ba92-8314ab2d7719,2026-01-27 07:47:19.000,pub_445
cddd6760-4fb6-4130-89d3-44b4db1bfe3b,33c7942d-55ce-48ca-9169-a374b1f497df,2026-01-27 07:59:10.000,pub_318
41198b1c-95f1-40b4-bfd8-a45fb652b656,393fc1c9-d322-4b8a-952e-5ad320900791,2026-01-27 08:20:52.000,pub_318
9728246e-9fbd-488e-af22-84b19fac4f5a,3f1ed2cc-0767-4665-8370-36e46f39a07e,2026-01-27 08:23:33.000,pub_204
f2ac792b-b71b-42ce-b6bd-2278fa4dc4d5,fdede5e3-9dba-4ca5-a36e-82895c4618f8,2026-01-27 08:26:28.000,pub_445
85d78a44-d79d-4d3d-bf8f-95487b3dfb1d,80b7708a-f34b-4cd7-9b3d-0594a66337d5,2026-01-27 08:40:35.000,pub_445
40274cf5-f9b3-4dbd-b913-7d6ef2d0f1ce,80b7708a-f34b-4cd7-9b3d-0594a66337d5,2026-01-27 08:44:03.000,pub_512
e0d8524d-50a0-4f6d-8b6a-ef413869f247,3f1ed2cc-0767-4665-8370-36e46f39a07e,2026-01-27 08:51:47.000,pub_445
d2ca077a-5bdf-4bd2-a8cf-3614f441337d,8a176764-6f34-497d-ba92-8314ab2d7719,2026-01-27 08:53:41.000,pub_318
706fc743-a057-4f07-9a56-b3903f396209,8a176764-6f34-497d-ba92-8314ab2d7719,2026-01-27 08:59:27.000,pub_512
095b0274-d751-4c82-a83d-4277f05e9bda,6ecad2b7-b646-4008-9939-e26a0ffdc290,2026-01-27 09:21:49.000,pub_318
028ef741-6640-4e8e-a144-96f91a94812e,3f1ed2cc-0767-4665-8370-36e46f39a07e,2026-01-27 09:25:27.000,pub_101
1e0ea70d-f07c-45c6-99ad-fe1d2dd27e3a,3f1ed2cc-0767-4665-8370-36e46f39a07e,2026-01-27 09:29:33.000,pub_445
4e0ac00e-8a1b-4bac-a6ae-4aeb4dce164f,33c7942d-55ce-48ca-9169-a374b1f497df,2026-01-27 09:29:49.000,pub_101
d19832db-363d-4836-9ad1-5abd5abbaa8a,fdede5e3-9dba-4ca5-a36e-82895c4618f8,2026-01-27 09:57:09.000,pub_445
9601284b-ad7d-4cff-9b38-6f6bf55e4261,fdede5e3-9dba-4ca5-a36e-82895c4618f8,2026-01-27 10:33:14.000,pub_318
4fa75309-bbb7-4cd1-abcf-3c733bab1719,393fc1c9-d322-4b8a-952e-5ad320900791,2026-01-27 11:03:56.000,pub_204
b916c1b0-0ec5-4f5b-bcda-b3cea514cd18,6ecad2b7-b646-4008-9939-e26a0ffdc290,2026-01-27 11:39:31.000,pub_101
4d3330fc-d17a-4a42-a9e7-8893baf275fa,3f1ed2cc-0767-4665-8370-36e46f39a07e,2026-01-27 11:42:02.000,pub_204
77a2a9ac-7674-4136-b949-6ed1436be3d8,80b7708a-f34b-4cd7-9b3d-0594a66337d5,2026-01-27 11:48:54.000,pub_318
ac41bd50-631a-4695-afda-625a3f310ad0,8a176764-6f34-497d-ba92-8314ab2d7719,2026-01-27 11:56:19.000,pub_204
a3ff30ce-31c7-4242-b763-d922684405d8,3f1ed2cc-0767-4665-8370-36e46f39a07e,2026-01-27 12:00:06.000,pub_204
3bbff2d9-fe1f-4fb3-a313-4b8493f1d2d6,393fc1c9-d322-4b8a-952e-5ad320900791,2026-01-27 12:04:05.000,pub_101
258dc5ed-aacb-4e13-94d4-5310a99e0b8a,393fc1c9-d322-4b8a-952e-5ad320900791,2026-01-27 12:09:59.000,pub_204
18edc158-1339-44ca-8479-4bd103d16fd1,393fc1c9-d322-4b8a-952e-5ad320900791,2026-01-27 12:18:20.000,pub_512
94c8ebc5-88b0-491f-a75a-a470e96299ce,80b7708a-f34b-4cd7-9b3d-0594a66337d5,2026-01-27 12:19:47.000,pub_512
789c5551-9d3f-4fb5-b6da-7c9fbac71c2e,8a176764-6f34-497d-ba92-8314ab2d7719,2026-01-27 12:32:51.000,pub_204
a0b7b0e0-50bd-4d24-b0ef-8c3107221878,749c9934-39ec-4687-9dbd-78378124d954,2026-01-27 12:33:04.000,pub_204
46befd3f-47c1-43ca-b092-379f8efd86e8,80b7708a-f34b-4cd7-9b3d-0594a66337d5,2026-01-27 12:34:48.000,pub_204
afb570fe-d1d1-4ca5-8667-85e88db3e9e0,3f1ed2cc-0767-4665-8370-36e46f39a07e,2026-01-27 12:36:37.000,pub_204
6fadca48-737b-40ad-8cde-69c96088449b,6b5edc02-f930-4de2-a691-c965ad171ac9,2026-01-27 12:47:15.000,pub_204
67509846-3596-46db-be1f-f5b3965e2d58,3f1ed2cc-0767-4665-8370-36e46f39a07e,2026-01-27 12:48:46.000,pub_101
422edb7c-4884-4709-93bd-f8f41b1c9fa7,83f9bde8-6044-446e-b665-aee0bb0e656e,2026-01-27 12:51:30.000,pub_101
93f822c1-e022-4fcd-8079-4c447a8af876,83f9bde8-6044-446e-b665-aee0bb0e656e,2026-01-27 12:53:44.000,pub_101
528d02a5-cab7-4fff-8cd9-ca8102081c1e,8a176764-6f34-497d-ba92-8314ab2d7719,2026-01-27 13:02:33.000,pub_204
821f2df8-d707-431b-adb5-319d65e1470c,6b5edc02-f930-4de2-a691-c965ad171ac9,2026-01-27 13:24:10.000,pub_318
3c6b49f1-57f0-4713-bdfc-1f98227d6b73,3f1ed2cc-0767-4665-8370-36e46f39a07e,2026-01-27 13:26:40.000,pub_318
2996f1de-4437-4184-a1b9-aa2b3e9d65ee,6ecad2b7-b646-4008-9939-e26a0ffdc290,2026-01-27 13:26:41.000,pub_318
e366c6ff-332d-4827-a8e0-47d35810ff88,33c7942d-55ce-48ca-9169-a374b1f497df,2026-01-27 13:27:34.000,pub_101
f33c9826-f465-4003-8276-6dae8202b573,83f9bde8-6044-446e-b665-aee0bb0e656e,2026-01-27 13:37:29.000,pub_318
bf8fcefa-5c03-4f1e-9e13-8e6a3920024e,8a176764-6f34-497d-ba92-8314ab2d7719,2026-01-27 13:57:23.000,pub_204
6e3a2894-4150-4c99-ab92-91923782b0f9,33c7942d-55ce-48ca-9169-a374b1f497df,2026-01-27 14:14:24.000,pub_318
6dcac29c-ef15-48ab-af17-ac9402dbe988,83f9bde8-6044-446e-b665-aee0bb0e656e,2026-01-27 14:22:45.000,pub_318
1f6bba7d-7ef9-406f-8712-cdb5968bf43e,80b7708a-f34b-4cd7-9b3d-0594a66337d5,2026-01-27 14:23:35.000,pub_101
04f93899-489f-48c0-a5dc-7dd9a735ac67,393fc1c9-d322-4b8a-952e-5ad320900791,2026-01-27 14:23:59.000,pub_445
750c8a91-0bd3-4e7c-a8ce-3f04fd5dffa9,6b5edc02-f930-4de2-a691-c965ad171ac9,2026-01-27 14:27:04.000,pub_204
b3e1f8de-431a-4cde-bb1c-54825cdc1902,393fc1c9-d322-4b8a-952e-5ad320900791,2026-01-27 14:37:40.000,pub_445
f6d050f8-309c-4c26-b518-e4946d1aea25,8a176764-6f34-497d-ba92-8314ab2d7719,2026-01-27 14:42:20.000,pub_445
7edb8756-102a-4483-bf81-f6ddc39e3dfc,393fc1c9-d322-4b8a-952e-5ad320900791,2026-01-27 14:42:48.000,pub_318
5293a7b9-613e-44a9-93ac-1d7546792838,3f1ed2cc-0767-4665-8370-36e46f39a07e,2026-01-27 14:52:53.000,pub_318
c035df51-271d-40cb-a418-bfd6a33331e4,fdede5e3-9dba-4ca5-a36e-82895c4618f8,2026-01-27 14:53:45.000,pub_445
d5d2a7d1-f46a-4d01-bc5d-668ca04fa27f,8a176764-6f34-497d-ba92-8314ab2d7719,2026-01-27 14:58:17.000,pub_101
0ec878f4-689e-48a6-a2fa-91aee3850940,fdede5e3-9dba-4ca5-a36e-82895c4618f8,2026-01-27 15:02:16.000,pub_512
3722d0de-b3f6-454f-a368-816ec2d5f5c7,6ecad2b7-b646-4008-9939-e26a0ffdc290,2026-01-27 15:07:21.000,pub_318
2e4f851b-59dd-4f2d-8c45-c604c415ba77,83f9bde8-6044-446e-b665-aee0bb0e656e,2026-01-27 15:15:33.000,pub_101
12343155-2a32-4cb2-beb3-9b51281857d0,6ecad2b7-b646-4008-9939-e26a0ffdc290,2026-01-27 15:24:11.000,pub_512
77e33644-eaa3-4ac6-b3b4-48bf47ff4610,33c7942d-55ce-48ca-9169-a374b1f497df,2026-01-27 15:53:14.000,pub_204
981c2db3-4218-4234-ac6e-b5e3e9abd724,33c7942d-55ce-48ca-9169-a374b1f497df,2026-01-27 16:00:51.000,pub_318
1c03a337-4166-4a1f-b481-4882d5dca756,80b7708a-f34b-4cd7-9b3d-0594a66337d5,2026-01-27 16:01:35.000,pub_445
d729e415-210e-48c5-a610-743bb1858a58,3f1ed2cc-0767-4665-8370-36e46f39a07e,2026-01-27 16:24:12.000,pub_445
a977dc8e-60d0-480a-9fc2-740668321991,8a176764-6f34-497d-ba92-8314ab2d7719,2026-01-27 16:34:03.000,pub_204
a36cb96b-2cc9-44cf-91da-3769a45375ff,8a176764-6f34-497d-ba92-8314ab2d7719,2026-01-27 16:35:50.000,pub_445
7c5698c8-3271-423d-bf3b-8d56dec5fe65,80b7708a-f34b-4cd7-9b3d-0594a66337d5,2026-01-27 16:54:32.000,pub_101
da141ef8-1cf1-44ac-bc7e-28a5a1741d0e,6ecad2b7-b646-4008-9939-e26a0ffdc290,2026-01-27 16:54:43.000,pub_101
9ed7ef3a-bc31-4ac5-b9c4-1a6fcfb815d7,83f9bde8-6044-446e-b665-aee0bb0e656e,2026-01-27 16:56:14.000,pub_204
87efb057-172b-4270-853c-a3531e184f55,3f1ed2cc-0767-4665-8370-36e46f39a07e,2026-01-27 16:58:59.000,pub_318
7e5d2448-dea9-4dfa-a32d-b6763fd3cf37,80b7708a-f34b-4cd7-9b3d-0594a66337d5,2026-01-27 17:04:28.000,pub_318
f288378d-f9b2-46e5-9783-ec0a4d53b811,fdede5e3-9dba-4ca5-a36e-82895c4618f8,2026-01-27 17:09:03.000,pub_101
c4a59daa-ea03-469b-b644-33947a948838,80b7708a-f34b-4cd7-9b3d-0594a66337d5,2026-01-27 17:09:51.000,pub_512
f781668c-3a78-40ef-a000-09dbdab32032,fdede5e3-9dba-4ca5-a36e-82895c4618f8,2026-01-27 17:20:16.000,pub_318
ecd26fea-fa7a-44bf-acd0-d19be0fcd6fc,80b7708a-f34b-4cd7-9b3d-0594a66337d5,2026-01-27 17:20:43.000,pub_101
c2df7d5d-e0d8-4416-915b-dde7d26fce4f,33c7942d-55ce-48ca-9169-a374b1f497df,2026-01-27 17:26:22.000,pub_101
5cd0c042-8cfe-43ca-b9a1-9747de2b1e15,749c9934-39ec-4687-9dbd-78378124d954,2026-01-27 17:28:04.000,pub_512
04475f27-b34f-4efb-b95d-eb552b5ebe18,8a176764-6f34-497d-ba92-8314ab2d7719,2026-01-27 17:32:42.000,pub_318
257a2921-5f7e-41b6-9ff5-b5dbbe858788,80b7708a-f34b-4cd7-9b3d-0594a66337d5,2026-01-27 17:35:33.000,pub_445
f28b88d6-4f0d-491d-a8b9-3c59abbd8ca3,80b7708a-f34b-4cd7-9b3d-0594a66337d5,2026-01-27 17:35:55.000,pub_445
e1867305-ab7b-44b8-b2a7-0a90be4b93aa,6ecad2b7-b646-4008-9939-e26a0ffdc290,2026-01-27 17:54:53.000,pub_101
ddd28c96-dc68-44d3-9da0-e330e7a28712,749c9934-39ec-4687-9dbd-78378124d954,2026-01-27 17:59:22.000,pub_512
41eb7a7b-79d2-4ad7-b218-cf96fd304d0c,83f9bde8-6044-446e-b665-aee0bb0e656e,2026-01-27 18:13:30.000,pub_512
e9385df5-92f3-4670-881c-3f361f46c58f,8a176764-6f34-497d-ba92-8314ab2d7719,2026-01-27 18:16:13.000,pub_204
6a023043-8404-4a87-9445-b30d362408c0,fdede5e3-9dba-4ca5-a36e-82895c4618f8,2026-01-27 18:21:07.000,pub_204
096ca056-bb7d-4ad1-abd6-767c5e7fd06d,749c9934-39ec-4687-9dbd-78378124d954,2026-01-27 18:26:03.000,pub_318
a9a06ba4-90a0-455e-85da-6b7d2f253213,fdede5e3-9dba-4ca5-a36e-82895c4618f8,2026-01-27 18:27:25.000,pub_445
fa9bd4eb-8a57-4989-acc6-25e67041081f,6ecad2b7-b646-4008-9939-e26a0ffdc290,2026-01-27 18:32:40.000,pub_445
8a83569e-4689-4272-ac0d-7d94a30c6af0,393fc1c9-d322-4b8a-952e-5ad320900791,2026-01-27 18:39:12.000,pub_318
6897e420-70cf-4102-99c7-293b1eabce38,83f9bde8-6044-446e-b665-aee0bb0e656e,2026-01-27 18:40:25.000,pub_318
f0304e74-b0c5-4310-85a1-b7873a8476a3,83f9bde8-6044-446e-b665-aee0bb0e656e,2026-01-27 18:44:38.000,pub_512
3a617479-7b8a-4355-b9e3-9407bc0e3c68,8a176764-6f34-497d-ba92-8314ab2d7719,2026-01-27 18:44:39.000,pub_101
b91d1369-2c8b-4be6-b092-485f8e04a612,749c9934-39ec-4687-9dbd-78378124d954,2026-01-27 18:46:08.000,pub_204
ec9a888c-0862-4f8d-9b50-0c52f47e5152,393fc1c9-d322-4b8a-952e-5ad320900791,2026-01-27 18:51:23.000,pub_204
8468f8b2-0d31-42f8-a79d-e03fb160af2a,6ecad2b7-b646-4008-9939-e26a0ffdc290,2026-01-27 18:52:34.000,pub_204
d0a0378f-cbb4-48ea-a3b3-4053a2650f49,6ecad2b7-b646-4008-9939-e26a0ffdc290,2026-01-27 19:01:19.000,pub_204
638f4f72-749c-4eb3-91fa-b7dcd4316300,80b7708a-f34b-4cd7-9b3d-0594a66337d5,2026-01-27 19:11:05.000,pub_445
bc7100e4-665c-46fb-b346-c0701b1d9fdd,6b5edc02-f930-4de2-a691-c965ad171ac9,2026-01-27 19:13:08.000,pub_318
0df1e4ad-0104-4a8a-b86c-f88233e29055,749c9934-39ec-4687-9dbd-78378124d954,2026-01-27 19:16:18.000,pub_101
98668dc2-eabd-4fbe-8ef6-af0afa953bbe,83f9bde8-6044-446e-b665-aee0bb0e656e,2026-01-27 19:32:42.000,pub_318
1210e4e6-eca7-4fcb-8ea6-7d1497988a18,33c7942d-55ce-48ca-9169-a374b1f497df,2026-01-27 19:33:14.000,pub_318
219aeec0-6c8d-435c-8e3d-c6aa05268189,33c7942d-55ce-48ca-9169-a374b1f497df,2026-01-27 19:50:38.000,pub_318
f51d73aa-47bb-4317-9ba9-8c2689daadc5,33c7942d-55ce-48ca-9169-a374b1f497df,2026-01-27 19:58:28.000,pub_445
4cc7ef49-3015-4ee2-a0c4-a729b0bc7e70,fdede5e3-9dba-4ca5-a36e-82895c4618f8,2026-01-27 20:10:59.000,pub_204
1a643012-64a8-40d1-a956-862a4baab0c3,33c7942d-55ce-48ca-9169-a374b1f497df,2026-01-27 20:15:06.000,pub_204
795d51d2-e6e0-4e5f-9596-22323ffeb315,749c9934-39ec-4687-9dbd-78378124d954,2026-01-27 20:20:08.000,pub_445
d58c070e-dbf0-4ace-a984-c06cb8546c69,fdede5e3-9dba-4ca5-a36e-82895c4618f8,2026-01-27 20:23:53.000,pub_445
452f2659-b39e-40aa-a2d2-51cd72cb3c17,fdede5e3-9dba-4ca5-a36e-82895c4618f8,2026-01-27 20:33:08.000,pub_204
50d180cf-c831-49a9-a45b-a24f95045250,393fc1c9-d322-4b8a-952e-5ad320900791,2026-01-27 20:33:19.000,pub_445
13c6d8da-e537-4e15-89ba-756498d23490,33c7942d-55ce-48ca-9169-a374b1f497df,2026-01-27 20:37:23.000,pub_512
8ebd92a8-4503-4457-a561-f21c865ed7c1,393fc1c9-d322-4b8a-952e-5ad320900791,2026-01-27 20:42:35.000,pub_318
0d15c54e-3518-46bc-a040-32fded02c2a6,6b5edc02-f930-4de2-a691-c965ad171ac9,2026-01-27 20:45:13.000,pub_512
c2e7edc6-a7ca-46f0-ad96-8702538e05dd,749c9934-39ec-4687-9dbd-78378124d954,2026-01-27 20:46:00.000,pub_204
a563e890-4def-4b08-b599-2f859e298855,8a176764-6f34-497d-ba92-8314ab2d7719,2026-01-27 20:50:33.000,pub_512
4b102224-f8e3-4a9e-b0f1-9239fcf85620,393fc1c9-d322-4b8a-952e-5ad320900791,2026-01-27 20:54:08.000,pub_512
285ee012-96c8-4c9f-92e3-c192c34769d1,33c7942d-55ce-48ca-9169-a374b1f497df,2026-01-27 21:03:51.000,pub_512
d6df3a22-c436-43ef-b013-ae5465df613d,749c9934-39ec-4687-9dbd-78378124d954,2026-01-27 21:28:54.000,pub_512
fd4daa6d-0924-4730-9ea1-ced1b1f08bb3,749c9934-39ec-4687-9dbd-78378124d954,2026-01-27 21:32:29.000,pub_204
c45a6cb7-e8eb-4ef5-b84a-16084643dd52,8a176764-6f34-497d-ba92-8314ab2d7719,2026-01-27 21:38:18.000,pub_318
fa885b6b-9806-4352-83be-2021345f0d34,3f1ed2cc-0767-4665-8370-36e46f39a07e,2026-01-27 21:48:41.000,pub_318
e863d011-b5fd-4755-ae70-1acf696b610a,3f1ed2cc-0767-4665-8370-36e46f39a07e,2026-01-27 22:03:46.000,pub_204
fecd3647-fa25-4aa8-b6ac-db70676d2563,33c7942d-55ce-48ca-9169-a374b1f497df,2026-01-27 22:07:51.000,pub_445
c9250e6e-6faa-43ce-be04-5eda1fd02f45,393fc1c9-d322-4b8a-952e-5ad320900791,2026-01-27 22:15:45.000,pub_101
5347ce1b-9941-4ae9-85e0-bf4d112c3581,6b5edc02-f930-4de2-a691-c965ad171ac9,2026-01-27 22:16:51.000,pub_204
f2fa7d6a-c744-4383-a09e-a8aa056c833d,749c9934-39ec-4687-9dbd-78378124d954,2026-01-27 22:43:26.000,pub_101
b3ac0efb-1642-451e-9e9b-ea4a449bc223,8a176764-6f34-497d-ba92-8314ab2d7719,2026-01-27 22:49:37.000,pub_204
9332a6b0-4f30-40c5-9c8f-109c793bd625,6b5edc02-f930-4de2-a691-c965ad171ac9,2026-01-27 23:29:00.000,pub_445
51b4d743-37e5-4846-a66e-86520428185e,80b7708a-f34b-4cd7-9b3d-0594a66337d5,2026-01-27 23:31:01.000,pub_445
85245e1e-2d2d-4320-bfce-3b023ddc5ed3,6ecad2b7-b646-4008-9939-e26a0ffdc290,2026-01-27 23:34:12.000,pub_445
17d9d11e-2901-42ca-a32c-01ba2532689b,80b7708a-f34b-4cd7-9b3d-0594a66337d5,2026-01-27 23:36:46.000,pub_445
fbc87605-d49c-4a6b-a62a-090e0148498c,fdede5e3-9dba-4ca5-a36e-82895c4618f8,2026-01-28 00:18:41.000,pub_318
ee3ff75e-a752-4ae2-8695-c951ceae1ac8,3f1ed2cc-0767-4665-8370-36e46f39a07e,2026-01-28 00:19:56.000,pub_204
1b3645eb-e638-4fe2-8d0b-3853adc7a541,3f1ed2cc-0767-4665-8370-36e46f39a07e,2026-01-28 00:38:55.000,pub_101
ecdb0be0-2a81-421f-9c8a-116100ce1ddd,6b5edc02-f930-4de2-a691-c965ad171ac9,2026-01-28 00:45:16.000,pub_101
fafd315b-b279-4e2c-88d3-ae211e68e1f2,33c7942d-55ce-48ca-9169-a374b1f497df,2026-01-28 00:46:51.000,pub_204
9d19e22a-efea-44c7-9473-2a4fcc9a6804,8a176764-6f34-497d-ba92-8314ab2d7719,2026-01-28 00:56:04.000,pub_512
05490163-b7b4-40c0-a611-4af920bd9858,fdede5e3-9dba-4ca5-a36e-82895c4618f8,2026-01-28 00:57:07.000,pub_101
3978c54f-dbfe-4b60-bc5d-169eea83ea6c,393fc1c9-d322-4b8a-952e-5ad320900791,2026-01-28 00:58:41.000,pub_318
596a29f2-fa3b-440e-904f-ce950035066d,393fc1c9-d322-4b8a-952e-5ad320900791,2026-01-28 01:06:16.000,pub_512
ad7d3451-99a2-486d-9aab-13a6b86259a0,33c7942d-55ce-48ca-9169-a374b1f497df,2026-01-28 01:06:21.000,pub_101
26d3888f-ba93-4ed9-a8f8-615ec9211447,80b7708a-f34b-4cd7-9b3d-0594a66337d5,2026-01-28 01:17:10.000,pub_512
3e1d9c12-7153-4839-89eb-e74dae78c602,749c9934-39ec-4687-9dbd-78378124d954,2026-01-28 01:22:52.000,pub_318
74dd3287-b4df-4fb7-9307-cff1507eeacd,8a176764-6f34-497d-ba92-8314ab2d7719,2026-01-28 01:29:07.000,pub_445
070da98c-6976-4aeb-b40c-8e70b8fa6c3a,8a176764-6f34-497d-ba92-8314ab2d7719,2026-01-28 01:43:03.000,pub_101
2e0600ec-3d14-46bf-b318-74383673d920,393fc1c9-d322-4b8a-952e-5ad320900791,2026-01-28 01:44:58.000,pub_101
4ebb5d14-257f-4eda-9902-8db8c8e2cc16,393fc1c9-d322-4b8a-952e-5ad320900791,2026-01-28 01:46:46.000,pub_204
b191a92e-69b0-4cd6-ba48-5e570213d6b7,8a176764-6f34-497d-ba92-8314ab2d7719,2026-01-28 01:48:39.000,pub_512
3fac5615-4a59-4352-aa80-34abe8873d2b,fdede5e3-9dba-4ca5-a36e-82895c4618f8,2026-01-28 02:00:23.000,pub_445
7644123d-7edc-4d6a-9bca-637311372af4,fdede5e3-9dba-4ca5-a36e-82895c4618f8,2026-01-28 02:04:27.000,pub_445
94be585e-5370-4c78-9566-5c49c7b9ded2,33c7942d-55ce-48ca-9169-a374b1f497df,2026-01-28 02:12:54.000,pub_101
80dea340-6717-4741-b191-51c0b4ff28f6,33c7942d-55ce-48ca-9169-a374b1f497df,2026-01-28 02:13:05.000,pub_318
4877cc17-88ae-4fe4-84e4-2c5448d2cee6,83f9bde8-6044-446e-b665-aee0bb0e656e,2026-01-28 02:16:55.000,pub_445
e9a6a656-2b7a-4534-8c36-9511a34d746f,fdede5e3-9dba-4ca5-a36e-82895c4618f8,2026-01-28 02:41:04.000,pub_101
5376c163-4936-4332-92e9-c49bf54721b1,6ecad2b7-b646-4008-9939-e26a0ffdc290,2026-01-28 03:02:17.000,pub_101
8a830ab9-cb8e-462a-a0a4-c82a8a4451de,393fc1c9-d322-4b8a-952e-5ad320900791,2026-01-28 03:02:45.000,pub_445
12e1dde7-4ead-4ac6-8362-221d1c0b364c,83f9bde8-6044-446e-b665-aee0bb0e656e,2026-01-28 03:11:42.000,pub_512
78a90ff6-6600-4195-82ac-7c68371fe772,80b7708a-f34b-4cd7-9b3d-0594a66337d5,2026-01-28 03:13:02.000,pub_445
5e0bc8a9-adfb-4a3a-a63b-289c0fa8dad5,3f1ed2cc-0767-4665-8370-36e46f39a07e,2026-01-28 03:14:43.000,pub_512
04363c74-088f-49fa-93e9-a6c6111bb554,749c9934-39ec-4687-9dbd-78378124d954,2026-01-28 03:23:29.000,pub_512
ecf8e7dc-a9bc-425c-bddd-deba73636383,33c7942d-55ce-48ca-9169-a374b1f497df,2026-01-28 03:24:53.000,pub_512
d51193b9-7253-4375-b0f2-9c8079ffbd2e,393fc1c9-d322-4b8a-952e-5ad320900791,2026-01-28 03:34:58.000,pub_101
e64f902b-ae22-4afc-8454-5bfd7dd6331b,8a176764-6f34-497d-ba92-8314ab2d7719,2026-01-28 03:36:34.000,pub_445
fd3894b7-df09-4771-9571-cbc85cc2de96,8a176764-6f34-497d-ba92-8314ab2d7719,2026-01-28 03:37:38.000,pub_204
51fc31af-211b-479a-a145-f883215d7f74,749c9934-39ec-4687-9dbd-78378124d954,2026-01-28 04:16:16.000,pub_445
1a1e9836-2935-4920-96fd-b166174bf5a6,393fc1c9-d322-4b8a-952e-5ad320900791,2026-01-28 04:23:57.000,pub_445
4055e76e-3d4c-4e4c-a39e-55805bb1435e,83f9bde8-6044-446e-b665-aee0bb0e656e,2026-01-28 04:24:53.000,pub_204
9cfe1111-402e-4682-8c5a-c5c55faee37f,33c7942d-55ce-48ca-9169-a374b1f497df,2026-01-28 04:34:56.000,pub_445
ba4f7f26-ed60-4143-8078-eb85f3243597,749c9934-39ec-4687-9dbd-78378124d954,2026-01-28 04:37:22.000,pub_512
f064576b-d6d8-47e1-a4bd-34102ffa01ce,3f1ed2cc-0767-4665-8370-36e46f39a07e,2026-01-28 04:39:57.000,pub_512
72a9a4c8-68ce-495d-a9da-e34cd3790c31,749c9934-39ec-4687-9dbd-78378124d954,2026-01-28 04:55:52.000,pub_204
42ee198d-c7ab-4fa3-bd5b-54fd12f87d75,8a176764-6f34-497d-ba92-8314ab2d7719,2026-01-28 05:14:53.000,pub_101
72d1dd56-0553-4b76-adbd-4d695d1d536f,6b5edc02-f930-4de2-a691-c965ad171ac9,2026-01-28 05:22:47.000,pub_101
875ad701-165e-469b-a539-e840e8da416f,6b5edc02-f930-4de2-a691-c965ad171ac9,2026-01-28 05:28:49.000,pub_318
ee2025a9-82bc-4abc-bb7b-0872251c5459,393fc1c9-d322-4b8a-952e-5ad320900791,2026-01-28 05:30:20.000,pub_512
e3b242fa-4f8c-4ea0-90be-ae6e10e593a6,80b7708a-f34b-4cd7-9b3d-0594a66337d5,2026-01-28 05:34:20.000,pub_512
f8144043-8017-4161-8652-01fc78642e17,33c7942d-55ce-48ca-9169-a374b1f497df,2026-01-28 05:44:35.000,pub_512
35c4e5a1-9274-4fef-97ed-f49cd29f11d7,6b5edc02-f930-4de2-a691-c965ad171ac9,2026-01-28 05:48:27.000,pub_512
bb52f2d8-00ac-4645-91da-2b565442880f,3f1ed2cc-0767-4665-8370-36e46f39a07e,2026-01-28 05:50:03.000,pub_204
958fff51-8190-478b-9164-1ed9dcfa76f0,749c9934-39ec-4687-9dbd-78378124d954,2026-01-28 05:54:25.000,pub_445
438efcc2-0f9f-4db9-95b9-45656e92c048,8a176764-6f34-497d-ba92-8314ab2d7719,2026-01-28 06:00:08.000,pub_101
84ee2880-bbb3-4a08-87cc-5241d103fa2d,83f9bde8-6044-446e-b665-aee0bb0e656e,2026-01-28 06:22:15.000,pub_101
e2d7a074-bc84-4dcd-b8bc-79ba9772ba8d,6ecad2b7-b646-4008-9939-e26a0ffdc290,2026-01-28 06:23:09.000,pub_512
797ca148-2e25-4c35-9fa3-0b5a30618e11,80b7708a-f34b-4cd7-9b3d-0594a66337d5,2026-01-28 06:23:46.000,pub_101
9d608a1c-63d3-4cb0-9dac-0bc062402550,83f9bde8-6044-446e-b665-aee0bb0e656e,2026-01-28 06:24:30.000,pub_318
ec6fe476-a016-4820-9efb-8eedfded053a,8a176764-6f34-497d-ba92-8314ab2d7719,2026-01-28 06:38:06.000,pub_204
5c9ef1c5-495b-475e-b80f-c0c4265c0ef4,3f1ed2cc-0767-4665-8370-36e46f39a07e,2026-01-28 06:38:36.000,pub_204
dd34f645-3a3a-402e-b0b9-8c22de64e570,80b7708a-f34b-4cd7-9b3d-0594a66337d5,2026-01-28 06:39:39.000,pub_445
f4fb0784-abbe-4cfb-88cc-3766dca3301a,6ecad2b7-b646-4008-9939-e26a0ffdc290,2026-01-28 06:50:05.000,pub_445
3e5f37e4-19c9-499f-a596-3f915dc2c69b,393fc1c9-d322-4b8a-952e-5ad320900791,2026-01-28 07:04:38.000,pub_318
50b66cca-eb36-48d0-ba2a-fddd6d7c8620,83f9bde8-6044-446e-b665-aee0bb0e656e,2026-01-28 07:09:53.000,pub_204
69635090-67f8-49f5-a564-f2ef2ebf671c,393fc1c9-d322-4b8a-952e-5ad320900791,2026-01-28 07:13:37.000,pub_445
9695537e-c644-4978-91b6-8339270fbebf,6b5edc02-f930-4de2-a691-c965ad171ac9,2026-01-28 07:15:16.000,pub_445
630f43e5-1472-4cc1-9781-006e17f27807,393fc1c9-d322-4b8a-952e-5ad320900791,2026-01-28 07:23:19.000,pub_204
5ff52226-66cd-4f8d-a108-490e446c06c7,3f1ed2cc-0767-4665-8370-36e46f39a07e,2026-01-28 07:40:31.000,pub_101
03e503da-2243-4801-a16f-dec85711342d,3f1ed2cc-0767-4665-8370-36e46f39a07e,2026-01-28 07:56:06.000,pub_101
ce6729b8-be2f-40b6-b12e-5a743123a448,33c7942d-55ce-48ca-9169-a374b1f497df,2026-01-28 08:00:32.000,pub_512
6ed3ea38-1ce2-436a-859d-2cd5ac3778d0,83f9bde8-6044-446e-b665-aee0bb0e656e,2026-01-28 08:02:15.000,pub_101
bddf6a08-b493-4cc0-8ca6-04a7ec28ca75,6ecad2b7-b646-4008-9939-e26a0ffdc290,2026-01-28 08:04:09.000,pub_204
1da5dc5f-613a-412a-972a-774b09ae85ce,749c9934-39ec-4687-9dbd-78378124d954,2026-01-28 08:06:52.000,pub_318
fbc687b9-1028-4e88-86d4-c1d5203ce3bf,8a176764-6f34-497d-ba92-8314ab2d7719,2026-01-28 08:07:16.000,pub_101
e0b8da8e-20b5-4594-bcab-03db251393ee,80b7708a-f34b-4cd7-9b3d-0594a66337d5,2026-01-28 08:08:20.000,pub_445
b727cb72-9e0c-432f-a7d4-5b9aa812f1df,393fc1c9-d322-4b8a-952e-5ad320900791,2026-01-28 08:12:40.000,pub_445
51b3835f-4566-436e-b3dc-e8ca831b6d4e,8a176764-6f34-497d-ba92-8314ab2d7719,2026-01-28 08:17:23.000,pub_445
1846f87a-bf1a-4ae9-9e21-497ca8071b5e,393fc1c9-d322-4b8a-952e-5ad320900791,2026-01-28 08:18:09.000,pub_204
91bbc0a9-03e8-4bb0-9a95-f4c4b69582bd,3f1ed2cc-0767-4665-8370-36e46f39a07e,2026-01-28 08:22:02.000,pub_318
c75bb1e4-03bf-45f7-b1e8-64cf8db392c1,749c9934-39ec-4687-9dbd-78378124d954,2026-01-28 08:34:15.000,pub_318
d5ab6a9e-d37e-44c1-9e06-3234e693b3ee,393fc1c9-d322-4b8a-952e-5ad320900791,2026-01-28 08:41:12.000,pub_512
f5d73223-f82d-48e1-a06b-ba1d9ff537e3,8a176764-6f34-497d-ba92-8314ab2d7719,2026-01-28 08:47:57.000,pub_512
4a3fe9e5-8b6d-437b-9139-4ff578c7a693,33c7942d-55ce-48ca-9169-a374b1f497df,2026-01-28 08:52:56.000,pub_318
c02569e0-2f0b-4f86-afc2-269dc7c157b2,749c9934-39ec-4687-9dbd-78378124d954,2026-01-28 08:53:12.000,pub_204
4161ef46-f94b-42c7-861e-3a7f7fa73eec,fdede5e3-9dba-4ca5-a36e-82895c4618f8,2026-01-28 08:56:24.000,pub_512
17e96153-8138-4b42-97ec-4f949a3b99a1,fdede5e3-9dba-4ca5-a36e-82895c4618f8,2026-01-28 09:04:19.000,pub_204
c5a4860e-57cf-4d8b-9518-d242de1faf43,393fc1c9-d322-4b8a-952e-5ad320900791,2026-01-28 09:15:38.000,pub_512
2a52d565-98f6-4257-ab75-f89e612d8b36,33c7942d-55ce-48ca-9169-a374b1f497df,2026-01-28 09:23:41.000,pub_101
662c04b6-b20a-4313-82f3-4d819fc10634,8a176764-6f34-497d-ba92-8314ab2d7719,2026-01-28 09:40:50.000,pub_512
dd9d5361-6967-4218-97ba-1691cdba23be,6ecad2b7-b646-4008-9939-e26a0ffdc290,2026-01-28 09:46:57.000,pub_101
fd54217c-ec42-4dad-8dd2-7df8403863b8,80b7708a-f34b-4cd7-9b3d-0594a66337d5,2026-01-28 09:53:18.000,pub_318
271a8803-afc6-43ff-bb8f-866aa91c700f,3f1ed2cc-0767-4665-8370-36e46f39a07e,2026-01-28 10:02:09.000,pub_101
a0ceeda4-5330-4336-9d05-a8d1f9ee6ff7,6ecad2b7-b646-4008-9939-e26a0ffdc290,2026-01-28 10:05:28.000,pub_204
9a39769f-07aa-435a-8c6d-bbb64d5abb52,33c7942d-55ce-48ca-9169-a374b1f497df,2026-01-28 10:12:21.000,pub_318
ce14a405-fc86-468c-8a77-fa6601cdb3fd,8a176764-6f34-497d-ba92-8314ab2d7719,2026-01-28 10:16:30.000,pub_204
196c4b24-c27f-4495-ba86-044f040b365b,3f1ed2cc-0767-4665-8370-36e46f39a07e,2026-01-28 10:17:13.000,pub_204
04e027fd-f073-41a2-9a00-d0a82e048655,fdede5e3-9dba-4ca5-a36e-82895c4618f8,2026-01-28 10:37:48.000,pub_101
72a8f2b7-98c1-4c37-a21b-5c961f71091a,749c9934-39ec-4687-9dbd-78378124d954,2026-01-28 10:38:11.000,pub_512
a40903e6-5ccb-439a-bc65-c5d837009163,fdede5e3-9dba-4ca5-a36e-82895c4618f8,2026-01-28 10:44:10.000,pub_101
b5c151c3-90ec-4b2a-9cb1-2752582caea8,6b5edc02-f930-4de2-a691-c965ad171ac9,2026-01-28 10:44:29.000,pub_512
cbaeb43b-dafa-4b33-b9db-2aabda4df52a,749c9934-39ec-4687-9dbd-78378124d954,2026-01-28 10:50:43.000,pub_204
56de7c58-d84d-427c-833b-6c23a0f37058,6ecad2b7-b646-4008-9939-e26a0ffdc290,2026-01-28 10:54:57.000,pub_512
2978c901-fe4e-4d71-99f2-2afba4901b0d,8a176764-6f34-497d-ba92-8314ab2d7719,2026-01-28 10:56:31.000,pub_445
f97af9ac-7e80-43e3-a49e-315183972d2a,83f9bde8-6044-446e-b665-aee0bb0e656e,2026-01-28 10:56:31.000,pub_318
46d335da-8955-40f3-ab44-434409719a2b,393fc1c9-d322-4b8a-952e-5ad320900791,2026-01-28 11:21:18.000,pub_101
73ef8632-547a-488b-981b-d21bcb43c0f7,fdede5e3-9dba-4ca5-a36e-82895c4618f8,2026-01-28 11:21:33.000,pub_101
4d69c7c9-fb59-4b2c-be39-a2a4b94b0ea0,83f9bde8-6044-446e-b665-aee0bb0e656e,2026-01-28 11:50:46.000,pub_512
9f417a20-b19e-43f4-8040-fd5d511428d4,749c9934-39ec-4687-9dbd-78378124d954,2026-01-28 12:06:01.000,pub_204
84827879-8ab9-47d4-b862-b1c3217bd501,80b7708a-f34b-4cd7-9b3d-0594a66337d5,2026-01-28 12:06:18.000,pub_318
a4d28eed-48fa-40a3-90b1-959aa492ca5c,6ecad2b7-b646-4008-9939-e26a0ffdc290,2026-01-28 12:07:47.000,pub_512
7af04ce5-36a9-417d-abb3-37a0c4babf9f,8a176764-6f34-497d-ba92-8314ab2d7719,2026-01-28 12:15:21.000,pub_512
f9d343b5-a7eb-4129-b4e0-177f4c47771c,6b5edc02-f930-4de2-a691-c965ad171ac9,2026-01-28 12:25:26.000,pub_318
32ba399b-c056-46ad-beac-146fcb0ec7e9,3f1ed2cc-0767-4665-8370-36e46f39a07e,2026-01-28 12:39:11.000,pub_512
6b2c1408-2248-42be-a011-cc7d409f63f7,8a176764-6f34-497d-ba92-8314ab2d7719,2026-01-28 12:42:36.000,pub_204
363e98cd-6758-45aa-b517-1f5e1f444836,6b5edc02-f930-4de2-a691-c965ad171ac9,2026-01-28 12:46:06.000,pub_318
e6a0cc11-a1b7-4b1f-88cf-777c6f6103d4,33c7942d-55ce-48ca-9169-a374b1f497df,2026-01-28 12:53:45.000,pub_204
f2a1aaa8-57e4-48f4-83ba-4966471c578b,393fc1c9-d322-4b8a-952e-5ad320900791,2026-01-28 12:54:49.000,pub_318
5594e522-6852-410b-9443-6567e54313a8,6ecad2b7-b646-4008-9939-e26a0ffdc290,2026-01-28 12:56:37.000,pub_101
4e1ddf0d-2b04-4a06-b605-7b78e02dd54f,6b5edc02-f930-4de2-a691-c965ad171ac9,2026-01-28 13:01:07.000,pub_101
47f55273-ee87-41ed-b4dd-b03bcc8f5a39,83f9bde8-6044-446e-b665-aee0bb0e656e,2026-01-28 13:07:53.000,pub_445
e9af93f1-a35a-43a7-82e9-b5a4ba4ba344,80b7708a-f34b-4cd7-9b3d-0594a66337d5,2026-01-28 13:09:55.000,pub_101
1392e0a2-dd35-4ff1-a5c3-d026353f917f,749c9934-39ec-4687-9dbd-78378124d954,2026-01-28 13:21:42.000,pub_512
f8b14538-b534-47dd-8c75-94e9cdf5dd03,83f9bde8-6044-446e-b665-aee0bb0e656e,2026-01-28 13:34:30.000,pub_101
98d6a1cd-470c-42df-97b1-d787fcfba362,33c7942d-55ce-48ca-9169-a374b1f497df,2026-01-28 13:43:24.000,pub_512
e2b1ed63-0e78-4132-a634-57adc40ac7da,83f9bde8-6044-446e-b665-aee0bb0e656e,2026-01-28 13:49:28.000,pub_101
423d46d5-596e-472b-81ca-ce9088b1bfbb,8a176764-6f34-497d-ba92-8314ab2d7719,2026-01-28 13:58:11.000,pub_101
bb3ac2ff-d0fb-4adf-97b3-3bc2e12c914d,83f9bde8-6044-446e-b665-aee0bb0e656e,2026-01-28 13:59:08.000,pub_318
5a1d5595-4780-4eea-9a2d-6a8d826e7205,749c9934-39ec-4687-9dbd-78378124d954,2026-01-28 13:59:25.000,pub_512
d8e428c7-b084-4f04-b543-25d994864c6e,749c9934-39ec-4687-9dbd-78378124d954,2026-01-28 14:00:31.000,pub_101
a4de885a-848d-45df-aee0-904dcf48a439,33c7942d-55ce-48ca-9169-a374b1f497df,2026-01-28 14:03:14.000,pub_445
cdb2c7b2-933c-4db9-b801-31fc53230485,3f1ed2cc-0767-4665-8370-36e46f39a07e,2026-01-28 14:07:15.000,pub_512
a538c73f-5db4-4b38-8ad9-a9a4f3220999,80b7708a-f34b-4cd7-9b3d-0594a66337d5,2026-01-28 14:12:40.000,pub_445
7252225f-e17d-47d1-8089-f9bf52032506,33c7942d-55ce-48ca-9169-a374b1f497df,2026-01-28 14:30:04.000,pub_512
55dcca2e-0ada-41b2-a469-b5f98116a939,fdede5e3-9dba-4ca5-a36e-82895c4618f8,2026-01-28 14:37:20.000,pub_445
7559ea62-5b29-4d69-9b0c-3e56b9c7aa8e,fdede5e3-9dba-4ca5-a36e-82895c4618f8,2026-01-28 14:45:51.000,pub_445
66b8c187-1317-4e31-a8d8-94f29c6002f8,8a176764-6f34-497d-ba92-8314ab2d7719,2026-01-28 14:52:01.000,pub_445
63dcb55e-f5ac-4bf7-8f41-df0fd09e3015,6ecad2b7-b646-4008-9939-e26a0ffdc290,2026-01-28 14:57:02.000,pub_101
d747a110-df7f-4b30-a4a9-2cda1585b323,83f9bde8-6044-446e-b665-aee0bb0e656e,2026-01-28 15:00:45.000,pub_445
b39777b7-a9d7-4396-9a52-d4722f82abf4,3f1ed2cc-0767-4665-8370-36e46f39a07e,2026-01-28 15:03:20.000,pub_318
579309e9-ca89-4dfb-be19-468d4468043d,fdede5e3-9dba-4ca5-a36e-82895c4618f8,2026-01-28 15:06:38.000,pub_101
7cc571a6-1555-45c6-a3aa-5e13b8dffd15,749c9934-39ec-4687-9dbd-78378124d954,2026-01-28 15:07:03.000,pub_204
cff26ba4-7643-4f6d-a190-224b6bfeab7c,3f1ed2cc-0767-4665-8370-36e46f39a07e,2026-01-28 15:10:27.000,pub_318
78951cee-720c-4f82-b9c8-9b188cf78e38,80b7708a-f34b-4cd7-9b3d-0594a66337d5,2026-01-28 15:16:35.000,pub_204
13eef6bd-78f2-44d8-a7fb-a87c0cdfb894,749c9934-39ec-4687-9dbd-78378124d954,2026-01-28 15:31:59.000,pub_445
669420ab-866e-47cd-ac34-1c66339cae3e,80b7708a-f34b-4cd7-9b3d-0594a66337d5,2026-01-28 15:51:10.000,pub_204
538d963a-4827-445f-89c9-b2b58c2d53a8,8a176764-6f34-497d-ba92-8314ab2d7719,2026-01-28 15:55:22.000,pub_512
43d63c86-9643-46c9-85cd-987e19152f5e,33c7942d-55ce-48ca-9169-a374b1f497df,2026-01-28 15:59:07.000,pub_204
6ffc6878-280c-4e4f-918a-1598918baba6,6b5edc02-f930-4de2-a691-c965ad171ac9,2026-01-28 16:07:49.000,pub_204
1fdc2157-eec2-447d-bddd-57782870d18a,83f9bde8-6044-446e-b665-aee0bb0e656e,2026-01-28 16:17:05.000,pub_204
5a662a42-3383-4a89-b534-1ed2f8bf7bd0,6b5edc02-f930-4de2-a691-c965ad171ac9,2026-01-28 16:20:21.000,pub_318
1fee9563-2507-407d-a2c3-f4e17ced455f,83f9bde8-6044-446e-b665-aee0bb0e656e,2026-01-28 16:22:20.000,pub_101
dbc77d19-36ae-4fc7-b7fc-23c747062aa9,33c7942d-55ce-48ca-9169-a374b1f497df,2026-01-28 16:25:12.000,pub_318
e127b0cf-0361-41a5-ba6e-d026de76ac2d,393fc1c9-d322-4b8a-952e-5ad320900791,2026-01-28 16:25:34.000,pub_512
bd5d4a53-49b3-42f6-b8af-fda43d962ed4,749c9934-39ec-4687-9dbd-78378124d954,2026-01-28 16:28:02.000,pub_445
113841cd-37ae-4d57-87cd-563bace4a750,749c9934-39ec-4687-9dbd-78378124d954,2026-01-28 16:31:27.000,pub_318
c7a4051c-b8ac-4ab3-82bd-6527f0862ab7,fdede5e3-9dba-4ca5-a36e-82895c4618f8,2026-01-28 16:35:17.000,pub_204
562cfa1c-2653-4c50-bf60-3f354b714eca,80b7708a-f34b-4cd7-9b3d-0594a66337d5,2026-01-28 16:43:37.000,pub_318
b6dd02a4-ca66-4fb9-80db-f3bad2778f5d,6b5edc02-f930-4de2-a691-c965ad171ac9,2026-01-28 16:52:17.000,pub_445
ca061945-ab2c-4f7b-9e93-7eab9c5f07e5,83f9bde8-6044-446e-b665-aee0bb0e656e,2026-01-28 16:52:35.000,pub_512
533c069e-6ed1-4e41-ae29-d13f2dd82f8e,fdede5e3-9dba-4ca5-a36e-82895c4618f8,2026-01-28 16:57:58.000,pub_318
5df9e971-4abd-4d2e-b440-e4e68683f6ba,6ecad2b7-b646-4008-9939-e26a0ffdc290,2026-01-28 17:14:30.000,pub_512
d2f9850c-f6c0-45c9-9a64-df7219035747,6b5edc02-f930-4de2-a691-c965ad171ac9,2026-01-28 17:25:57.000,pub_512
2327321f-6cb6-4ad2-b838-88451ad5657e,8a176764-6f34-497d-ba92-8314ab2d7719,2026-01-28 17:32:32.000,pub_204
7de5571f-7a06-4200-aebe-b9a0cb66b3e5,33c7942d-55ce-48ca-9169-a374b1f497df,2026-01-28 17:45:22.000,pub_204
60ec2451-2ad6-4d32-9124-8224b09b4681,8a176764-6f34-497d-ba92-8314ab2d7719,2026-01-28 17:46:35.000,pub_101
a89a4554-d182-4ea0-b634-3cccdc76de50,83f9bde8-6044-446e-b665-aee0bb0e656e,2026-01-28 17:49:43.000,pub_512
4cf18c2d-fbbe-4bf2-acd8-6f30d940baa8,80b7708a-f34b-4cd7-9b3d-0594a66337d5,2026-01-28 18:01:41.000,pub_318
db6fd5e6-ddb2-4aea-931e-113d105a2a35,83f9bde8-6044-446e-b665-aee0bb0e656e,2026-01-28 18:18:11.000,pub_512
23fc5cec-7b3a-45c4-a372-11355e9d6ee8,3f1ed2cc-0767-4665-8370-36e46f39a07e,2026-01-28 18:18:32.000,pub_204
f1df6127-56f5-4b25-8966-af160f53f6c5,3f1ed2cc-0767-4665-8370-36e46f39a07e,2026-01-28 18:19:25.000,pub_204
a08953d5-39b1-4661-9b55-19675cacc22b,80b7708a-f34b-4cd7-9b3d-0594a66337d5,2026-01-28 18:20:17.000,pub_318
df9441b8-aa67-4809-94c0-0e04afd0e9f2,6b5edc02-f930-4de2-a691-c965ad171ac9,2026-01-28 18:22:55.000,pub_512
ac26de30-c221-495b-8a70-f5ad90e791fb,393fc1c9-d322-4b8a-952e-5ad320900791,2026-01-28 18:25:20.000,pub_318
0124b0be-f6b4-41e3-9996-012724ac3d78,3f1ed2cc-0767-4665-8370-36e46f39a07e,2026-01-28 18:28:39.000,pub_204
47c07e0d-d215-4cd3-a4a7-8b0c75076e6d,6ecad2b7-b646-4008-9939-e26a0ffdc290,2026-01-28 18:38:48.000,pub_445
078b6ff9-031a-4d73-a151-149ca8ee1eb8,6b5edc02-f930-4de2-a691-c965ad171ac9,2026-01-28 19:01:02.000,pub_204
fcf26d3a-9274-41cf-aca8-db7a84fbd381,393fc1c9-d322-4b8a-952e-5ad320900791,2026-01-28 19:05:33.000,pub_101
3050267a-8aa9-4687-be05-7ebb0d930ea5,393fc1c9-d322-4b8a-952e-5ad320900791,2026-01-28 19:15:55.000,pub_512
045106c6-866d-4ff4-881c-426716eeaac3,33c7942d-55ce-48ca-9169-a374b1f497df,2026-01-28 19:17:07.000,pub_318
8ba8029b-2df7-4387-8cd3-87a5cc053c2b,3f1ed2cc-0767-4665-8370-36e46f39a07e,2026-01-28 19:27:01.000,pub_101
06cb720f-29e5-42f7-8fba-421f53ef849b,6b5edc02-f930-4de2-a691-c965ad171ac9,2026-01-28 19:50:25.000,pub_204
0aca65ec-ccef-41da-b582-f938a9a8c3e9,8a176764-6f34-497d-ba92-8314ab2d7719,2026-01-28 19:59:42.000,pub_512
69bfd2d3-bd80-48b4-9ddb-ef0e7f5a2985,393fc1c9-d322-4b8a-952e-5ad320900791,2026-01-28 20:21:13.000,pub_101
286fb391-a34a-4aaf-8125-111bcefe9a77,33c7942d-55ce-48ca-9169-a374b1f497df,2026-01-28 20:26:27.000,pub_204
46e6e26b-04a5-4b34-8bc2-bef086785d59,3f1ed2cc-0767-4665-8370-36e46f39a07e,2026-01-28 20:37:01.000,pub_445
ac03e3e9-73ec-4a5a-85c3-65af67a2c2a5,fdede5e3-9dba-4ca5-a36e-82895c4618f8,2026-01-28 20:41:54.000,pub_445
6aa65e73-fa4e-4cdf-914a-6a0e0174a997,33c7942d-55ce-48ca-9169-a374b1f497df,2026-01-28 20:43:32.000,pub_445
7c1ed298-9292-40fb-9e2d-4168853c06aa,749c9934-39ec-4687-9dbd-78378124d954,2026-01-28 20:44:27.000,pub_204
765f9d43-d21d-4f5d-8ffa-b67a84f70109,3f1ed2cc-0767-4665-8370-36e46f39a07e,2026-01-28 20:44:40.000,pub_204
894c30c3-b6d8-45c3-9863-4fc6136ecbb2,80b7708a-f34b-4cd7-9b3d-0594a66337d5,2026-01-28 20:45:42.000,pub_445
1d584620-9ccd-4ce5-8235-bd10062c4631,33c7942d-55ce-48ca-9169-a374b1f497df,2026-01-28 20:51:18.000,pub_204
0ca9984e-8303-43ec-83b0-5252bb4925bb,33c7942d-55ce-48ca-9169-a374b1f497df,2026-01-28 20:51:40.000,pub_204
b877154d-2bd7-4f35-bb04-4aa08d7cfaf5,33c7942d-55ce-48ca-9169-a374b1f497df,2026-01-28 20:52:29.000,pub_204
f7a9ef3f-4008-42ec-b7c7-9c519d65eac0,fdede5e3-9dba-4ca5-a36e-82895c4618f8,2026-01-28 20:54:49.000,pub_204
59cd491f-40db-4a59-a76d-9dcf6f018ec7,8a176764-6f34-497d-ba92-8314ab2d7719,2026-01-28 21:21:48.000,pub_318
3e59f33c-b9ee-4e92-9057-1ee7f44e8496,749c9934-39ec-4687-9dbd-78378124d954,2026-01-28 21:22:13.000,pub_204
08e2ee2a-a36c-4207-8723-0e6a1c2b1988,6ecad2b7-b646-4008-9939-e26a0ffdc290,2026-01-28 21:33:11.000,pub_512
3f173243-8f99-4f9d-b8cb-761bdc42c73a,6ecad2b7-b646-4008-9939-e26a0ffdc290,2026-01-28 21:41:51.000,pub_445
effeb537-ec91-4be5-9b48-c90fdf8d645c,80b7708a-f34b-4cd7-9b3d-0594a66337d5,2026-01-28 21:48:27.000,pub_101
52dc403a-f00f-46ef-9d1f-9ea6400fbd27,83f9bde8-6044-446e-b665-aee0bb0e656e,2026-01-28 21:58:43.000,pub_204
4e366d81-96cd-484b-9a3e-9bbeecc918d6,83f9bde8-6044-446e-b665-aee0bb0e656e,2026-01-28 22:05:23.000,pub_512
897e5a9b-fabc-47c3-b435-66baa32ad92d,6ecad2b7-b646-4008-9939-e26a0ffdc290,2026-01-28 22:11:03.000,pub_318
dd2fa351-e65b-4c86-b494-f6efda4eba21,83f9bde8-6044-446e-b665-aee0bb0e656e,2026-01-28 22:11:26.000,pub_204
f510593a-a27a-4aef-afa9-5d45f816fc88,393fc1c9-d322-4b8a-952e-5ad320900791,2026-01-28 22:11:31.000,pub_318
cd37efc6-b11e-4452-9f78-3457d870ab80,3f1ed2cc-0767-4665-8370-36e46f39a07e,2026-01-28 22:11:52.000,pub_204
ff330b0d-2d6e-45fd-bb5b-c071559b13bd,6b5edc02-f930-4de2-a691-c965ad171ac9,2026-01-28 22:12:27.000,pub_318
2c042245-4fde-4dd1-a2c5-994b8515e65b,3f1ed2cc-0767-4665-8370-36e46f39a07e,2026-01-28 22:13:13.000,pub_512
38eb3da6-b788-4ada-b9cc-95f96a29b103,6ecad2b7-b646-4008-9939-e26a0ffdc290,2026-01-28 22:17:33.000,pub_101
20678017-9916-4a4b-bb47-0948553cf937,83f9bde8-6044-446e-b665-aee0bb0e656e,2026-01-28 22:20:17.000,pub_204
32a2e15b-b6ca-44ef-a2ff-f13aa9967419,749c9934-39ec-4687-9dbd-78378124d954,2026-01-28 22:41:15.000,pub_512
6d6a99d5-1ba9-4bd1-9a07-f0bfb58072d1,6b5edc02-f930-4de2-a691-c965ad171ac9,2026-01-28 22:43:47.000,pub_445
8951f2b5-a37f-4a5d-ace9-5b88eff5683f,749c9934-39ec-4687-9dbd-78378124d954,2026-01-28 22:48:28.000,pub_445
3f70537e-2ff2-492f-8ff1-b50e28ddef00,33c7942d-55ce-48ca-9169-a374b1f497df,2026-01-28 22:51:06.000,pub_445
99e291a1-2901-42b7-8873-778789224623,749c9934-39ec-4687-9dbd-78378124d954,2026-01-28 22:51:59.000,pub_101
0253dc8b-e632-409d-8b0f-cf5ce2940b03,6ecad2b7-b646-4008-9939-e26a0ffdc290,2026-01-28 22:57:49.000,pub_204
46a593a4-d46b-457b-9dd0-3ce711a6bc9d,3f1ed2cc-0767-4665-8370-36e46f39a07e,2026-01-28 22:57:56.000,pub_512
3de98236-8605-4e17-9b83-a754574555e1,6b5edc02-f930-4de2-a691-c965ad171ac9,2026-01-28 23:03:22.000,pub_512
f57fcaee-250b-450a-9ed2-07c8102b516c,749c9934-39ec-4687-9dbd-78378124d954,2026-01-28 23:06:35.000,pub_101
d4592afc-763e-4b2b-a0b6-517886dc76af,6b5edc02-f930-4de2-a691-c965ad171ac9,2026-01-28 23:13:01.000,pub_318
4e79f994-832a-4d23-8e79-9bf02a9831d7,3f1ed2cc-0767-4665-8370-36e46f39a07e,2026-01-28 23:20:06.000,pub_445
db109af3-9ab3-4c00-87a0-70e2e4114025,80b7708a-f34b-4cd7-9b3d-0594a66337d5,2026-01-28 23:33:30.000,pub_318
1f233b96-1d69-42a6-9d6a-f35b6b045a5e,6ecad2b7-b646-4008-9939-e26a0ffdc290,2026-01-28 23:34:04.000,pub_204
38bd74cc-7396-4ba5-8c42-e4ae7610befd,fdede5e3-9dba-4ca5-a36e-82895c4618f8,2026-01-28 23:44:43.000,pub_318
2bd333ad-c808-4ed3-b88b-0c1b6075587d,80b7708a-f34b-4cd7-9b3d-0594a66337d5,2026-01-28 23:46:25.000,pub_204
64857870-22a6-4f7c-9f5c-0f1f3b0a9a1e,6ecad2b7-b646-4008-9939-e26a0ffdc290,2026-01-28 23:48:22.000,pub_204
0d86a083-2233-457b-9fa1-726e8dad1490,6ecad2b7-b646-4008-9939-e26a0ffdc290,2026-01-29 00:04:16.000,pub_445
b6a7468e-141e-4b1f-8342-17430758f700,83f9bde8-6044-446e-b665-aee0bb0e656e,2026-01-29 00:05:07.000,pub_101
40b77ec7-2400-4b0f-9c4a-6b9fe4a3c8ec,749c9934-39ec-4687-9dbd-78378124d954,2026-01-29 00:05:09.000,pub_204
1e3223c1-1761-4547-9520-0ef7b122615a,6b5edc02-f930-4de2-a691-c965ad171ac9,2026-01-29 00:16:34.000,pub_318
24e8994f-1746-4cbd-9992-aa413b86e3bd,83f9bde8-6044-446e-b665-aee0bb0e656e,2026-01-29 00:26:54.000,pub_318
021dc3e8-43bb-4f12-817c-6186b3c81e9c,749c9934-39ec-4687-9dbd-78378124d954,2026-01-29 00:30:35.000,pub_318
d61d603b-0357-4b07-a078-02b22092e5f6,33c7942d-55ce-48ca-9169-a374b1f497df,2026-01-29 00:32:09.000,pub_101
14ff8e34-d90f-4923-a54b-034dae4f7f8e,fdede5e3-9dba-4ca5-a36e-82895c4618f8,2026-01-29 00:39:32.000,pub_101
c663aed5-f2c5-475c-8370-5e001d863be5,749c9934-39ec-4687-9dbd-78378124d954,2026-01-29 00:39:50.000,pub_204
fbc5227f-c2cc-4207-a9b9-9c7f0ca3e341,83f9bde8-6044-446e-b665-aee0bb0e656e,2026-01-29 00:40:31.000,pub_512
19837746-63e0-4789-85cd-f8a79279166b,6b5edc02-f930-4de2-a691-c965ad171ac9,2026-01-29 00:43:01.000,pub_318
159c1c85-9489-4b50-ad21-777256f0c58a,6ecad2b7-b646-4008-9939-e26a0ffdc290,2026-01-29 00:50:45.000,pub_204
d753c40b-c71d-4702-b59e-dc8f677c0a51,393fc1c9-d322-4b8a-952e-5ad320900791,2026-01-29 00:54:21.000,pub_318
911b9ed6-4b8c-4123-b032-ec3f7a100c2b,6b5edc02-f930-4de2-a691-c965ad171ac9,2026-01-29 00:56:03.000,pub_445
284da366-d06f-4146-b13c-cf23218b684c,3f1ed2cc-0767-4665-8370-36e46f39a07e,2026-01-29 00:59:34.000,pub_204
3bf3a4e0-92d6-4c5e-bcf1-2e238fade437,6b5edc02-f930-4de2-a691-c965ad171ac9,2026-01-29 01:08:10.000,pub_318
902732ca-9729-4544-8b67-e583ca62baf5,393fc1c9-d322-4b8a-952e-5ad320900791,2026-01-29 01:14:53.000,pub_445
b0c9af02-fcc4-4eb5-ae64-4c51c8f04953,fdede5e3-9dba-4ca5-a36e-82895c4618f8,2026-01-29 01:19:25.000,pub_512
a141c86f-c87f-4087-8367-c1cd6329dee2,3f1ed2cc-0767-4665-8370-36e46f39a07e,2026-01-29 01:20:20.000,pub_445
d013f94f-f90c-4b38-9938-dba788157e73,393fc1c9-d322-4b8a-952e-5ad320900791,2026-01-29 01:20:49.000,pub_445
e955ef96-45a3-48d1-be89-3fef52b9b46d,393fc1c9-d322-4b8a-952e-5ad320900791,2026-01-29 01:24:13.000,pub_512
bbff1ea1-c82e-4e6d-971e-da7b69e78473,8a176764-6f34-497d-ba92-8314ab2d7719,2026-01-29 01:29:00.000,pub_204
6c66d1cb-7b0c-4503-b819-ae53c5a819a6,393fc1c9-d322-4b8a-952e-5ad320900791,2026-01-29 01:31:36.000,pub_512
d725def8-4e84-45fb-ac3b-00ee718f8ff2,6ecad2b7-b646-4008-9939-e26a0ffdc290,2026-01-29 01:33:37.000,pub_512
290bcb6e-5456-4580-956e-2a4a696ad451,fdede5e3-9dba-4ca5-a36e-82895c4618f8,2026-01-29 01:34:28.000,pub_101
5e152ddc-3fcb-4fcf-acec-e1ccf698efa8,8a176764-6f34-497d-ba92-8314ab2d7719,2026-01-29 01:34:59.000,pub_204
270667bc-eb89-479e-9f69-41a8530f31c4,6ecad2b7-b646-4008-9939-e26a0ffdc290,2026-01-29 02:03:52.000,pub_204
66a1554c-4c4b-400d-8f61-3920c9fb49fe,fdede5e3-9dba-4ca5-a36e-82895c4618f8,2026-01-29 02:12:59.000,pub_101
1a6d25b3-7d4a-42cc-8b77-2d4822fccc36,6b5edc02-f930-4de2-a691-c965ad171ac9,2026-01-29 02:29:22.000,pub_512
d5c270ab-a927-4e3a-b210-36b76965c49f,8a176764-6f34-497d-ba92-8314ab2d7719,2026-01-29 02:30:27.000,pub_101
cbae6bcf-5498-444e-bd0e-6e81caa45ec3,6ecad2b7-b646-4008-9939-e26a0ffdc290,2026-01-29 02:59:12.000,pub_204
d5f634fc-5afd-4fac-b537-ad851629483f,80b7708a-f34b-4cd7-9b3d-0594a66337d5,2026-01-29 03:07:40.000,pub_204
2af14425-5857-482c-8d07-235046bbb19a,393fc1c9-d322-4b8a-952e-5ad320900791,2026-01-29 03:11:09.000,pub_512
9e383ce6-45ef-40ab-bfbe-7f54c8616e77,6b5edc02-f930-4de2-a691-c965ad171ac9,2026-01-29 03:13:40.000,pub_445
83a89827-0deb-4c9d-810b-b4573bf2e957,393fc1c9-d322-4b8a-952e-5ad320900791,2026-01-29 03:14:54.000,pub_101
5c4f2cb3-a278-486b-ab40-0e0b325def49,83f9bde8-6044-446e-b665-aee0bb0e656e,2026-01-29 03:32:55.000,pub_512
7f219fec-58e8-46f5-84fd-4066301d60a0,80b7708a-f34b-4cd7-9b3d-0594a66337d5,2026-01-29 03:43:52.000,pub_512
d86ac30e-cf94-4793-8cdb-5f5631810da8,8a176764-6f34-497d-ba92-8314ab2d7719,2026-01-29 03:57:15.000,pub_204
ec13536a-7f73-4fc3-8b4b-ec8324b7b225,fdede5e3-9dba-4ca5-a36e-82895c4618f8,2026-01-29 04:03:43.000,pub_445
8cc8e58b-1ecd-4ddb-8185-9ccf2ec44878,3f1ed2cc-0767-4665-8370-36e46f39a07e,2026-01-29 04:06:49.000,pub_512
8d287457-d4ba-4265-90c6-620d4fe248e6,6b5edc02-f930-4de2-a691-c965ad171ac9,2026-01-29 04:07:28.000,pub_512
9ffc1048-0d47-4460-ae46-1ee800ee5219,749c9934-39ec-4687-9dbd-78378124d954,2026-01-29 04:11:45.000,pub_101
137e76b4-7619-482e-8fea-3b86d9a2b356,393fc1c9-d322-4b8a-952e-5ad320900791,2026-01-29 04:18:58.000,pub_204
40ce5cfc-413b-4cc7-b56a-25e8a54df57f,83f9bde8-6044-446e-b665-aee0bb0e656e,2026-01-29 04:47:32.000,pub_445
ffc2c513-44f0-4298-be6d-a74535a9fdee,6ecad2b7-b646-4008-9939-e26a0ffdc290,2026-01-29 04:56:59.000,pub_512
4d200803-df51-4e0c-af89-ec23bbfe8d56,33c7942d-55ce-48ca-9169-a374b1f497df,2026-01-29 05:07:53.000,pub_445
44469bcc-9ed1-4d13-bc84-e289f8408b43,83f9bde8-6044-446e-b665-aee0bb0e656e,2026-01-29 05:11:10.000,pub_101
c51fcb6a-866b-48d0-b741-c52895604755,33c7942d-55ce-48ca-9169-a374b1f497df,2026-01-29 05:33:40.000,pub_318
bc56c5a8-7069-4cb5-ab88-eb63fe298ac2,fdede5e3-9dba-4ca5-a36e-82895c4618f8,2026-01-29 05:35:36.000,pub_318
b12f55c7-f7c7-4dbb-9d2d-8608ed359fbd,fdede5e3-9dba-4ca5-a36e-82895c4618f8,2026-01-29 05:37:16.000,pub_101
53ce3ded-b4c9-4eb0-997e-3e86f8a6adba,6ecad2b7-b646-4008-9939-e26a0ffdc290,2026-01-29 05:40:35.000,pub_101
f1c205b8-f1b1-4e30-8699-58b61b5b217e,6b5edc02-f930-4de2-a691-c965ad171ac9,2026-01-29 05:41:14.000,pub_445
bcf88cca-a8ca-499f-87eb-f6e103784486,393fc1c9-d322-4b8a-952e-5ad320900791,2026-01-29 05:44:43.000,pub_445
a9533478-259c-4cad-b75d-d81e40823646,8a176764-6f34-497d-ba92-8314ab2d7719,2026-01-29 05:47:12.000,pub_512
9b7cff49-7932-4358-8112-4a1422f5b15f,393fc1c9-d322-4b8a-952e-5ad320900791,2026-01-29 05:57:05.000,pub_512
a99224c4-142f-4adf-917f-f3d41949bf7a,33c7942d-55ce-48ca-9169-a374b1f497df,2026-01-29 05:59:03.000,pub_512
372e59c4-fb09-4f83-8f5a-8023c7995917,749c9934-39ec-4687-9dbd-78378124d954,2026-01-29 06:01:38.000,pub_101
da213774-ad0f-4f7d-9872-53eb16065d7f,fdede5e3-9dba-4ca5-a36e-82895c4618f8,2026-01-29 06:27:23.000,pub_512
6c049c22-8358-49fa-98ea-eee45e91e0ea,83f9bde8-6044-446e-b665-aee0bb0e656e,2026-01-29 06:30:32.000,pub_204
ab8516bf-a672-41d9-9dc4-74adce94eca2,749c9934-39ec-4687-9dbd-78378124d954,2026-01-29 06:40:22.000,pub_512
68f0c2af-3bea-4c10-9893-98007d4453a1,6ecad2b7-b646-4008-9939-e26a0ffdc290,2026-01-29 06:49:55.000,pub_204
5caf2fa4-f82e-4547-805c-f066cfb9330c,393fc1c9-d322-4b8a-952e-5ad320900791,2026-01-29 07:05:06.000,pub_101
83dc8064-cab0-4605-9618-dd8d9d7b49eb,749c9934-39ec-4687-9dbd-78378124d954,2026-01-29 07:07:52.000,pub_445
24ab5bc1-6fc6-46af-bcd7-3a9c8fad0a61,8a176764-6f34-497d-ba92-8314ab2d7719,2026-01-29 07:25:38.000,pub_204
e5724648-a974-47c9-b87c-ccf84f827027,83f9bde8-6044-446e-b665-aee0bb0e656e,2026-01-29 07:32:54.000,pub_101
2aca5da1-6e3a-4eb5-8d97-21fbd74267a5,6b5edc02-f930-4de2-a691-c965ad171ac9,2026-01-29 07:38:42.000,pub_318
412818d0-59a9-4604-93e3-e68c1ba453ca,749c9934-39ec-4687-9dbd-78378124d954,2026-01-29 07:46:00.000,pub_445
e59db63f-b498-4cbc-9fa9-6180222858b4,6ecad2b7-b646-4008-9939-e26a0ffdc290,2026-01-29 07:46:20.000,pub_445
1b0df72d-93b9-4c02-b926-91e4e8f41486,393fc1c9-d322-4b8a-952e-5ad320900791,2026-01-29 07:51:14.000,pub_445
b2232781-869b-47c0-804f-1923cf576298,83f9bde8-6044-446e-b665-aee0bb0e656e,2026-01-29 07:55:27.000,pub_318
bb0e6694-7667-4e72-bdee-aec543e53835,fdede5e3-9dba-4ca5-a36e-82895c4618f8,2026-01-29 07:59:58.000,pub_512
8af217d9-8b53-4cde-993d-117d953fcd80,3f1ed2cc-0767-4665-8370-36e46f39a07e,2026-01-29 08:00:47.000,pub_101
33f866fd-d651-480c-ad55-2db7baccdf6c,33c7942d-55ce-48ca-9169-a374b1f497df,2026-01-29 08:01:12.000,pub_512
ddbda0e7-7480-4fc5-bec0-63549dba264d,80b7708a-f34b-4cd7-9b3d-0594a66337d5,2026-01-29 08:01:39.000,pub_512
a0d8d600-6a2b-4a8b-a777-ad89b4684566,6b5edc02-f930-4de2-a691-c965ad171ac9,2026-01-29 08:21:55.000,pub_101
6bc45f31-fd41-42f8-9bd3-57e1e0e42705,749c9934-39ec-4687-9dbd-78378124d954,2026-01-29 08:22:15.000,pub_101
a0e738b6-5a28-4555-8bfd-6f9ac544ac20,6ecad2b7-b646-4008-9939-e26a0ffdc290,2026-01-29 08:23:35.000,pub_318
641f2579-42fa-4980-9dcf-8ced318e80a2,83f9bde8-6044-446e-b665-aee0bb0e656e,2026-01-29 08:26:47.000,pub_512
3b118c03-0280-4a8d-8f4e-25b83a030a48,80b7708a-f34b-4cd7-9b3d-0594a66337d5,2026-01-29 08:30:06.000,pub_101
fadf0f24-a5b6-4067-af08-46d14ca9b525,83f9bde8-6044-446e-b665-aee0bb0e656e,2026-01-29 08:32:56.000,pub_318
6c78d243-636a-447d-af61-686a54d3a1a1,6ecad2b7-b646-4008-9939-e26a0ffdc290,2026-01-29 08:33:40.000,pub_445
a1cd9668-9809-49c4-8ba0-2bd434afbba8,749c9934-39ec-4687-9dbd-78378124d954,2026-01-29 08:47:21.000,pub_445
0a686723-65cf-48f1-bf26-2191a358f9dd,6b5edc02-f930-4de2-a691-c965ad171ac9,2026-01-29 08:47:25.000,pub_445
4b9d0598-cc37-4cb1-8f35-2c5fc59d7348,80b7708a-f34b-4cd7-9b3d-0594a66337d5,2026-01-29 08:57:18.000,pub_318
bdaa7e82-84d5-4821-b0e2-fb157e970923,33c7942d-55ce-48ca-9169-a374b1f497df,2026-01-29 09:03:42.000,pub_445
73a11637-7a36-48fa-b91e-9f221f5dddb8,fdede5e3-9dba-4ca5-a36e-82895c4618f8,2026-01-29 09:07:43.000,pub_512
490ebe37-167d-408a-906e-7be1bce21ee9,6ecad2b7-b646-4008-9939-e26a0ffdc290,2026-01-29 09:14:03.000,pub_101
b34e0771-ecc4-434e-befa-a4c0b92a36bb,80b7708a-f34b-4cd7-9b3d-0594a66337d5,2026-01-29 09:32:57.000,pub_204
c96c3b74-882f-4c4e-b236-ff5156a818ab,6b5edc02-f930-4de2-a691-c965ad171ac9,2026-01-29 09:45:35.000,pub_512
d2a17b8a-89f3-4061-a4fe-e5a07e09ed27,33c7942d-55ce-48ca-9169-a374b1f497df,2026-01-29 09:49:01.000,pub_318
c5f37aaf-c63a-4d17-a8ed-79b60bca7c59,393fc1c9-d322-4b8a-952e-5ad320900791,2026-01-29 09:50:03.000,pub_445
5b4163cb-615e-49e5-9f36-369292090db2,8a176764-6f34-497d-ba92-8314ab2d7719,2026-01-29 09:50:16.000,pub_204
76ab8b73-4e9b-4b3f-b74f-ff23c573ae41,6b5edc02-f930-4de2-a691-c965ad171ac9,2026-01-29 10:09:02.000,pub_512
ec0cde55-7c61-4845-a00e-76874ea85bc7,33c7942d-55ce-48ca-9169-a374b1f497df,2026-01-29 10:14:09.000,pub_101
30a16587-9eb7-4f7b-b39f-ea3f5cde3800,33c7942d-55ce-48ca-9169-a374b1f497df,2026-01-29 10:14:30.000,pub_512
be1b4b97-1e46-4061-a4a5-287086d4ae6c,fdede5e3-9dba-4ca5-a36e-82895c4618f8,2026-01-29 10:16:58.000,pub_101
11f02363-5d5b-43ec-b9fd-8c833bea78b2,33c7942d-55ce-48ca-9169-a374b1f497df,2026-01-29 10:20:40.000,pub_101
66e70aba-1549-4c42-8f5c-5f6cdaf1db24,3f1ed2cc-0767-4665-8370-36e46f39a07e,2026-01-29 10:21:49.000,pub_204
a6cb4171-310a-428a-a296-53cb48693fab,6b5edc02-f930-4de2-a691-c965ad171ac9,2026-01-29 10:29:16.000,pub_445
d9d3e15a-2c5f-4680-871e-3149b269f011,3f1ed2cc-0767-4665-8370-36e46f39a07e,2026-01-29 10:46:24.000,pub_204
6a5549ae-fbb9-44de-b303-95c79d9c8635,3f1ed2cc-0767-4665-8370-36e46f39a07e,2026-01-29 10:52:21.000,pub_445
22d99415-91d8-486c-89b8-a1d367fa0810,83f9bde8-6044-446e-b665-aee0bb0e656e,2026-01-29 10:56:26.000,pub_101
0085f2af-a86c-442f-b466-2b29c5cac34d,8a176764-6f34-497d-ba92-8314ab2d7719,2026-01-29 11:09:24.000,pub_101
742e9837-816c-4d20-89fe-59f890f779b0,83f9bde8-6044-446e-b665-aee0bb0e656e,2026-01-29 11:15:07.000,pub_204
d883c402-890f-4615-a6a1-00a0d2df6eff,6ecad2b7-b646-4008-9939-e26a0ffdc290,2026-01-29 11:26:57.000,pub_204
1695da4c-c9d0-4420-a31e-1faaae3dd4de,8a176764-6f34-497d-ba92-8314ab2d7719,2026-01-29 11:42:08.000,pub_101
001a2960-0dab-4fdf-b23b-ca2bb9cba691,6ecad2b7-b646-4008-9939-e26a0ffdc290,2026-01-29 11:43:36.000,pub_318
15c490a4-6cbd-4fc0-bdce-164a2b620c04,393fc1c9-d322-4b8a-952e-5ad320900791,2026-01-29 11:43:49.000,pub_512
336fd722-bf62-405f-afe2-92bd0417c263,749c9934-39ec-4687-9dbd-78378124d954,2026-01-29 11:48:39.000,pub_512
bbec8e85-3b11-472e-9f9c-1679ef0950cc,393fc1c9-d322-4b8a-952e-5ad320900791,2026-01-29 12:06:32.000,pub_445
6ddb0db9-4518-447a-91b9-94074dd640a5,6ecad2b7-b646-4008-9939-e26a0ffdc290,2026-01-29 12:06:51.000,pub_512
9ef6f7d5-dd4c-4d05-a6f0-e995eba909ce,83f9bde8-6044-446e-b665-aee0bb0e656e,2026-01-29 12:16:26.000,pub_445
623a5fbb-68d8-4ed6-820e-deba632813e2,749c9934-39ec-4687-9dbd-78378124d954,2026-01-29 12:34:14.000,pub_318
5ff23675-ff55-4096-a72c-49e61172e6f8,749c9934-39ec-4687-9dbd-78378124d954,2026-01-29 12:51:07.000,pub_204
9d6ca39d-2c2d-4380-8af3-9cd8f75929a3,6b5edc02-f930-4de2-a691-c965ad171ac9,2026-01-29 12:58:51.000,pub_318
fa021cd4-a6af-47b2-8384-947fcffd26cd,33c7942d-55ce-48ca-9169-a374b1f497df,2026-01-29 13:20:58.000,pub_445
7d484b0b-37e3-456e-8fef-71df4a0ef1aa,393fc1c9-d322-4b8a-952e-5ad320900791,2026-01-29 13:25:45.000,pub_512
232d232c-0440-442e-beff-920e1b75c682,749c9934-39ec-4687-9dbd-78378124d954,2026-01-29 13:31:06.000,pub_512
4626e855-6c10-4c59-95d0-6233096e4a8b,6b5edc02-f930-4de2-a691-c965ad171ac9,2026-01-29 13:34:56.000,pub_204
310400ba-761d-4303-8bd7-2420f022dc4b,33c7942d-55ce-48ca-9169-a374b1f497df,2026-01-29 13:40:53.000,pub_445
c36497aa-086c-457c-92d2-a826a63dd551,8a176764-6f34-497d-ba92-8314ab2d7719,2026-01-29 13:45:25.000,pub_512
66563b01-bc7a-446c-9158-eecbe2ef508e,83f9bde8-6044-446e-b665-aee0bb0e656e,2026-01-29 13:51:03.000,pub_318
9dc08cee-6cc8-49cc-818e-8a7a0931290e,33c7942d-55ce-48ca-9169-a374b1f497df,2026-01-29 14:01:59.000,pub_445
0feb5cae-176c-4278-b2e1-cabd2aff0de8,80b7708a-f34b-4cd7-9b3d-0594a66337d5,2026-01-29 14:24:25.000,pub_445
60230679-dc5b-4677-a845-ba9f0d375b83,80b7708a-f34b-4cd7-9b3d-0594a66337d5,2026-01-29 14:36:28.000,pub_101
6523988f-6edb-49c1-8576-680149dd0172,6b5edc02-f930-4de2-a691-c965ad171ac9,2026-01-29 14:56:04.000,pub_318
61224bf0-05d9-4658-9357-c20ccd28066d,6b5edc02-f930-4de2-a691-c965ad171ac9,2026-01-29 15:00:49.000,pub_101
102ffb0d-40ad-4033-8d22-759345f3adba,80b7708a-f34b-4cd7-9b3d-0594a66337d5,2026-01-29 15:26:31.000,pub_204
53320bba-cf72-49a6-92d2-d117aa40c092,80b7708a-f34b-4cd7-9b3d-0594a66337d5,2026-01-29 15:35:26.000,pub_445
79d45769-49d9-4f6e-8326-7d104a43e668,3f1ed2cc-0767-4665-8370-36e46f39a07e,2026-01-29 15:45:01.000,pub_318
aadc3ce2-35b3-4d3b-950d-79c97f60618c,8a176764-6f34-497d-ba92-8314ab2d7719,2026-01-29 15:46:02.000,pub_204
39e490bd-0700-490c-9609-7448a4e95108,3f1ed2cc-0767-4665-8370-36e46f39a07e,2026-01-29 15:46:33.000,pub_445
a5a4f055-92c5-44be-bf1f-55b779fa6c38,749c9934-39ec-4687-9dbd-78378124d954,2026-01-29 15:47:39.000,pub_101
9a933fca-1597-4af9-a67c-2049aac86108,fdede5e3-9dba-4ca5-a36e-82895c4618f8,2026-01-29 15:47:58.000,pub_101
02e53468-d214-4ae5-8527-a34d953479b4,8a176764-6f34-497d-ba92-8314ab2d7719,2026-01-29 15:54:02.000,pub_204
7f59e0a6-b99c-4e3d-ad9b-193d67294d4a,6b5edc02-f930-4de2-a691-c965ad171ac9,2026-01-29 16:00:33.000,pub_512
fbf6a1bd-8c4e-4e23-baaf-f867e42efe8a,80b7708a-f34b-4cd7-9b3d-0594a66337d5,2026-01-29 16:02:56.000,pub_101
866e1f25-5bed-463c-bd80-2d91c192a199,3f1ed2cc-0767-4665-8370-36e46f39a07e,2026-01-29 16:05:39.000,pub_101
5c686cc9-057d-43c6-ae62-00afb907160f,3f1ed2cc-0767-4665-8370-36e46f39a07e,2026-01-29 16:18:14.000,pub_204
5c73bf3a-0ba4-433f-823a-8d5c8afa37fb,8a176764-6f34-497d-ba92-8314ab2d7719,2026-01-29 16:18:50.000,pub_512
9a1fcd4b-5e52-424c-952b-c00ee42c8fd1,6b5edc02-f930-4de2-a691-c965ad171ac9,2026-01-29 16:19:16.000,pub_204
4f33349c-ff53-4024-bbc0-3ff17842e92a,749c9934-39ec-4687-9dbd-78378124d954,2026-01-29 16:26:27.000,pub_204
3ed91e1f-2a08-4468-9574-690f483404bf,6b5edc02-f930-4de2-a691-c965ad171ac9,2026-01-29 16:39:47.000,pub_445
c95e8d51-0758-4ac9-a153-ed90c18ca91a,6b5edc02-f930-4de2-a691-c965ad171ac9,2026-01-29 16:47:36.000,pub_204
a5294481-67a4-4742-aaee-81c386c8d71c,33c7942d-55ce-48ca-9169-a374b1f497df,2026-01-29 17:03:14.000,pub_101
8ed7d1c3-4e66-469e-b010-943c202c7327,749c9934-39ec-4687-9dbd-78378124d954,2026-01-29 17:13:12.000,pub_101
f27f0d78-b854-4bd5-9e01-50ecb74e8cd9,83f9bde8-6044-446e-b665-aee0bb0e656e,2026-01-29 17:20:31.000,pub_204
17d2487c-99e7-4118-aa84-0e652f9ea442,749c9934-39ec-4687-9dbd-78378124d954,2026-01-29 17:22:11.000,pub_445
d92bd672-0f56-4934-a4c1-67a617bb04a8,393fc1c9-d322-4b8a-952e-5ad320900791,2026-01-29 17:22:19.000,pub_318
29ca970d-e24b-4352-aafe-15c5800e3664,6ecad2b7-b646-4008-9939-e26a0ffdc290,2026-01-29 17:27:43.000,pub_204
d4a0af72-5e86-4cf3-960d-f282b26ffb22,fdede5e3-9dba-4ca5-a36e-82895c4618f8,2026-01-29 17:34:20.000,pub_318
90d74c45-3ef2-45e6-a9c1-ca345ce556ba,80b7708a-f34b-4cd7-9b3d-0594a66337d5,2026-01-29 17:36:18.000,pub_512
241a6f03-b165-4ec9-a5ce-f7a7082b25b9,fdede5e3-9dba-4ca5-a36e-82895c4618f8,2026-01-29 17:36:30.000,pub_512
9ea42a03-6824-42c5-941d-fb3ec712fdc5,6b5edc02-f930-4de2-a691-c965ad171ac9,2026-01-29 17:51:40.000,pub_101
0e5a956f-e83a-404e-885f-c904212ba56b,6b5edc02-f930-4de2-a691-c965ad171ac9,2026-01-29 17:59:40.000,pub_512
a6924ee7-d21b-4ffc-93cd-ae5924b32453,80b7708a-f34b-4cd7-9b3d-0594a66337d5,2026-01-29 18:16:58.000,pub_318
6594f156-d362-483e-82fc-651bf9353635,83f9bde8-6044-446e-b665-aee0bb0e656e,2026-01-29 18:19:00.000,pub_318
3fe4c4a6-3be0-4292-928f-671408fa6eaa,6b5edc02-f930-4de2-a691-c965ad171ac9,2026-01-29 18:20:06.000,pub_318
97325301-a92e-42ba-a48f-28cead2610ac,393fc1c9-d322-4b8a-952e-5ad320900791,2026-01-29 18:20:54.000,pub_318
d2ff316b-5cb0-41ee-aa43-6164b3bfffe7,33c7942d-55ce-48ca-9169-a374b1f497df,2026-01-29 18:20:57.000,pub_101
320c1738-0f66-41ea-8fdd-5e5c0f876e24,fdede5e3-9dba-4ca5-a36e-82895c4618f8,2026-01-29 18:45:14.000,pub_204
5d8adccd-622a-4d5f-972c-b80cd6d12455,fdede5e3-9dba-4ca5-a36e-82895c4618f8,2026-01-29 18:45:42.000,pub_204
d233683c-5415-4275-99e1-1f6fd99d92b5,6ecad2b7-b646-4008-9939-e26a0ffdc290,2026-01-29 18:55:07.000,pub_318
e61c2f13-8d84-4df1-ac8a-fdaa5986c861,6b5edc02-f930-4de2-a691-c965ad171ac9,2026-01-29 19:11:45.000,pub_318
12c699fc-3c60-4761-9911-782881c4fcc3,8a176764-6f34-497d-ba92-8314ab2d7719,2026-01-29 19:18:40.000,pub_512
3aad919e-db0d-487f-8751-96cbde098ade,749c9934-39ec-4687-9dbd-78378124d954,2026-01-29 19:24:53.000,pub_445
63bc7a82-d1da-4b39-b9fa-020b45c6224d,8a176764-6f34-497d-ba92-8314ab2d7719,2026-01-29 19:33:52.000,pub_512
faa2ac98-502e-40b4-b2db-a4ab80fd537c,fdede5e3-9dba-4ca5-a36e-82895c4618f8,2026-01-29 19:44:46.000,pub_318
b49f6e2a-bfd1-4e24-bdea-93293a8861fd,3f1ed2cc-0767-4665-8370-36e46f39a07e,2026-01-29 19:50:02.000,pub_512
244ef0c2-4f65-4ea3-ac2b-fa25d1e95c94,8a176764-6f34-497d-ba92-8314ab2d7719,2026-01-29 19:58:24.000,pub_204
c76ee88d-6ac0-4976-8b83-ce6cac189234,3f1ed2cc-0767-4665-8370-36e46f39a07e,2026-01-29 20:02:33.000,pub_101
5a394338-b5c3-4259-9ae1-31d10224836f,8a176764-6f34-497d-ba92-8314ab2d7719,2026-01-29 20:06:39.000,pub_445
36f18fae-f742-4d65-a0be-00d5438f1496,6ecad2b7-b646-4008-9939-e26a0ffdc290,2026-01-29 20:07:02.000,pub_318
f04c093f-72fd-4dc5-b2d9-59b758a884a7,3f1ed2cc-0767-4665-8370-36e46f39a07e,2026-01-29 20:09:11.000,pub_512
d3d0bd35-9f60-472c-bcb1-640535dee48f,393fc1c9-d322-4b8a-952e-5ad320900791,2026-01-29 20:23:42.000,pub_101
037049cc-5eda-4ae7-96b6-4b90c24c41c9,80b7708a-f34b-4cd7-9b3d-0594a66337d5,2026-01-29 20:31:04.000,pub_204
cc4ca236-4439-4b7b-b2dc-593a1a2948a3,33c7942d-55ce-48ca-9169-a374b1f497df,2026-01-29 20:33:32.000,pub_101
bcb383c5-5a76-4150-8efc-941611687179,83f9bde8-6044-446e-b665-aee0bb0e656e,2026-01-29 21:05:57.000,pub_204
b0fe0372-9f9b-4e66-bb46-c9648dcc3580,3f1ed2cc-0767-4665-8370-36e46f39a07e,2026-01-29 21:11:20.000,pub_512
0739f6a9-1881-4fda-80e4-7e706da4bd5c,8a176764-6f34-497d-ba92-8314ab2d7719,2026-01-29 21:29:34.000,pub_445
fea45e1f-7ecb-4a8a-8884-6cbf14f56b80,3f1ed2cc-0767-4665-8370-36e46f39a07e,2026-01-29 21:56:03.000,pub_445
2d543186-b537-43c2-a144-845ddd4d27bb,33c7942d-55ce-48ca-9169-a374b1f497df,2026-01-29 22:06:50.000,pub_101
384f5313-9901-4cf0-bad2-d4dccabbc1eb,8a176764-6f34-497d-ba92-8314ab2d7719,2026-01-29 22:16:02.000,pub_101
5ccd7872-da79-4d95-981f-1615d885fe00,6ecad2b7-b646-4008-9939-e26a0ffdc290,2026-01-29 22:22:08.000,pub_101
aefd6773-c508-4106-adec-addb6347e5f8,3f1ed2cc-0767-4665-8370-36e46f39a07e,2026-01-29 22:28:41.000,pub_445
7035828b-bd96-430b-afb5-cab248218519,6ecad2b7-b646-4008-9939-e26a0ffdc290,2026-01-29 22:31:54.000,pub_512
0a6649a2-f8b8-4915-ba08-69f472c3703e,33c7942d-55ce-48ca-9169-a374b1f497df,2026-01-29 22:34:17.000,pub_204
c6df07db-7c22-438e-8439-bf6377a2e3ed,393fc1c9-d322-4b8a-952e-5ad320900791,2026-01-29 22:37:42.000,pub_204
a09d1fd6-3610-422d-af0b-656e4d623b4d,8a176764-6f34-497d-ba92-8314ab2d7719,2026-01-29 22:38:15.000,pub_204
fac4c4a1-02fb-4e5a-a793-d9d5ab66f561,3f1ed2cc-0767-4665-8370-36e46f39a07e,2026-01-29 22:39:03.000,pub_101
a23e7c56-7ca2-4810-87d8-03082a4603ef,393fc1c9-d322-4b8a-952e-5ad320900791,2026-01-29 22:42:25.000,pub_204
19450ee1-bdb6-4c23-8fec-3c73334509ef,33c7942d-55ce-48ca-9169-a374b1f497df,2026-01-29 22:45:19.000,pub_318
aa804078-bfe0-47c3-9af4-9a83c8464712,80b7708a-f34b-4cd7-9b3d-0594a66337d5,2026-01-29 22:46:28.000,pub_318
74a0adfc-6924-4a57-90cd-d95044ecd576,6b5edc02-f930-4de2-a691-c965ad171ac9,2026-01-29 22:48:38.000,pub_204
523e7dbd-ba11-45fc-bbc4-e49ac7a7d64a,83f9bde8-6044-446e-b665-aee0bb0e656e,2026-01-29 22:49:16.000,pub_512
69051203-b084-4934-a9b2-a46f1c9e3475,fdede5e3-9dba-4ca5-a36e-82895c4618f8,2026-01-29 22:51:45.000,pub_445
8cff9e96-e0ac-4dfe-a02c-1740f339dde0,80b7708a-f34b-4cd7-9b3d-0594a66337d5,2026-01-29 22:52:00.000,pub_101
82c9e46f-aa50-44fe-901b-67694ed62404,fdede5e3-9dba-4ca5-a36e-82895c4618f8,2026-01-29 23:03:21.000,pub_445
9d641bdb-a41f-4102-a2d0-6ea34e6e3a79,83f9bde8-6044-446e-b665-aee0bb0e656e,2026-01-29 23:15:10.000,pub_318
d880fe28-db7a-4c76-9ff6-861cd0b8f8b5,83f9bde8-6044-446e-b665-aee0bb0e656e,2026-01-29 23:18:41.000,pub_318
7e3dd9d4-111e-4d98-ade1-d9124928726e,33c7942d-55ce-48ca-9169-a374b1f497df,2026-01-29 23:23:22.000,pub_512
3a4560f3-2761-4a50-aec3-1aeaba0f1640,749c9934-39ec-4687-9dbd-78378124d954,2026-01-29 23:24:57.000,pub_101
c4c0622a-6ae9-451b-8c32-2ca6e2332794,33c7942d-55ce-48ca-9169-a374b1f497df,2026-01-29 23:33:35.000,pub_204
4cfa6edd-3326-4233-89e0-4587b2629a05,80b7708a-f34b-4cd7-9b3d-0594a66337d5,2026-01-29 23:39:23.000,pub_101
03a0e744-65de-4f6f-9669-551b76360d15,6b5edc02-f930-4de2-a691-c965ad171ac9,2026-01-29 23:41:04.000,pub_101
21a1616d-283c-44c9-bf6d-e9d3dca6df42,749c9934-39ec-4687-9dbd-78378124d954,2026-01-29 23:41:27.000,pub_204
b5e470e9-1eb9-4eae-82a6-107464fde8b7,80b7708a-f34b-4cd7-9b3d-0594a66337d5,2026-01-30 00:00:43.000,pub_512
10d48bab-7942-4cb5-8f1b-87004d2638ec,33c7942d-55ce-48ca-9169-a374b1f497df,2026-01-30 00:06:21.000,pub_101
85d47924-1f38-4ad3-b398-0a4389234760,8a176764-6f34-497d-ba92-8314ab2d7719,2026-01-30 00:09:35.000,pub_445
28171c8a-2a38-4d0b-b0f6-b7c5aa621e32,393fc1c9-d322-4b8a-952e-5ad320900791,2026-01-30 00:17:49.000,pub_318
e49b2ad2-5304-42cf-adc2-85db2da45251,749c9934-39ec-4687-9dbd-78378124d954,2026-01-30 00:35:15.000,pub_101
d9a1b664-6154-4534-8ac2-bb77aa83ee15,3f1ed2cc-0767-4665-8370-36e46f39a07e,2026-01-30 00:37:28.000,pub_318
ea5d5ef4-2462-4453-b95d-f50df89a84fb,8a176764-6f34-497d-ba92-8314ab2d7719,2026-01-30 00:38:36.000,pub_445
bed73ae1-5dd0-4a3c-a3bd-7b40d22ffdf5,6b5edc02-f930-4de2-a691-c965ad171ac9,2026-01-30 00:48:29.000,pub_445
ba3abbf4-df29-4314-bac6-7973a47fcbb1,80b7708a-f34b-4cd7-9b3d-0594a66337d5,2026-01-30 00:53:32.000,pub_512
b53fdba6-f7d6-4018-bc05-3f168de0e225,fdede5e3-9dba-4ca5-a36e-82895c4618f8,2026-01-30 01:36:31.000,pub_204
3c2b1122-3ad2-4291-b6d2-2cf1bd867974,6ecad2b7-b646-4008-9939-e26a0ffdc290,2026-01-30 01:38:37.000,pub_318
a637d30a-290e-4c66-9117-322eb38ec14f,393fc1c9-d322-4b8a-952e-5ad320900791,2026-01-30 01:44:46.000,pub_318
721bed04-571c-4e96-b8d4-fd5c664e0b8c,6b5edc02-f930-4de2-a691-c965ad171ac9,2026-01-30 01:51:39.000,pub_512
467b3a14-bb0f-4fe5-9805-dbd6fdfba9d6,3f1ed2cc-0767-4665-8370-36e46f39a07e,2026-01-30 01:56:25.000,pub_318
250bf10e-d33f-404d-b6d2-cf4b1f4a3a64,fdede5e3-9dba-4ca5-a36e-82895c4618f8,2026-01-30 02:01:13.000,pub_204
60220efc-e597-4bf3-9b20-2735e4d1e856,80b7708a-f34b-4cd7-9b3d-0594a66337d5,2026-01-30 02:15:51.000,pub_101
2e0c4219-1cc8-44c8-b217-a8e489767383,80b7708a-f34b-4cd7-9b3d-0594a66337d5,2026-01-30 02:18:07.000,pub_512
1d64af3a-d130-4736-b8f9-2e1518500582,6b5edc02-f930-4de2-a691-c965ad171ac9,2026-01-30 02:20:02.000,pub_101
fb319fb4-6d69-4b8c-9ec9-dc45585abc17,8a176764-6f34-497d-ba92-8314ab2d7719,2026-01-30 02:29:02.000,pub_318
e25aea63-f117-45cb-ba0e-2c71a6a86e85,fdede5e3-9dba-4ca5-a36e-82895c4618f8,2026-01-30 02:32:51.000,pub_512
2a1bc842-f168-4b9e-8bdd-03c0e2715f69,6b5edc02-f930-4de2-a691-c965ad171ac9,2026-01-30 02:33:23.000,pub_512
da21f663-399e-436f-8fcc-4b2ef7c1631e,3f1ed2cc-0767-4665-8370-36e46f39a07e,2026-01-30 02:43:12.000,pub_445
10e7f21b-56ba-4f0c-929b-07aacebf82ef,3f1ed2cc-0767-4665-8370-36e46f39a07e,2026-01-30 02:50:01.000,pub_101
81f23796-8558-4d75-95d3-d2f9ca3b790f,80b7708a-f34b-4cd7-9b3d-0594a66337d5,2026-01-30 02:50:34.000,pub_101
3e13e890-f781-413f-9425-43ba72bd0f9c,fdede5e3-9dba-4ca5-a36e-82895c4618f8,2026-01-30 02:53:45.000,pub_318
c46d3e02-7b4d-4c0e-846b-8bbc2cb3b9b6,3f1ed2cc-0767-4665-8370-36e46f39a07e,2026-01-30 03:02:32.000,pub_512
5605b28b-f8c4-48a8-94a0-c40a989ce80b,33c7942d-55ce-48ca-9169-a374b1f497df,2026-01-30 03:20:09.000,pub_101
79efdec5-68e2-4826-a9f1-9464b0b2296a,8a176764-6f34-497d-ba92-8314ab2d7719,2026-01-30 03:20:11.000,pub_445
e0e6cec4-33a5-4ac7-bbaf-d36a5cc1bbc2,8a176764-6f34-497d-ba92-8314ab2d7719,2026-01-30 03:30:16.000,pub_318
2b57cad5-1967-4225-9cf7-a7f7d2aab650,80b7708a-f34b-4cd7-9b3d-0594a66337d5,2026-01-30 03:33:29.000,pub_445
9b801bba-9228-4d7c-a64b-517e34283bea,80b7708a-f34b-4cd7-9b3d-0594a66337d5,2026-01-30 04:37:42.000,pub_318
b15d4cce-9d54-40a4-bb11-6c7c2e3d0973,749c9934-39ec-4687-9dbd-78378124d954,2026-01-30 04:54:52.000,pub_318
795797fe-580d-40b0-908c-123db0359c89,6b5edc02-f930-4de2-a691-c965ad171ac9,2026-01-30 04:59:05.000,pub_512
9673a153-e63a-486b-aca6-4b726ba5975b,fdede5e3-9dba-4ca5-a36e-82895c4618f8,2026-01-30 05:08:18.000,pub_204
fd2e7636-454b-45ab-bf33-6925c1f9a162,33c7942d-55ce-48ca-9169-a374b1f497df,2026-01-30 05:09:00.000,pub_204
efdf1107-2f4c-4654-baf5-29ae89588ae0,83f9bde8-6044-446e-b665-aee0bb0e656e,2026-01-30 05:24:09.000,pub_101
9a1c2430-d49b-4b2d-9890-da223cb4237a,80b7708a-f34b-4cd7-9b3d-0594a66337d5,2026-01-30 05:30:57.000,pub_512
f14d1d9d-c3f2-455c-b637-258d7e043e42,6b5edc02-f930-4de2-a691-c965ad171ac9,2026-01-30 05:33:17.000,pub_512
ab546a85-6946-4e73-80c4-13a110d86855,83f9bde8-6044-446e-b665-aee0bb0e656e,2026-01-30 05:43:13.000,pub_445
dad2f436-e37f-4bc5-b79b-af754d6519ba,6ecad2b7-b646-4008-9939-e26a0ffdc290,2026-01-30 05:50:01.000,pub_318
ea516ba3-f926-4e12-af19-9313d1ff2d17,80b7708a-f34b-4cd7-9b3d-0594a66337d5,2026-01-30 05:54:32.000,pub_204
03cd5884-e568-43f2-82d2-778f3e27ae8f,6b5edc02-f930-4de2-a691-c965ad171ac9,2026-01-30 05:55:12.000,pub_512
7c2a1408-ba8a-48bb-820e-5a4119988698,80b7708a-f34b-4cd7-9b3d-0594a66337d5,2026-01-30 05:59:30.000,pub_512
1c6c5426-8819-4945-960d-01210c617749,3f1ed2cc-0767-4665-8370-36e46f39a07e,2026-01-30 06:27:18.000,pub_101
b74d9aaa-7883-464a-9a61-95d8e99e11f2,3f1ed2cc-0767-4665-8370-36e46f39a07e,2026-01-30 06:30:50.000,pub_512
7c15350b-8f55-4e7c-ad0c-475f6a12cf05,80b7708a-f34b-4cd7-9b3d-0594a66337d5,2026-01-30 06:31:41.000,pub_512
b6f5fbaa-e49a-497f-845b-badc59ec3eb0,8a176764-6f34-497d-ba92-8314ab2d7719,2026-01-30 06:44:19.000,pub_445
a0191031-8a70-4d48-bc65-0b1f8fe0fa1c,6b5edc02-f930-4de2-a691-c965ad171ac9,2026-01-30 06:50:09.000,pub_445
3fb75936-6b20-4c65-95de-4a02c8ced95a,83f9bde8-6044-446e-b665-aee0bb0e656e,2026-01-30 06:50:24.000,pub_204
585992ff-ffa0-47eb-846d-1333762ca5fc,33c7942d-55ce-48ca-9169-a374b1f497df,2026-01-30 06:53:54.000,pub_101
4018620b-1f72-4563-9701-3bef73ed7b8d,33c7942d-55ce-48ca-9169-a374b1f497df,2026-01-30 06:55:47.000,pub_318
64a9c1b5-6cf6-4d0e-a5be-3b945caf2f28,393fc1c9-d322-4b8a-952e-5ad320900791,2026-01-30 06:58:11.000,pub_445
12fc2a33-7b97-4f8b-9b78-615b6721f7dc,33c7942d-55ce-48ca-9169-a374b1f497df,2026-01-30 07:08:39.000,pub_204
0f2aea1e-739c-4f5a-aeb5-a386bd8a7ab2,6b5edc02-f930-4de2-a691-c965ad171ac9,2026-01-30 07:15:18.000,pub_445
4b1f65f3-ae44-4710-8748-918fa3d892d9,33c7942d-55ce-48ca-9169-a374b1f497df,2026-01-30 07:15:52.000,pub_101
b111cb3f-16ae-493a-8d5d-3661862a29f0,3f1ed2cc-0767-4665-8370-36e46f39a07e,2026-01-30 07:18:58.000,pub_512
3055bf7f-67fa-4dab-891f-09fd923c9554,749c9934-39ec-4687-9dbd-78378124d954,2026-01-30 07:23:30.000,pub_318
da355e1b-0c00-42c9-be94-fa493e2adf55,6b5edc02-f930-4de2-a691-c965ad171ac9,2026-01-30 07:45:02.000,pub_204
f44733d6-ca3f-4665-acba-291ba87fe73c,fdede5e3-9dba-4ca5-a36e-82895c4618f8,2026-01-30 07:46:21.000,pub_318
d95abaad-bfd7-4a06-a546-896bda62085f,fdede5e3-9dba-4ca5-a36e-82895c4618f8,2026-01-30 07:49:03.000,pub_204
68af812d-f39d-407b-85ee-9523f03383e5,749c9934-39ec-4687-9dbd-78378124d954,2026-01-30 08:08:38.000,pub_445
efd40bf4-dbd7-4567-9c24-4389388b548a,fdede5e3-9dba-4ca5-a36e-82895c4618f8,2026-01-30 08:10:19.000,pub_445
9c3a1545-1a48-4f9f-9d8f-486da04e0127,749c9934-39ec-4687-9dbd-78378124d954,2026-01-30 08:13:26.000,pub_512
1ecef8f4-a8ae-43a3-9ee5-e0dd644662ea,83f9bde8-6044-446e-b665-aee0bb0e656e,2026-01-30 08:18:51.000,pub_318
aafb24c7-59c5-45ba-affb-fdfc0fb76795,83f9bde8-6044-446e-b665-aee0bb0e656e,2026-01-30 08:32:24.000,pub_445
be6fa507-fc72-4bfa-a173-52d6a7d15af5,749c9934-39ec-4687-9dbd-78378124d954,2026-01-30 08:36:33.000,pub_512
4a928ee3-c0ee-46f7-b241-0184a83ccfa8,80b7708a-f34b-4cd7-9b3d-0594a66337d5,2026-01-30 08:41:58.000,pub_204
ec54b5b0-e5a8-4204-b9e5-b122024480e9,83f9bde8-6044-446e-b665-aee0bb0e656e,2026-01-30 08:48:41.000,pub_204
5546b62b-c590-4eea-869b-8e4ffd76e467,6ecad2b7-b646-4008-9939-e26a0ffdc290,2026-01-30 08:49:51.000,pub_512
487fa4ac-dae3-46bf-847a-c6cc899a4507,3f1ed2cc-0767-4665-8370-36e46f39a07e,2026-01-30 08:58:00.000,pub_512
8e65833e-de23-4a66-b6c5-7c5c66ec1452,83f9bde8-6044-446e-b665-aee0bb0e656e,2026-01-30 08:58:23.000,pub_101
2f5d9b71-4e58-488f-955a-7cf713f9c0e6,393fc1c9-d322-4b8a-952e-5ad320900791,2026-01-30 08:59:11.000,pub_204
4aae01d8-d02d-4696-8744-ad32305d647d,3f1ed2cc-0767-4665-8370-36e46f39a07e,2026-01-30 09:02:16.000,pub_318
b8cb8b83-d4aa-49f0-9848-36bf89abda43,8a176764-6f34-497d-ba92-8314ab2d7719,2026-01-30 09:07:50.000,pub_204
9dbf5abe-6912-4c44-8d5e-0c35a30936bc,33c7942d-55ce-48ca-9169-a374b1f497df,2026-01-30 09:10:27.000,pub_445
db4bdd9f-90a0-4963-b03f-212530f87ee6,fdede5e3-9dba-4ca5-a36e-82895c4618f8,2026-01-30 09:19:11.000,pub_204
30d3b22f-2539-4072-803f-e92c2b5d75ee,8a176764-6f34-497d-ba92-8314ab2d7719,2026-01-30 09:24:34.000,pub_204
f83114e4-0446-4eca-9995-3fc3ba5243ac,749c9934-39ec-4687-9dbd-78378124d954,2026-01-30 09:27:59.000,pub_101
0211ab84-c119-4ac8-a378-61318e138b74,6ecad2b7-b646-4008-9939-e26a0ffdc290,2026-01-30 09:30:42.000,pub_318
35c18fb5-d2d2-488a-bf37-866e3ac97050,749c9934-39ec-4687-9dbd-78378124d954,2026-01-30 09:32:49.000,pub_204
7f8869b1-d9e1-4e53-8c67-bcfb1c6df510,8a176764-6f34-497d-ba92-8314ab2d7719,2026-01-30 09:42:10.000,pub_204
544939fa-c447-433d-9e2e-cffefd26fe4f,6ecad2b7-b646-4008-9939-e26a0ffdc290,2026-01-30 09:52:04.000,pub_204
dd6d32eb-d431-46df-82ed-4ae5c420bb1e,6ecad2b7-b646-4008-9939-e26a0ffdc290,2026-01-30 09:54:58.000,pub_512
4948751a-d941-402b-8129-2cf8b8d48b8f,6ecad2b7-b646-4008-9939-e26a0ffdc290,2026-01-30 10:11:07.000,pub_445
b913db02-d077-4617-b7de-b354a2ea1796,3f1ed2cc-0767-4665-8370-36e46f39a07e,2026-01-30 10:13:42.000,pub_318
994e1ca7-f7ba-489f-ac53-8f2ef919d7f3,8a176764-6f34-497d-ba92-8314ab2d7719,2026-01-30 10:14:11.000,pub_318
6ff7ae8c-e9d2-4d68-9ada-dd28213da1a3,33c7942d-55ce-48ca-9169-a374b1f497df,2026-01-30 10:14:22.000,pub_101
aa5db5a7-0f2d-44d8-8814-3578d5912b64,749c9934-39ec-4687-9dbd-78378124d954,2026-01-30 10:14:30.000,pub_512
3e12f2ea-6257-4043-a114-d6667d21becf,80b7708a-f34b-4cd7-9b3d-0594a66337d5,2026-01-30 10:24:40.000,pub_512
53e88720-8866-4e6c-93eb-b928c9efc015,6b5edc02-f930-4de2-a691-c965ad171ac9,2026-01-30 10:27:52.000,pub_204
e3cbac80-3084-4476-a9c5-1e7ca54a7568,8a176764-6f34-497d-ba92-8314ab2d7719,2026-01-30 10:32:59.000,pub_204
17c59bc2-7484-4037-835a-df7b592f621f,8a176764-6f34-497d-ba92-8314ab2d7719,2026-01-30 10:36:16.000,pub_204
826b017b-74cc-4486-b6da-052f6ca859ca,33c7942d-55ce-48ca-9169-a374b1f497df,2026-01-30 10:38:56.000,pub_101
57a49c63-f9ce-49fa-86ed-53316606f748,6b5edc02-f930-4de2-a691-c965ad171ac9,2026-01-30 10:40:23.000,pub_445
7625a9fe-e3a2-4b40-bd6b-0acec924c070,6ecad2b7-b646-4008-9939-e26a0ffdc290,2026-01-30 10:46:20.000,pub_101
3d7aba6d-b04b-4eed-82a6-e9d5624dd577,80b7708a-f34b-4cd7-9b3d-0594a66337d5,2026-01-30 10:46:21.000,pub_512
98f6b5d4-c34f-48e1-ae51-6f215b9ba2fc,83f9bde8-6044-446e-b665-aee0bb0e656e,2026-01-30 10:47:15.000,pub_512
91f54050-bce6-43d8-bf0a-2aab1047b0b0,749c9934-39ec-4687-9dbd-78378124d954,2026-01-30 10:48:37.000,pub_204
db12cb5f-da45-43fd-96d0-34b2ccec19f6,6b5edc02-f930-4de2-a691-c965ad171ac9,2026-01-30 10:55:48.000,pub_445
d9fe5a61-cebc-414f-ad6c-24a609459caa,83f9bde8-6044-446e-b665-aee0bb0e656e,2026-01-30 11:07:15.000,pub_512
1fe2e18a-2e9d-4d48-b99c-8f282f1a599c,749c9934-39ec-4687-9dbd-78378124d954,2026-01-30 11:10:03.000,pub_318
3c13c882-7b12-4b03-a82d-a1418c25cfda,fdede5e3-9dba-4ca5-a36e-82895c4618f8,2026-01-30 11:10:45.000,pub_512
85c6a119-872e-432c-acfb-c948924caf9c,6b5edc02-f930-4de2-a691-c965ad171ac9,2026-01-30 11:16:55.000,pub_318
45de64f0-5ce0-4d4f-a800-703b46cb1747,8a176764-6f34-497d-ba92-8314ab2d7719,2026-01-30 11:17:41.000,pub_445
eb3c562e-e09a-4f66-8556-078839aebb93,393fc1c9-d322-4b8a-952e-5ad320900791,2026-01-30 11:38:29.000,pub_445
453e61e1-c27f-4409-9b81-c6d9f511a5b0,83f9bde8-6044-446e-b665-aee0bb0e656e,2026-01-30 11:43:42.000,pub_445
86e8c686-f1cc-40a0-9e3b-b85ab7415f6e,33c7942d-55ce-48ca-9169-a374b1f497df,2026-01-30 11:45:01.000,pub_101
aae283e4-446e-4240-839e-d1ff8d9899fc,3f1ed2cc-0767-4665-8370-36e46f39a07e,2026-01-30 11:53:50.000,pub_318
0e7f07fb-424c-46c9-8a5f-2d0578efe3d7,393fc1c9-d322-4b8a-952e-5ad320900791,2026-01-30 12:17:23.000,pub_445
5886901f-9ab9-4e23-b09f-7e1f6017c7b7,393fc1c9-d322-4b8a-952e-5ad320900791,2026-01-30 12:21:09.000,pub_445
669d7f32-5013-48f6-9668-8bcf0d676edf,33c7942d-55ce-48ca-9169-a374b1f497df,2026-01-30 12:22:13.000,pub_101
37b5d1f9-472d-4d55-a902-4eedeb51a01a,393fc1c9-d322-4b8a-952e-5ad320900791,2026-01-30 12:32:51.000,pub_204
feda19de-554b-4d39-b62d-a95650bce348,33c7942d-55ce-48ca-9169-a374b1f497df,2026-01-30 12:46:19.000,pub_318
8f6989ca-0363-42fe-a4cd-3a69569ae93e,749c9934-39ec-4687-9dbd-78378124d954,2026-01-30 12:51:10.000,pub_204
fdf97248-7822-4376-a618-0eee6f8a4b7e,393fc1c9-d322-4b8a-952e-5ad320900791,2026-01-30 12:59:33.000,pub_512
0171a2e5-77af-4148-addd-0e4256e4e4a4,6b5edc02-f930-4de2-a691-c965ad171ac9,2026-01-30 13:11:25.000,pub_445
0298979f-9ebf-451c-ba60-1535235594f5,3f1ed2cc-0767-4665-8370-36e46f39a07e,2026-01-30 13:15:13.000,pub_512
83db4313-91e4-4f2d-9ce6-d4b0680ce208,3f1ed2cc-0767-4665-8370-36e46f39a07e,2026-01-30 13:20:28.000,pub_101
ac821612-074c-494c-b7d7-9dd669ba2c3b,3f1ed2cc-0767-4665-8370-36e46f39a07e,2026-01-30 13:29:32.000,pub_445
0233f3e2-d4c8-44bc-9c5d-036e39046f78,83f9bde8-6044-446e-b665-aee0bb0e656e,2026-01-30 13:30:06.000,pub_204
93a90cf1-461d-44d8-a7ea-8c12f4466228,3f1ed2cc-0767-4665-8370-36e46f39a07e,2026-01-30 13:35:41.000,pub_318
aed724cd-11b4-4949-b434-eb273e529e3d,33c7942d-55ce-48ca-9169-a374b1f497df,2026-01-30 13:54:17.000,pub_445
5f096c85-8b71-4876-9d7f-060b627fe767,33c7942d-55ce-48ca-9169-a374b1f497df,2026-01-30 14:09:00.000,pub_204
3314db8e-5e19-45a6-b4b9-c09a109fb452,393fc1c9-d322-4b8a-952e-5ad320900791,2026-01-30 14:16:17.000,pub_101
9442b47d-e374-4621-b8be-f003e463fa64,3f1ed2cc-0767-4665-8370-36e46f39a07e,2026-01-30 14:18:01.000,pub_101
65d7ea64-1c3e-4b43-9764-97a05eb9bab5,33c7942d-55ce-48ca-9169-a374b1f497df,2026-01-30 14:24:27.000,pub_445
3f323ac4-3da8-4250-91b3-a97f96d91d36,393fc1c9-d322-4b8a-952e-5ad320900791,2026-01-30 15:04:24.000,pub_204
49523bc3-c40a-454b-aa4b-c968821cc5f1,33c7942d-55ce-48ca-9169-a374b1f497df,2026-01-30 15:05:03.000,pub_512
27056a86-c210-46f4-8151-31e6a7d95df0,83f9bde8-6044-446e-b665-aee0bb0e656e,2026-01-30 15:10:07.000,pub_204
7fb2afe6-0082-4432-8ecb-cc63be40f99b,80b7708a-f34b-4cd7-9b3d-0594a66337d5,2026-01-30 15:16:02.000,pub_318
cb982180-5c21-4640-b441-6495700f9506,393fc1c9-d322-4b8a-952e-5ad320900791,2026-01-30 15:21:41.000,pub_512
6d1eac56-6632-4533-aff3-e75339aeb88a,6b5edc02-f930-4de2-a691-c965ad171ac9,2026-01-30 15:22:07.000,pub_204
c39c3242-3ed0-4135-ae31-9337a99b289f,8a176764-6f34-497d-ba92-8314ab2d7719,2026-01-30 15:23:42.000,pub_318
20cbf170-9df2-48b3-92eb-5a000f3e4ed7,3f1ed2cc-0767-4665-8370-36e46f39a07e,2026-01-30 15:34:37.000,pub_318
b6eef25a-7c69-4e43-8de4-02b6cbca5f0b,83f9bde8-6044-446e-b665-aee0bb0e656e,2026-01-30 15:59:01.000,pub_204
20004b52-57c1-462f-b402-6326dda0bb20,8a176764-6f34-497d-ba92-8314ab2d7719,2026-01-30 16:07:47.000,pub_204
47e8c83c-85d6-4133-8973-9b4b906b8744,83f9bde8-6044-446e-b665-aee0bb0e656e,2026-01-30 16:09:17.000,pub_512
9e6d1e4e-0814-4b41-befa-fe0c5565f777,80b7708a-f34b-4cd7-9b3d-0594a66337d5,2026-01-30 16:13:33.000,pub_445
d37c437b-71a9-4820-9460-ff78c95ba8bc,6ecad2b7-b646-4008-9939-e26a0ffdc290,2026-01-30 16:14:35.000,pub_445
737923fd-35db-4f02-b0a6-7820d7630ddf,749c9934-39ec-4687-9dbd-78378124d954,2026-01-30 16:17:03.000,pub_101
8bad25f1-9b8b-4368-b6fe-37f671633a97,83f9bde8-6044-446e-b665-aee0bb0e656e,2026-01-30 16:25:24.000,pub_445
2707e9ad-0f2e-410f-b3d5-423cda04311c,80b7708a-f34b-4cd7-9b3d-0594a66337d5,2026-01-30 16:25:41.000,pub_318
7f785249-2e7d-4e86-a5fa-21dcffacf0bd,6b5edc02-f930-4de2-a691-c965ad171ac9,2026-01-30 16:53:18.000,pub_318
98ae429c-9a58-4e57-b094-0a0cfe03c777,6ecad2b7-b646-4008-9939-e26a0ffdc290,2026-01-30 16:58:17.000,pub_101
3ead29ff-073c-465f-a766-8774e23507d6,83f9bde8-6044-446e-b665-aee0bb0e656e,2026-01-30 17:02:07.000,pub_204
64271d7b-eb97-400d-bc0d-800e28017945,8a176764-6f34-497d-ba92-8314ab2d7719,2026-01-30 17:05:22.000,pub_101
bc321aa6-ebde-4ae9-add5-75beb1cb14a5,3f1ed2cc-0767-4665-8370-36e46f39a07e,2026-01-30 17:17:35.000,pub_204
a682d462-4edf-4bae-bc4d-8fb80f83ff64,8a176764-6f34-497d-ba92-8314ab2d7719,2026-01-30 17:24:18.000,pub_101
3adfc8ff-f8f1-46a6-b179-004d73eb824c,3f1ed2cc-0767-4665-8370-36e46f39a07e,2026-01-30 17:24:36.000,pub_512
02096a43-f554-4c05-87db-1298b3a8e5f0,749c9934-39ec-4687-9dbd-78378124d954,2026-01-30 17:27:35.000,pub_101
577132d1-5406-496c-a19b-be89d7fc4e79,80b7708a-f34b-4cd7-9b3d-0594a66337d5,2026-01-30 17:43:18.000,pub_101
88199cc5-e22c-4acd-a441-a685aea42c8a,6ecad2b7-b646-4008-9939-e26a0ffdc290,2026-01-30 17:49:17.000,pub_101
9fb77aee-931d-4bee-b218-667680055c74,749c9934-39ec-4687-9dbd-78378124d954,2026-01-30 17:56:17.000,pub_318
243dd08d-ec19-4cc3-9570-d49238433244,83f9bde8-6044-446e-b665-aee0bb0e656e,2026-01-30 18:08:45.000,pub_204
091b109a-719d-4c95-8dc4-6a7a2763c78a,6ecad2b7-b646-4008-9939-e26a0ffdc290,2026-01-30 18:14:32.000,pub_318
07dad9a0-5748-43c9-b0c6-38fc297dfeac,749c9934-39ec-4687-9dbd-78378124d954,2026-01-30 18:17:32.000,pub_101
213b2180-1ad7-40dd-826e-0fc23d42c96e,83f9bde8-6044-446e-b665-aee0bb0e656e,2026-01-30 18:26:55.000,pub_318
ee19ac37-168b-451b-b6b1-5d8baf04be35,6b5edc02-f930-4de2-a691-c965ad171ac9,2026-01-30 18:29:50.000,pub_445
60a5e731-b5a3-4338-96ea-03501497d5d9,3f1ed2cc-0767-4665-8370-36e46f39a07e,2026-01-30 18:56:52.000,pub_445
6d2966b0-e8e5-485e-9a4d-5b898ec4950a,6b5edc02-f930-4de2-a691-c965ad171ac9,2026-01-30 19:00:48.000,pub_512
a5ec9349-5b14-474a-8abf-99fef5058caf,8a176764-6f34-497d-ba92-8314ab2d7719,2026-01-30 19:09:36.000,pub_101
ca8ff755-4081-47f2-aed6-eae10aa47b35,749c9934-39ec-4687-9dbd-78378124d954,2026-01-30 19:12:28.000,pub_204
e4c2ee5f-3158-4d51-9ec8-ce6f7f7977db,80b7708a-f34b-4cd7-9b3d-0594a66337d5,2026-01-30 19:19:18.000,pub_512
1ca4f6f8-68c1-4e48-b187-ffdd44e5d7cd,6b5edc02-f930-4de2-a691-c965ad171ac9,2026-01-30 19:21:41.000,pub_318
335e5a27-ee1a-46ed-97a6-c20e8c0507e8,6b5edc02-f930-4de2-a691-c965ad171ac9,2026-01-30 19:24:13.000,pub_204
ec341aa4-914d-4ef1-80cf-3face2662e62,3f1ed2cc-0767-4665-8370-36e46f39a07e,2026-01-30 19:30:57.000,pub_318
a00e28e1-445b-471c-8ab3-e1f94c1a024f,749c9934-39ec-4687-9dbd-78378124d954,2026-01-30 19:31:07.000,pub_204
82dadeb0-9a46-4e7a-b9ec-83558f8a9f48,393fc1c9-d322-4b8a-952e-5ad320900791,2026-01-30 19:47:06.000,pub_101
1214f2a0-2d42-4a3e-9b92-bc7fd06366e7,83f9bde8-6044-446e-b665-aee0bb0e656e,2026-01-30 19:51:13.000,pub_445
53150ba1-bbc5-47ff-9e6b-8adca7409f64,6ecad2b7-b646-4008-9939-e26a0ffdc290,2026-01-30 19:55:14.000,pub_445
535b6037-b146-4720-a29b-e50958cd2173,393fc1c9-d322-4b8a-952e-5ad320900791,2026-01-30 20:18:18.000,pub_318
75fdc7de-fd1a-46f1-9e47-0d47e08a69aa,6ecad2b7-b646-4008-9939-e26a0ffdc290,2026-01-30 20:19:35.000,pub_318
04438fe0-5993-46c3-b794-cfb57f5c0ceb,749c9934-39ec-4687-9dbd-78378124d954,2026-01-30 20:23:00.000,pub_318
532f80b5-e5f9-43c7-bb15-5b609ebc5041,8a176764-6f34-497d-ba92-8314ab2d7719,2026-01-30 20:23:40.000,pub_101
78901e5a-4c97-449e-be76-6c374719c7e7,fdede5e3-9dba-4ca5-a36e-82895c4618f8,2026-01-30 20:26:16.000,pub_204
b9488533-ab5c-4e92-a8e0-300cae8e95af,33c7942d-55ce-48ca-9169-a374b1f497df,2026-01-30 20:32:38.000,pub_101
94603996-c73d-4a59-93e3-026008d3b8fb,80b7708a-f34b-4cd7-9b3d-0594a66337d5,2026-01-30 20:35:18.000,pub_445
9ac2bf2c-cc33-4146-b896-ad8e2a8efa5e,6b5edc02-f930-4de2-a691-c965ad171ac9,2026-01-30 20:44:53.000,pub_204
a7194335-bf70-48fe-9a79-b5e92ed58a25,6ecad2b7-b646-4008-9939-e26a0ffdc290,2026-01-30 20:46:11.000,pub_318
a1823445-8353-470b-bad9-08a72b1528f3,6b5edc02-f930-4de2-a691-c965ad171ac9,2026-01-30 20:53:08.000,pub_445
0a47c7a9-1a40-4856-9a3b-0dda02ca92a9,3f1ed2cc-0767-4665-8370-36e46f39a07e,2026-01-30 21:04:59.000,pub_318
47a9d9df-ccd7-4cd7-bf56-11724e957d39,fdede5e3-9dba-4ca5-a36e-82895c4618f8,2026-01-30 21:17:16.000,pub_318
33d42a62-61ba-4b95-8c81-1b1796c1973b,fdede5e3-9dba-4ca5-a36e-82895c4618f8,2026-01-30 21:18:56.000,pub_512
a3b499bf-06fb-4ee3-8a98-ba2ff9244c28,3f1ed2cc-0767-4665-8370-36e46f39a07e,2026-01-30 21:41:03.000,pub_101
c3fa6c20-7051-42c7-ba5e-c4abc95e7a80,393fc1c9-d322-4b8a-952e-5ad320900791,2026-01-30 21:43:28.000,pub_512
cc8d8884-93de-47a6-8e9e-1ab49ebc5267,6ecad2b7-b646-4008-9939-e26a0ffdc290,2026-01-30 21:52:05.000,pub_204
009e9c64-8f47-4225-beda-4d80ff5fe4d4,749c9934-39ec-4687-9dbd-78378124d954,2026-01-30 21:56:58.000,pub_445
37947a8c-c4da-4028-bce4-0ebb01ca6bdc,6b5edc02-f930-4de2-a691-c965ad171ac9,2026-01-30 22:00:14.000,pub_445
c33ffbb1-eae4-441d-aa6f-6204a696c08b,8a176764-6f34-497d-ba92-8314ab2d7719,2026-01-30 22:03:33.000,pub_318
12485890-fe22-47f7-adb6-ef451f7d7a2e,83f9bde8-6044-446e-b665-aee0bb0e656e,2026-01-30 22:07:09.000,pub_101
48d683db-5085-4f58-aaaa-7004783fd291,749c9934-39ec-4687-9dbd-78378124d954,2026-01-30 22:09:40.000,pub_512
9fd6f655-05f7-476f-ac90-dbaa59724369,393fc1c9-d322-4b8a-952e-5ad320900791,2026-01-30 22:14:11.000,pub_204
ba9d5f8b-3268-44e5-8c18-6d28ad522906,80b7708a-f34b-4cd7-9b3d-0594a66337d5,2026-01-30 22:16:30.000,pub_318
7e94e13a-b105-41e2-b443-49d77cd80904,3f1ed2cc-0767-4665-8370-36e46f39a07e,2026-01-30 22:28:16.000,pub_204
39c27d0c-fc44-44cc-a62c-adb82fbcddc2,3f1ed2cc-0767-4665-8370-36e46f39a07e,2026-01-30 22:33:35.000,pub_318
0dd91720-6d50-4f8c-8241-9ecaa40aa7d0,749c9934-39ec-4687-9dbd-78378124d954,2026-01-30 22:37:19.000,pub_318
46334906-d06b-46f1-8689-4f6644a28ed5,fdede5e3-9dba-4ca5-a36e-82895c4618f8,2026-01-30 22:42:38.000,pub_445
1470cb64-4cf6-4ba3-bf04-22d233afccb7,393fc1c9-d322-4b8a-952e-5ad320900791,2026-01-30 22:46:45.000,pub_318
4ff4eb27-606e-4c64-8e67-4b52da029867,3f1ed2cc-0767-4665-8370-36e46f39a07e,2026-01-30 22:47:41.000,pub_318
3198396f-211e-43d9-8ff9-c7bf49b79546,8a176764-6f34-497d-ba92-8314ab2d7719,2026-01-30 23:02:30.000,pub_101
a891dd56-7291-4254-9cb2-d26ae64e7f27,8a176764-6f34-497d-ba92-8314ab2d7719,2026-01-30 23:08:16.000,pub_204
1065ac56-d878-4922-8583-98c4809b7801,fdede5e3-9dba-4ca5-a36e-82895c4618f8,2026-01-30 23:12:32.000,pub_445
21dc6ddb-43d8-4b38-b9de-95c3a2071f77,6b5edc02-f930-4de2-a691-c965ad171ac9,2026-01-30 23:30:16.000,pub_512
5acde35e-4e62-4c8c-88f3-d9ccaf7e099f,6ecad2b7-b646-4008-9939-e26a0ffdc290,2026-01-30 23:42:54.000,pub_445
a08a8950-fe34-40c6-98f3-759c205c0136,8a176764-6f34-497d-ba92-8314ab2d7719,2026-01-30 23:43:45.000,pub_445
3f900fe0-117f-4dd0-8da2-6e8fe4d24e47,6ecad2b7-b646-4008-9939-e26a0ffdc290,2026-01-30 23:57:47.000,pub_101
0fb7d4dc-092e-4c40-bedc-abe80b79fae8,80b7708a-f34b-4cd7-9b3d-0594a66337d5,2026-01-31 00:01:36.000,pub_445
491846a2-e813-4a75-bff8-7b0fc529f476,749c9934-39ec-4687-9dbd-78378124d954,2026-01-31 00:03:31.000,pub_204
c718a9db-0e76-4968-b28c-04e1278e6c18,80b7708a-f34b-4cd7-9b3d-0594a66337d5,2026-01-31 00:08:54.000,pub_101
53bae74c-d4b0-454a-9648-d8dbd8cd18b0,6b5edc02-f930-4de2-a691-c965ad171ac9,2026-01-31 00:20:56.000,pub_512
946f250a-4b24-47c2-983c-579dc8f84bc1,83f9bde8-6044-446e-b665-aee0bb0e656e,2026-01-31 00:21:31.000,pub_445
f90e6deb-9e57-4c7c-bd43-a6985134217d,8a176764-6f34-497d-ba92-8314ab2d7719,2026-01-31 00:25:54.000,pub_445
56ff4b0a-2466-4f2a-bb20-47ce09c823f1,8a176764-6f34-497d-ba92-8314ab2d7719,2026-01-31 00:33:29.000,pub_204
3cfc5d6b-dedc-4464-a84b-7a335ea31869,393fc1c9-d322-4b8a-952e-5ad320900791,2026-01-31 00:42:18.000,pub_204
4ebdec3c-3e31-411d-b3fd-415b39434c94,6ecad2b7-b646-4008-9939-e26a0ffdc290,2026-01-31 00:45:23.000,pub_204
ad29a417-87c2-4c57-b274-2ed02f605284,6b5edc02-f930-4de2-a691-c965ad171ac9,2026-01-31 01:02:35.000,pub_318
0a663ea9-9ccb-4018-aeca-90df1fca7a4c,fdede5e3-9dba-4ca5-a36e-82895c4618f8,2026-01-31 01:05:42.000,pub_318
fb2b2353-d793-4d9f-936a-0656df49b721,83f9bde8-6044-446e-b665-aee0bb0e656e,2026-01-31 01:11:57.000,pub_318
107d9ed2-30f9-4dfc-9f44-f522af0ca1da,80b7708a-f34b-4cd7-9b3d-0594a66337d5,2026-01-31 01:14:17.000,pub_101
4ed022f1-16da-4b25-b5ac-c9f2d8cf0002,3f1ed2cc-0767-4665-8370-36e46f39a07e,2026-01-31 01:23:34.000,pub_512
1af7c9ff-441b-4800-9299-78410d7b4a34,393fc1c9-d322-4b8a-952e-5ad320900791,2026-01-31 01:37:54.000,pub_101
8ee22aed-2bbf-4b4f-8522-d9424781df2d,8a176764-6f34-497d-ba92-8314ab2d7719,2026-01-31 01:39:53.000,pub_101
f1ab784f-ef66-4335-91cd-3bfcffccd9dc,80b7708a-f34b-4cd7-9b3d-0594a66337d5,2026-01-31 02:00:53.000,pub_204
980e1d37-3048-4494-93f7-d5f4c1797db2,393fc1c9-d322-4b8a-952e-5ad320900791,2026-01-31 02:10:19.000,pub_445
68100357-862b-407e-983b-a8a52baee4c4,3f1ed2cc-0767-4665-8370-36e46f39a07e,2026-01-31 02:15:34.000,pub_512
ee21e818-801c-42f2-bdec-a656ce086dee,749c9934-39ec-4687-9dbd-78378124d954,2026-01-31 02:34:34.000,pub_445
07b4e4dc-ddca-4d6d-b1dd-c09f086ea160,fdede5e3-9dba-4ca5-a36e-82895c4618f8,2026-01-31 02:52:57.000,pub_318
aa6dfaf5-fd9e-4340-ae0f-fad7106e6428,393fc1c9-d322-4b8a-952e-5ad320900791,2026-01-31 03:04:02.000,pub_101
22959d1d-4457-4c0a-b534-3b1920cf2976,749c9934-39ec-4687-9dbd-78378124d954,2026-01-31 03:07:48.000,pub_318
6c4580a8-fd50-4758-aceb-5f184643df1e,8a176764-6f34-497d-ba92-8314ab2d7719,2026-01-31 03:12:09.000,pub_318
afb66aac-f568-4791-8272-a1e356d650c5,8a176764-6f34-497d-ba92-8314ab2d7719,2026-01-31 03:27:38.000,pub_318
b6bd418b-3208-43cf-b48c-a3c1f1d2e7ee,6b5edc02-f930-4de2-a691-c965ad171ac9,2026-01-31 03:36:17.000,pub_445
51b8e4b0-7df4-421b-a447-8b13c9b5139e,8a176764-6f34-497d-ba92-8314ab2d7719,2026-01-31 03:52:53.000,pub_318
320b560b-d5b7-46ba-9323-314a46f4c997,393fc1c9-d322-4b8a-952e-5ad320900791,2026-01-31 03:54:30.000,pub_204
252974e6-80f9-4cba-8983-552457146265,749c9934-39ec-4687-9dbd-78378124d954,2026-01-31 04:08:07.000,pub_445
679dd722-497d-4441-8b5c-8542fe95f162,6b5edc02-f930-4de2-a691-c965ad171ac9,2026-01-31 04:24:26.000,pub_318
1e4adc19-62f7-44a7-a522-e8d6e761b6f4,749c9934-39ec-4687-9dbd-78378124d954,2026-01-31 04:26:57.000,pub_445
f39cf214-cf49-4c04-bb7b-dffce1a62cb6,80b7708a-f34b-4cd7-9b3d-0594a66337d5,2026-01-31 04:31:59.000,pub_445
20187ee3-5134-4854-b4b1-452659af6f0f,33c7942d-55ce-48ca-9169-a374b1f497df,2026-01-31 04:34:54.000,pub_318
76aba7bd-a0d4-46b7-a46f-10c780ecfc4e,83f9bde8-6044-446e-b665-aee0bb0e656e,2026-01-31 04:49:13.000,pub_445
1d7ff2a9-226f-4fe4-853b-39fdc2dc9f67,393fc1c9-d322-4b8a-952e-5ad320900791,2026-01-31 05:06:27.000,pub_445
cc91c2de-366b-4f7d-87b7-5ea4b2cc8a70,749c9934-39ec-4687-9dbd-78378124d954,2026-01-31 05:25:15.000,pub_445
cec51a3a-fd71-4181-936b-d2f614532792,8a176764-6f34-497d-ba92-8314ab2d7719,2026-01-31 05:29:39.000,pub_318
01d37f8e-4846-4683-adbc-fe63067beb08,80b7708a-f34b-4cd7-9b3d-0594a66337d5,2026-01-31 05:37:36.000,pub_445
226dd44a-6959-4251-8a2b-f30584fef4e0,749c9934-39ec-4687-9dbd-78378124d954,2026-01-31 05:44:37.000,pub_101
4544ada1-e69e-41c7-8a0d-8083636dfcd0,393fc1c9-d322-4b8a-952e-5ad320900791,2026-01-31 05:47:00.000,pub_512
e1ebe200-86b0-4aff-aee8-36e9cfb3c7ce,6ecad2b7-b646-4008-9939-e26a0ffdc290,2026-01-31 05:54:55.000,pub_445
32365c6f-e4fc-41c1-8469-f89d72ca7d04,3f1ed2cc-0767-4665-8370-36e46f39a07e,2026-01-31 06:07:07.000,pub_101
49ed08b3-ec7e-472e-bc5b-101274bbea9e,33c7942d-55ce-48ca-9169-a374b1f497df,2026-01-31 06:07:44.000,pub_512
2fda5143-10f8-4d57-8c0a-2f09e47ca62f,33c7942d-55ce-48ca-9169-a374b1f497df,2026-01-31 06:32:31.000,pub_445
f6eaa2f9-d588-4499-89ab-b05b6c218a81,83f9bde8-6044-446e-b665-aee0bb0e656e,2026-01-31 06:33:13.000,pub_445
da853e92-b9ef-41ce-996a-4b0f2dafeeb2,33c7942d-55ce-48ca-9169-a374b1f497df,2026-01-31 06:46:26.000,pub_512
712e0ab4-de76-4084-b591-5328bf686575,8a176764-6f34-497d-ba92-8314ab2d7719,2026-01-31 06:48:34.000,pub_512
edab45c1-b7b4-445b-9d5d-6b595f726226,33c7942d-55ce-48ca-9169-a374b1f497df,2026-01-31 06:54:25.000,pub_318
591eb69b-e355-49c7-97ae-b5df85e4dd75,8a176764-6f34-497d-ba92-8314ab2d7719,2026-01-31 06:55:10.000,pub_204
6390d54a-8a87-4224-a2f1-b3d9b9ed5b72,6ecad2b7-b646-4008-9939-e26a0ffdc290,2026-01-31 07:19:17.000,pub_318
de2e48ac-8b28-4804-b412-c5e2c0bb9d7d,83f9bde8-6044-446e-b665-aee0bb0e656e,2026-01-31 07:25:54.000,pub_512
0976bbd2-7df4-4106-84c7-086ec6f548c8,749c9934-39ec-4687-9dbd-78378124d954,2026-01-31 07:35:46.000,pub_445
477f061f-f1bb-4f33-af0d-1a6e4233568a,83f9bde8-6044-446e-b665-aee0bb0e656e,2026-01-31 07:44:56.000,pub_318
2fe29f40-abd1-44dd-a286-87c6ab8052fc,6ecad2b7-b646-4008-9939-e26a0ffdc290,2026-01-31 08:01:04.000,pub_512
641321d1-2fa3-4522-bf66-9c438fdaad5e,33c7942d-55ce-48ca-9169-a374b1f497df,2026-01-31 08:08:08.000,pub_512
df802883-b500-4aaa-8587-baf5f6c7c599,393fc1c9-d322-4b8a-952e-5ad320900791,2026-01-31 08:08:45.000,pub_445
f6cb69b2-2353-43ee-8ee8-8be0afdcbd30,33c7942d-55ce-48ca-9169-a374b1f497df,2026-01-31 08:14:43.000,pub_512
cb0efc98-bb6e-438a-82e3-5625089487cb,33c7942d-55ce-48ca-9169-a374b1f497df,2026-01-31 08:17:01.000,pub_512
afaf7fe6-869e-4c16-a7b2-b9c7d8c56ef0,80b7708a-f34b-4cd7-9b3d-0594a66337d5,2026-01-31 08:32:30.000,pub_318
ded47fc0-3b22-4fe5-98ca-faf2b5cd7819,80b7708a-f34b-4cd7-9b3d-0594a66337d5,2026-01-31 08:33:14.000,pub_204
670fd941-5b95-4592-ad3e-202d3640b067,749c9934-39ec-4687-9dbd-78378124d954,2026-01-31 08:42:14.000,pub_512
5c0e7ca7-a2a6-4337-839c-5e5fbd5a024a,3f1ed2cc-0767-4665-8370-36e46f39a07e,2026-01-31 08:45:16.000,pub_445
a4bb49c8-acb8-4348-b6b6-280cad8e2fdc,6b5edc02-f930-4de2-a691-c965ad171ac9,2026-01-31 08:46:40.000,pub_204
2ad8134a-71fa-447b-bcc6-64ef96609bca,3f1ed2cc-0767-4665-8370-36e46f39a07e,2026-01-31 08:47:20.000,pub_204
d7f453b7-754b-492a-a1cc-bc21c776e242,80b7708a-f34b-4cd7-9b3d-0594a66337d5,2026-01-31 08:54:15.000,pub_318
8813abb0-bbb7-485b-85cd-516d81c5f7a1,8a176764-6f34-497d-ba92-8314ab2d7719,2026-01-31 09:12:52.000,pub_445
f12ce214-242d-4869-84c5-d73fbb769a98,fdede5e3-9dba-4ca5-a36e-82895c4618f8,2026-01-31 09:20:12.000,pub_101
212478c2-d667-438a-8d14-4acbea46a27e,80b7708a-f34b-4cd7-9b3d-0594a66337d5,2026-01-31 09:24:42.000,pub_512
9550ec69-a696-4761-9ed7-b5c2aff8dc1f,3f1ed2cc-0767-4665-8370-36e46f39a07e,2026-01-31 09:29:24.000,pub_445
542edd57-5848-4123-aace-7e3171a49b3e,8a176764-6f34-497d-ba92-8314ab2d7719,2026-01-31 09:53:01.000,pub_204
d2aee3dd-2907-448c-a35d-7198c6fca6d0,80b7708a-f34b-4cd7-9b3d-0594a66337d5,2026-01-31 09:56:16.000,pub_512
a440e378-3015-4da6-a351-9a5d69c87d23,393fc1c9-d322-4b8a-952e-5ad320900791,2026-01-31 09:58:07.000,pub_445
2b4bdc3f-2121-475f-abd4-a5ca6caa4de2,3f1ed2cc-0767-4665-8370-36e46f39a07e,2026-01-31 10:04:15.000,pub_101
63d5ca0b-83be-45e1-9d9c-49b4d1aa98f6,393fc1c9-d322-4b8a-952e-5ad320900791,2026-01-31 10:08:35.000,pub_204
08c1e505-c814-469d-9a13-494819481934,3f1ed2cc-0767-4665-8370-36e46f39a07e,2026-01-31 10:13:35.000,pub_101
b84881c6-f72c-41be-9897-d13682837062,83f9bde8-6044-446e-b665-aee0bb0e656e,2026-01-31 10:15:32.000,pub_204
4c72d061-18af-46df-a96f-7f09dc5f59da,33c7942d-55ce-48ca-9169-a374b1f497df,2026-01-31 10:22:54.000,pub_512
5ae9aa87-4cf9-4b09-bfcc-71c7414e87af,fdede5e3-9dba-4ca5-a36e-82895c4618f8,2026-01-31 10:23:22.000,pub_445
cfacf88c-d668-4da2-80a0-869c9517c0ce,8a176764-6f34-497d-ba92-8314ab2d7719,2026-01-31 10:41:56.000,pub_512
f025832f-3089-4123-bfb3-f27f5458180e,6ecad2b7-b646-4008-9939-e26a0ffdc290,2026-01-31 10:44:29.000,pub_445
5414a287-ae2a-4408-bb7a-e2edf3b0b626,749c9934-39ec-4687-9dbd-78378124d954,2026-01-31 10:45:40.000,pub_318
305f1375-8e5f-4db3-81e1-c5c21662e243,6b5edc02-f930-4de2-a691-c965ad171ac9,2026-01-31 10:46:17.000,pub_204
5f3dee2e-f3db-435b-b023-655a1ddf7fab,3f1ed2cc-0767-4665-8370-36e46f39a07e,2026-01-31 10:47:25.000,pub_204
a29d7b30-cc6f-4963-ad76-0766c58a4145,80b7708a-f34b-4cd7-9b3d-0594a66337d5,2026-01-31 10:52:43.000,pub_318
02e9961e-710c-46f2-98b7-cd3b80f3f947,6ecad2b7-b646-4008-9939-e26a0ffdc290,2026-01-31 10:57:20.000,pub_512
8300bb55-321f-4e47-b559-e3f37aa76820,6ecad2b7-b646-4008-9939-e26a0ffdc290,2026-01-31 11:01:05.000,pub_101
01dfebe6-34dc-4771-b334-9c6b7fcb479f,6ecad2b7-b646-4008-9939-e26a0ffdc290,2026-01-31 11:01:39.000,pub_204
cac058fd-482c-4507-a050-6f995b67de59,fdede5e3-9dba-4ca5-a36e-82895c4618f8,2026-01-31 11:02:30.000,pub_101
269a65f8-1db5-4023-bbd5-5c30e6e907c5,3f1ed2cc-0767-4665-8370-36e46f39a07e,2026-01-31 11:07:43.000,pub_101
d0fe4038-484e-4e38-89b7-1bf9a26f5071,393fc1c9-d322-4b8a-952e-5ad320900791,2026-01-31 11:17:59.000,pub_512
e45c8da2-1411-4449-85f4-310f14684782,3f1ed2cc-0767-4665-8370-36e46f39a07e,2026-01-31 11:22:30.000,pub_512
84adeb40-e107-461a-969a-c1909706b480,3f1ed2cc-0767-4665-8370-36e46f39a07e,2026-01-31 11:25:40.000,pub_445
a831babc-30c0-4797-ac1b-e3378fa964a0,393fc1c9-d322-4b8a-952e-5ad320900791,2026-01-31 11:29:28.000,pub_512
78e73e8e-4b10-4bcb-9c83-6e1a49676d79,6ecad2b7-b646-4008-9939-e26a0ffdc290,2026-01-31 11:36:48.000,pub_445
5bcbab75-a6e5-489f-8efc-6d0e91b26d9a,33c7942d-55ce-48ca-9169-a374b1f497df,2026-01-31 11:40:06.000,pub_445
93766877-d48b-43c9-980c-5ca569a0a0ed,6b5edc02-f930-4de2-a691-c965ad171ac9,2026-01-31 11:42:28.000,pub_204
74d98e34-c490-4498-8ec1-82ecde2e86c8,33c7942d-55ce-48ca-9169-a374b1f497df,2026-01-31 11:46:11.000,pub_512
0ee2c4b1-8c92-4cc8-ab1c-6e50f4eeb9a1,80b7708a-f34b-4cd7-9b3d-0594a66337d5,2026-01-31 11:48:15.000,pub_445
df467175-2f23-4216-81ad-bcc7166e75f4,33c7942d-55ce-48ca-9169-a374b1f497df,2026-01-31 11:57:07.000,pub_318
7321a7e0-f32f-4be8-8373-cad57f6fb3d0,6b5edc02-f930-4de2-a691-c965ad171ac9,2026-01-31 11:58:20.000,pub_101
d9bf0c3b-d394-4bf0-81c5-3e5a8cce75e0,6b5edc02-f930-4de2-a691-c965ad171ac9,2026-01-31 12:01:05.000,pub_318
24230b60-d3ca-4c8f-b42f-92220bd4c7c6,8a176764-6f34-497d-ba92-8314ab2d7719,2026-01-31 12:05:19.000,pub_318
ca9a9b6e-a543-4939-b361-fba840148f9c,fdede5e3-9dba-4ca5-a36e-82895c4618f8,2026-01-31 12:18:31.000,pub_512
b49bc443-7a1b-4be4-b6ec-6c12e6943417,33c7942d-55ce-48ca-9169-a374b1f497df,2026-01-31 12:20:16.000,pub_512
41680514-dd8b-4cc2-9a3e-2f34d0286b23,6b5edc02-f930-4de2-a691-c965ad171ac9,2026-01-31 12:30:13.000,pub_512
0b414acf-3cac-40d2-b27b-b71e366b3206,33c7942d-55ce-48ca-9169-a374b1f497df,2026-01-31 12:58:46.000,pub_318
76f1fcd7-156f-4485-b6d6-aea05cc17194,33c7942d-55ce-48ca-9169-a374b1f497df,2026-01-31 13:08:29.000,pub_101
a8a555f6-ae8b-4cc4-9c29-e32a3e771051,83f9bde8-6044-446e-b665-aee0bb0e656e,2026-01-31 13:09:02.000,pub_445
94a9232e-c06d-4954-89d7-d3ecc2c009e9,749c9934-39ec-4687-9dbd-78378124d954,2026-01-31 13:21:04.000,pub_204
57325137-2240-40d3-9618-f774f737d2d1,393fc1c9-d322-4b8a-952e-5ad320900791,2026-01-31 13:22:22.000,pub_318
12f6ee05-bfcf-492b-a9c2-e58763761e9b,8a176764-6f34-497d-ba92-8314ab2d7719,2026-01-31 13:50:33.000,pub_101
848c14a0-4cd0-45fb-9f31-3c9169c889e4,3f1ed2cc-0767-4665-8370-36e46f39a07e,2026-01-31 14:22:52.000,pub_512
e657d8f5-931c-49e9-b960-b9854318cf50,6b5edc02-f930-4de2-a691-c965ad171ac9,2026-01-31 14:23:49.000,pub_204
ecf02b56-b847-481c-842e-47dc452d9e21,749c9934-39ec-4687-9dbd-78378124d954,2026-01-31 14:32:16.000,pub_318
134dfd95-d6d6-4bab-af98-2a32b34653b2,fdede5e3-9dba-4ca5-a36e-82895c4618f8,2026-01-31 14:43:19.000,pub_318
8d464ebc-64bc-44d1-9cd3-e9bfb21cd18e,80b7708a-f34b-4cd7-9b3d-0594a66337d5,2026-01-31 14:48:09.000,pub_445
64af8c93-5a13-4923-823c-1ca90ffdbbe8,80b7708a-f34b-4cd7-9b3d-0594a66337d5,2026-01-31 15:11:56.000,pub_512
e2d21574-ca9d-4e0d-a6b8-880bfb082f0a,8a176764-6f34-497d-ba92-8314ab2d7719,2026-01-31 15:11:56.000,pub_204
d2a9a391-5b36-46a2-aef1-6ffa332280f0,83f9bde8-6044-446e-b665-aee0bb0e656e,2026-01-31 15:18:02.000,pub_204
e201aa8f-0085-44a1-b496-eccf23ae35c0,8a176764-6f34-497d-ba92-8314ab2d7719,2026-01-31 15:19:03.000,pub_204
f1a8e118-5cfd-492b-9a39-7ddfeeee59ff,80b7708a-f34b-4cd7-9b3d-0594a66337d5,2026-01-31 15:29:12.000,pub_512
88e4bf01-c661-470e-8874-18f27d083dd7,3f1ed2cc-0767-4665-8370-36e46f39a07e,2026-01-31 15:30:39.000,pub_101
9b4df825-b64b-4906-8f17-c01958608795,6b5edc02-f930-4de2-a691-c965ad171ac9,2026-01-31 15:33:29.000,pub_512
a751787a-f1c2-4c2f-9738-9503f3c60f76,6b5edc02-f930-4de2-a691-c965ad171ac9,2026-01-31 15:48:55.000,pub_204
9e2312e9-291d-4034-8bf8-9bbdfef56850,8a176764-6f34-497d-ba92-8314ab2d7719,2026-01-31 16:01:32.000,pub_204
bb258206-dcb1-4b90-8fac-5ec6d25ec8fb,6b5edc02-f930-4de2-a691-c965ad171ac9,2026-01-31 16:21:28.000,pub_318
a7d16827-221c-402f-8997-46d5231fbad2,80b7708a-f34b-4cd7-9b3d-0594a66337d5,2026-01-31 16:33:29.000,pub_204
f12ce597-cc27-48d7-a4bd-94c5d8df7e2c,3f1ed2cc-0767-4665-8370-36e46f39a07e,2026-01-31 16:36:47.000,pub_445
c3bc14d1-7a3d-4dcf-805d-e92ca341c528,3f1ed2cc-0767-4665-8370-36e46f39a07e,2026-01-31 16:48:06.000,pub_318
decae532-131f-4cea-9657-f0015c5be627,83f9bde8-6044-446e-b665-aee0bb0e656e,2026-01-31 17:00:46.000,pub_204
3f214131-7fc9-4189-9590-fb1245fda32d,83f9bde8-6044-446e-b665-aee0bb0e656e,2026-01-31 17:08:45.000,pub_204
7db233a9-92cf-4d9e-b597-10433114acac,749c9934-39ec-4687-9dbd-78378124d954,2026-01-31 17:08:49.000,pub_101
d7df0a12-2d10-4531-9b6f-b34255215e45,3f1ed2cc-0767-4665-8370-36e46f39a07e,2026-01-31 17:13:52.000,pub_445
c6fc5009-4224-4b6b-a55b-d133be3b3056,33c7942d-55ce-48ca-9169-a374b1f497df,2026-01-31 17:23:05.000,pub_445
cdec674e-0387-481f-a19c-3ae08552b807,6ecad2b7-b646-4008-9939-e26a0ffdc290,2026-01-31 17:24:18.000,pub_445
649909ed-6dc5-47e2-9559-843cb79761f3,6b5edc02-f930-4de2-a691-c965ad171ac9,2026-01-31 17:34:47.000,pub_101
b418d3c9-91e8-4487-898d-ec425370f56d,fdede5e3-9dba-4ca5-a36e-82895c4618f8,2026-01-31 17:38:28.000,pub_318
294dc35f-f306-45e6-a646-c6647567acaa,80b7708a-f34b-4cd7-9b3d-0594a66337d5,2026-01-31 17:46:44.000,pub_445
f5cd0fac-94d9-43c7-863c-ce91fa3ec300,83f9bde8-6044-446e-b665-aee0bb0e656e,2026-01-31 17:57:37.000,pub_512
e5f5e120-666d-415d-a2a1-621e3b242524,8a176764-6f34-497d-ba92-8314ab2d7719,2026-01-31 17:58:01.000,pub_101
f8d6b393-15a5-4800-b4a8-f04a775272dc,fdede5e3-9dba-4ca5-a36e-82895c4618f8,2026-01-31 18:06:37.000,pub_445
e1ab6ae1-69ef-4ac1-9207-f4eca2576438,749c9934-39ec-4687-9dbd-78378124d954,2026-01-31 18:08:28.000,pub_445
dd5bc355-7838-4b06-a26f-4f9a5597f79b,fdede5e3-9dba-4ca5-a36e-82895c4618f8,2026-01-31 18:13:47.000,pub_101
72902aca-4244-4ce9-ae2f-70165eff9830,749c9934-39ec-4687-9dbd-78378124d954,2026-01-31 18:16:07.000,pub_318
364c3785-8225-413b-bf8a-1ca71bfd5a3b,fdede5e3-9dba-4ca5-a36e-82895c4618f8,2026-01-31 18:17:58.000,pub_512
b0031380-805c-4408-a473-db584e0737b6,6ecad2b7-b646-4008-9939-e26a0ffdc290,2026-01-31 18:23:43.000,pub_318
803e562c-a436-437f-b6ff-7ba2631e465c,393fc1c9-d322-4b8a-952e-5ad320900791,2026-01-31 18:24:14.000,pub_318
3c4299f8-1e8a-473e-b4a6-9049db743919,3f1ed2cc-0767-4665-8370-36e46f39a07e,2026-01-31 18:32:26.000,pub_318
cd5f1dcd-4d90-4f6e-9dda-5d1ae5e1d542,80b7708a-f34b-4cd7-9b3d-0594a66337d5,2026-01-31 18:32:53.000,pub_204
65abc2fc-8465-4c63-bfe7-e27deac1ee57,749c9934-39ec-4687-9dbd-78378124d954,2026-01-31 18:33:13.000,pub_101
3e51c1bd-47fe-4ccf-b2a6-a86e863bd0f3,33c7942d-55ce-48ca-9169-a374b1f497df,2026-01-31 18:48:00.000,pub_101
076faa71-f7a4-42ab-9759-7b78dc500e95,3f1ed2cc-0767-4665-8370-36e46f39a07e,2026-01-31 19:00:22.000,pub_101
996e7295-2683-4f93-a0b9-6eeb77237c5f,80b7708a-f34b-4cd7-9b3d-0594a66337d5,2026-01-31 19:02:55.000,pub_445
40d617b3-4db3-493b-a7e2-a874219bd49d,749c9934-39ec-4687-9dbd-78378124d954,2026-01-31 19:05:56.000,pub_101
4e742e70-19d5-4e51-bed1-bd1fd4709f53,393fc1c9-d322-4b8a-952e-5ad320900791,2026-01-31 19:14:33.000,pub_101
7d8ca9ad-3233-4725-98bc-121934b828e6,749c9934-39ec-4687-9dbd-78378124d954,2026-01-31 19:14:41.000,pub_101
a13736f4-7e88-452d-a32a-22fe16726694,6ecad2b7-b646-4008-9939-e26a0ffdc290,2026-01-31 19:23:53.000,pub_101
527922bc-f2fb-495e-b1f0-4364948ca2bd,80b7708a-f34b-4cd7-9b3d-0594a66337d5,2026-01-31 19:34:40.000,pub_445
037f467e-1556-4eac-90d4-85febda78451,749c9934-39ec-4687-9dbd-78378124d954,2026-01-31 19:37:58.000,pub_512
640eb32a-41f0-4fab-8825-40951366a4f9,6ecad2b7-b646-4008-9939-e26a0ffdc290,2026-01-31 19:43:14.000,pub_512
11e6c112-6b35-41fe-a79f-ee8e81a5d71a,3f1ed2cc-0767-4665-8370-36e46f39a07e,2026-01-31 19:45:00.000,pub_512
f846cb34-1a4d-45da-bef4-57bd2c7221f8,3f1ed2cc-0767-4665-8370-36e46f39a07e,2026-01-31 19:48:11.000,pub_204
e941c5a7-8cee-4c48-be56-79ba30402e5f,749c9934-39ec-4687-9dbd-78378124d954,2026-01-31 20:01:35.000,pub_318
be879399-3295-462b-8198-8dc557275643,6ecad2b7-b646-4008-9939-e26a0ffdc290,2026-01-31 20:14:25.000,pub_318
228fce1b-8a07-4fda-b48a-8cc3ea8bee40,8a176764-6f34-497d-ba92-8314ab2d7719,2026-01-31 20:20:46.000,pub_101
2ea03f1e-fad6-43e7-b330-c73684627cba,749c9934-39ec-4687-9dbd-78378124d954,2026-01-31 20:30:37.000,pub_445
5772ae30-816e-47fe-af45-7c3da2ebb079,8a176764-6f34-497d-ba92-8314ab2d7719,2026-01-31 20:31:55.000,pub_204
6c650057-5542-4212-bfdc-ef0551f55432,8a176764-6f34-497d-ba92-8314ab2d7719,2026-01-31 20:37:33.000,pub_318
84c815a0-c022-43d6-85a4-5973b275cde2,33c7942d-55ce-48ca-9169-a374b1f497df,2026-01-31 20:37:45.000,pub_204
84532f91-544e-4ba6-ae29-f4ee5a20887c,749c9934-39ec-4687-9dbd-78378124d954,2026-01-31 20:55:33.000,pub_101
dcee4907-6197-49b2-8f04-7c58ddc6ec13,3f1ed2cc-0767-4665-8370-36e46f39a07e,2026-01-31 21:08:54.000,pub_101
92945ecb-e183-4fdc-8a1f-b31b545afd27,80b7708a-f34b-4cd7-9b3d-0594a66337d5,2026-01-31 21:09:36.000,pub_204
6a646d86-1d07-4bd3-93cc-aec631162f14,80b7708a-f34b-4cd7-9b3d-0594a66337d5,2026-01-31 21:16:53.000,pub_318
50d24409-f91c-436c-8063-ce743fd5cad0,749c9934-39ec-4687-9dbd-78378124d954,2026-01-31 21:18:13.000,pub_101
a339b50e-a869-4515-ad92-04d37a923bd4,6ecad2b7-b646-4008-9939-e26a0ffdc290,2026-01-31 21:18:44.000,pub_445
b8ba9672-e9fc-425e-94b9-25b3f4bc7392,749c9934-39ec-4687-9dbd-78378124d954,2026-01-31 21:23:38.000,pub_512
1979ac87-5756-4355-acf5-d42845ece492,fdede5e3-9dba-4ca5-a36e-82895c4618f8,2026-01-31 21:29:56.000,pub_204
cd56d627-766a-4d7d-981d-91ab2b90782f,8a176764-6f34-497d-ba92-8314ab2d7719,2026-01-31 21:31:51.000,pub_445
f63f9d83-10b5-4843-9253-465f4bf97820,3f1ed2cc-0767-4665-8370-36e46f39a07e,2026-01-31 21:41:51.000,pub_318
d9ed7a3c-befc-4aab-bfd8-73e878293d5e,6b5edc02-f930-4de2-a691-c965ad171ac9,2026-01-31 21:42:48.000,pub_204
f5314a79-4ac8-470a-b637-82cdf26ceb94,749c9934-39ec-4687-9dbd-78378124d954,2026-01-31 21:51:25.000,pub_318
be83df69-5253-4a75-a2a3-e4685b8eacf8,33c7942d-55ce-48ca-9169-a374b1f497df,2026-01-31 21:52:54.000,pub_204
699e3c5e-ccfe-4fb4-9bb0-ddf7817e65d0,fdede5e3-9dba-4ca5-a36e-82895c4618f8,2026-01-31 22:02:01.000,pub_445
c5687177-0917-4b18-a0f2-22b019dde28a,6ecad2b7-b646-4008-9939-e26a0ffdc290,2026-01-31 22:24:36.000,pub_445
0190a43e-79e8-410d-9307-c407f00234f4,83f9bde8-6044-446e-b665-aee0bb0e656e,2026-01-31 22:39:10.000,pub_318
f0041c74-6573-45c8-a6f7-e77196c8ffce,fdede5e3-9dba-4ca5-a36e-82895c4618f8,2026-01-31 22:45:21.000,pub_445
88a39e9a-f9b3-4fe4-b6f9-fb0bb2c606e9,3f1ed2cc-0767-4665-8370-36e46f39a07e,2026-01-31 22:47:08.000,pub_318
4a51d686-3a34-4308-894c-d755e6bb9911,8a176764-6f34-497d-ba92-8314ab2d7719,2026-01-31 22:49:41.000,pub_204
cf941f67-9494-498d-b576-7c88fe1e0dc0,6b5edc02-f930-4de2-a691-c965ad171ac9,2026-01-31 22:59:29.000,pub_318
cb709427-d6df-4188-9a4b-c38e53293755,3f1ed2cc-0767-4665-8370-36e46f39a07e,2026-01-31 23:06:27.000,pub_101
6bfc44c9-9bef-443e-91c3-6b51eb855827,6ecad2b7-b646-4008-9939-e26a0ffdc290,2026-01-31 23:10:19.000,pub_445
fe89ae41-9f4b-45b5-982d-466a85adea40,749c9934-39ec-4687-9dbd-78378124d954,2026-01-31 23:11:15.000,pub_512
81973654-65a6-42ea-99b2-4ad989408d5c,6ecad2b7-b646-4008-9939-e26a0ffdc290,2026-01-31 23:19:22.000,pub_512
0edbc424-324a-453d-8a48-c95e41bdd4cf,393fc1c9-d322-4b8a-952e-5ad320900791,2026-01-31 23:21:15.000,pub_512
5e2b8eb8-81eb-48ea-a16f-db7dd98b30dd,393fc1c9-d322-4b8a-952e-5ad320900791,2026-01-31 23:24:33.000,pub_318
d41224f0-73bf-463a-8ac2-f9853546b476,8a176764-6f34-497d-ba92-8314ab2d7719,2026-01-31 23:25:11.000,pub_512
41dfdb8a-dff2-4812-8c18-4e8c52d546b4,3f1ed2cc-0767-4665-8370-36e46f39a07e,2026-01-31 23:32:02.000,pub_101
263f4437-d74a-404b-9b09-044942a5b805,6b5edc02-f930-4de2-a691-c965ad171ac9,2026-01-31 23:46:37.000,pub_101
